0 0.5547368421052632 0.8595317725752508 0.2768421052631579 0.14381270903010032
0 0.5768421052631579 0.8662207357859532 0.26 0.12709030100334448
0 0.024210526315789474 0.15719063545150502 0.037894736842105266 0.020066889632107024
0 0.03263157894736842 0.15217391304347827 0.04631578947368421 0.021739130434782608
0 0.015789473684210527 0.17391304347826086 0.030526315789473683 0.02508361204013378
0 0.18947368421052632 0.1605351170568562 0.05157894736842105 0.04180602006688963
0 0.010526315789473684 0.19230769230769232 0.03263157894736842 0.03678929765886288
0 0.9705263157894737 0.3177257525083612 0.029473684210526315 0.038461538461538464
0 0.37684210526315787 0.4331103678929766 0.12421052631578948 0.07023411371237458
0 0.3936842105263158 0.4331103678929766 0.12 0.06521739130434782
0 0.3778947368421053 0.44481605351170567 0.11894736842105263 0.06688963210702341
