0 0.511578947368421 0.8561872909698997 0.26210526315789473 0.1454849498327759
0 0.5136842105263157 0.8612040133779264 0.2873684210526316 0.13712374581939799
0 0.022105263157894735 0.15719063545150502 0.04105263157894737 0.020066889632107024
0 0.031578947368421054 0.15217391304347827 0.04842105263157895 0.021739130434782608
0 0.01368421052631579 0.17391304347826086 0.031578947368421054 0.02508361204013378
0 0.18947368421052632 0.1605351170568562 0.05157894736842105 0.04180602006688963
0 0.18947368421052632 0.1588628762541806 0.05578947368421053 0.051839464882943144
0 0.010526315789473684 0.19063545150501673 0.03368421052631579 0.038461538461538464
0 0.968421052631579 0.31270903010033446 0.031578947368421054 0.0451505016722408
0 0.37684210526315787 0.4331103678929766 0.12421052631578948 0.07023411371237458
0 0.3936842105263158 0.4331103678929766 0.12 0.06521739130434782
0 0.3778947368421053 0.4431438127090301 0.11894736842105263 0.06856187290969899
0 0.9831578947368421 0.5083612040133779 0.015789473684210527 0.06521739130434782
0 0.9831578947368421 0.5217391304347826 0.014736842105263158 0.06521739130434782
