0 0.7431578947368421 0.754180602006689 0.20105263157894737 0.12374581939799331
0 0.030526315789473683 0.15384615384615385 0.049473684210526316 0.023411371237458192
0 0.9357894736842105 0.3076923076923077 0.06315789473684211 0.056856187290969896
0 0.007368421052631579 0.32274247491638797 0.04421052631578947 0.056856187290969896
0 0.12210526315789473 0.3996655518394649 0.08421052631578947 0.06856187290969899
0 0.38 0.43645484949832775 0.12 0.06354515050167224
0 0.3031578947368421 0.4665551839464883 0.1031578947368421 0.07190635451505016
0 0.6852631578947368 0.4983277591973244 0.15894736842105264 0.08862876254180602
0 0.36210526315789476 0.5384615384615384 0.1336842105263158 0.08193979933110368
0 0.8894736842105263 0.5284280936454849 0.11578947368421053 0.10535117056856187
