0 0.7884210526315789 0.7441471571906354 0.19473684210526315 0.13712374581939799
0 0.030526315789473683 0.15384615384615385 0.049473684210526316 0.023411371237458192
0 0.9242105263157895 0.3076923076923077 0.07157894736842105 0.056856187290969896
0 0.007368421052631579 0.3277591973244147 0.04631578947368421 0.05518394648829431
0 0.13052631578947368 0.40635451505016723 0.08210526315789474 0.06354515050167224
0 0.38105263157894737 0.43645484949832775 0.1168421052631579 0.06354515050167224
0 0.30842105263157893 0.47324414715719065 0.10842105263157895 0.06354515050167224
0 0.7 0.4983277591973244 0.16 0.08862876254180602
0 0.9094736842105263 0.5234113712374582 0.09052631578947369 0.09364548494983277
0 0.3705263157894737 0.5418060200668896 0.14210526315789473 0.0802675585284281
