0 0.8557894736842105 0.7408026755852842 0.1431578947368421 0.13712374581939799
0 0.029473684210526315 0.15217391304347827 0.05263157894736842 0.02508361204013378
0 0.92 0.30267558528428096 0.07263157894736842 0.05852842809364549
0 0.008421052631578947 0.33444816053511706 0.04842105263157895 0.061872909698996656
0 0.14105263157894737 0.4096989966555184 0.08736842105263158 0.06354515050167224
0 0.37894736842105264 0.43478260869565216 0.1168421052631579 0.06521739130434782
0 0.33052631578947367 0.4765886287625418 0.10842105263157895 0.06688963210702341
0 0.7336842105263158 0.49665551839464883 0.1463157894736842 0.0802675585284281
0 0.9315789473684211 0.5150501672240803 0.07157894736842105 0.09698996655518395
0 0.39473684210526316 0.540133779264214 0.15157894736842106 0.08361204013377926
