0 0.6347368421052632 0.4899665551839465 0.1705263157894737 0.10367892976588629
0 0.64 0.7508361204013378 0.19789473684210526 0.12040133779264214
0 0.03263157894736842 0.15384615384615385 0.04842105263157895 0.023411371237458192
0 0.18842105263157893 0.1588628762541806 0.05789473684210526 0.051839464882943144
0 0.004210526315789474 0.31270903010033446 0.04421052631578947 0.05016722408026756
0 0.9378947368421052 0.2993311036789298 0.06526315789473684 0.07190635451505016
0 0.10421052631578948 0.3879598662207358 0.07894736842105263 0.06020066889632107
0 0.38 0.43645484949832775 0.11894736842105263 0.06521739130434782
0 0.26631578947368423 0.45484949832775917 0.09789473684210526 0.06354515050167224
0 0.30736842105263157 0.5267558528428093 0.15052631578947367 0.08528428093645485
0 0.8642105263157894 0.5384615384615384 0.12842105263157894 0.09531772575250837
