0 0.6736842105263158 0.4916387959866221 0.16105263157894736 0.10367892976588629
0 0.7157894736842105 0.7474916387959866 0.1936842105263158 0.12876254180602006
0 0.031578947368421054 0.15384615384615385 0.049473684210526316 0.023411371237458192
0 0.18842105263157893 0.15719063545150502 0.056842105263157895 0.051839464882943144
0 0.004210526315789474 0.3193979933110368 0.04631578947368421 0.051839464882943144
0 0.9357894736842105 0.3076923076923077 0.06210526315789474 0.05852842809364549
0 0.11578947368421053 0.3963210702341137 0.08315789473684211 0.06856187290969899
0 0.37684210526315787 0.43645484949832775 0.12421052631578948 0.06354515050167224
0 0.2926315789473684 0.45652173913043476 0.0968421052631579 0.07190635451505016
0 0.3452631578947368 0.5367892976588629 0.13578947368421052 0.08193979933110368
0 0.8778947368421053 0.5351170568561873 0.12526315789473685 0.09866220735785954
