0 0.6736842105263158 0.4916387959866221 0.16210526315789472 0.10367892976588629
0 0.7147368421052631 0.7474916387959866 0.19473684210526315 0.13043478260869565
0 0.031578947368421054 0.15384615384615385 0.049473684210526316 0.023411371237458192
0 0.18842105263157893 0.15719063545150502 0.056842105263157895 0.051839464882943144
0 0.004210526315789474 0.3193979933110368 0.04631578947368421 0.051839464882943144
0 0.9357894736842105 0.3076923076923077 0.06210526315789474 0.05852842809364549
0 0.1168421052631579 0.3963210702341137 0.08315789473684211 0.06856187290969899
0 0.37684210526315787 0.43645484949832775 0.1231578947368421 0.06354515050167224
0 0.2863157894736842 0.46153846153846156 0.10526315789473684 0.08695652173913043
0 0.3452631578947368 0.5367892976588629 0.13578947368421052 0.08193979933110368
0 0.8789473684210526 0.5351170568561873 0.12421052631578948 0.09866220735785954
