0 0.6568421052631579 0.4899665551839465 0.16 0.10702341137123746
0 0.6810526315789474 0.7508361204013378 0.1936842105263158 0.12709030100334448
0 0.031578947368421054 0.15384615384615385 0.04736842105263158 0.023411371237458192
0 0.18842105263157893 0.15719063545150502 0.056842105263157895 0.051839464882943144
0 0.003157894736842105 0.31605351170568563 0.04631578947368421 0.05351170568561873
0 0.9378947368421052 0.30434782608695654 0.06315789473684211 0.06521739130434782
0 0.11157894736842106 0.3896321070234114 0.08105263157894736 0.06020066889632107
0 0.38 0.43478260869565216 0.11894736842105263 0.06521739130434782
0 0.28421052631578947 0.45819397993311034 0.08947368421052632 0.06354515050167224
0 0.3157894736842105 0.5267558528428093 0.15578947368421053 0.08528428093645485
0 0.868421052631579 0.540133779264214 0.13263157894736843 0.09364548494983277
