0 0.6189473684210526 0.4983277591973244 0.17578947368421052 0.0903010033444816
0 0.6042105263157894 0.7491638795986622 0.19894736842105262 0.1254180602006689
0 0.030526315789473683 0.15217391304347827 0.05263157894736842 0.023411371237458192
0 0.00631578947368421 0.31270903010033446 0.04 0.046822742474916385
0 0.9410526315789474 0.2959866220735786 0.06210526315789474 0.07692307692307693
0 0.09789473684210526 0.38461538461538464 0.07578947368421053 0.06020066889632107
0 0.38105263157894737 0.43645484949832775 0.11894736842105263 0.06688963210702341
0 0.2578947368421053 0.451505016722408 0.09263157894736843 0.061872909698996656
0 0.29157894736842105 0.5234113712374582 0.15368421052631578 0.08528428093645485
0 0.8442105263157895 0.5434782608695652 0.14421052631578948 0.0903010033444816
