0 0.7505263157894737 0.5551839464882943 0.16526315789473683 0.11036789297658862
0 0.38 0.7625418060200669 0.17684210526315788 0.10367892976588629
0 0.031578947368421054 0.15384615384615385 0.05052631578947368 0.023411371237458192
0 0.18842105263157893 0.1588628762541806 0.056842105263157895 0.05351170568561873
0 0.005263157894736842 0.28762541806020064 0.04105263157894737 0.0451505016722408
0 0.9589473684210527 0.32441471571906355 0.03684210526315789 0.06688963210702341
0 0.07368421052631578 0.35618729096989965 0.06736842105263158 0.06521739130434782
0 0.19263157894736843 0.4280936454849498 0.09894736842105263 0.07692307692307693
0 0.37894736842105264 0.43478260869565216 0.12 0.07023411371237458
0 0.21789473684210525 0.4983277591973244 0.14105263157894737 0.08862876254180602
0 0.5284210526315789 0.5117056856187291 0.14736842105263157 0.07859531772575251
