0 0.751578947368421 0.5518394648829431 0.16421052631578947 0.11204013377926421
0 0.38 0.7591973244147158 0.17578947368421052 0.10535117056856187
0 0.031578947368421054 0.15217391304347827 0.049473684210526316 0.021739130434782608
0 0.18842105263157893 0.1588628762541806 0.056842105263157895 0.05351170568561873
0 0.005263157894736842 0.28762541806020064 0.04105263157894737 0.0451505016722408
0 0.9673684210526315 0.32441471571906355 0.029473684210526315 0.06354515050167224
0 0.07368421052631578 0.35618729096989965 0.06736842105263158 0.06521739130434782
0 0.19263157894736843 0.4280936454849498 0.09894736842105263 0.07525083612040134
0 0.3778947368421053 0.43478260869565216 0.12105263157894737 0.07023411371237458
0 0.21789473684210525 0.4983277591973244 0.14 0.08862876254180602
0 0.5273684210526316 0.5117056856187291 0.14842105263157895 0.07859531772575251
