0 0.5473684210526316 0.49498327759197325 0.16421052631578947 0.09698996655518395
0 0.7873684210526316 0.5468227424749164 0.15368421052631578 0.11538461538461539
0 0.44842105263157894 0.7525083612040134 0.19263157894736843 0.11538461538461539
0 0.031578947368421054 0.15217391304347827 0.049473684210526316 0.021739130434782608
0 0.18842105263157893 0.1588628762541806 0.056842105263157895 0.05351170568561873
0 0.968421052631579 0.32441471571906355 0.028421052631578948 0.05852842809364549
0 0.08 0.3612040133779264 0.06736842105263158 0.06521739130434782
0 0.21368421052631578 0.4297658862876254 0.09789473684210526 0.07357859531772576
0 0.3778947368421053 0.43478260869565216 0.12105263157894737 0.06856187290969899
0 0.24421052631578946 0.5066889632107023 0.13789473684210526 0.09364548494983277
