0 0.7252631578947368 0.5518394648829431 0.16526315789473683 0.11204013377926421
0 0.2968421052631579 0.7608695652173914 0.17684210526315788 0.11371237458193979
0 0.7663157894736842 0.9163879598662207 0.24210526315789474 0.07525083612040134
0 0.18736842105263157 0.1588628762541806 0.05789473684210526 0.051839464882943144
0 0.007368421052631579 0.2792642140468227 0.03894736842105263 0.0451505016722408
0 0.06421052631578947 0.3528428093645485 0.06421052631578947 0.061872909698996656
0 0.17789473684210527 0.4230769230769231 0.08526315789473685 0.07357859531772576
0 0.37894736842105264 0.43645484949832775 0.12 0.06688963210702341
0 0.1968421052631579 0.4916387959866221 0.12947368421052632 0.08193979933110368
0 0.48526315789473684 0.5133779264214047 0.15473684210526314 0.07525083612040134
