0 0.7252631578947368 0.5501672240802675 0.16421052631578947 0.11538461538461539
0 0.29578947368421055 0.7591973244147158 0.17789473684210527 0.11371237458193979
0 0.7673684210526316 0.919732441471572 0.24 0.07357859531772576
0 0.031578947368421054 0.15217391304347827 0.04736842105263158 0.021739130434782608
0 0.18736842105263157 0.1588628762541806 0.05789473684210526 0.051839464882943144
0 0.008421052631578947 0.2792642140468227 0.037894736842105266 0.0451505016722408
0 0.06421052631578947 0.35451505016722407 0.06526315789473684 0.06354515050167224
0 0.17789473684210527 0.4214046822742475 0.08736842105263158 0.07525083612040134
0 0.37894736842105264 0.43478260869565216 0.12 0.06856187290969899
0 0.19789473684210526 0.4916387959866221 0.12842105263157894 0.08361204013377926
0 0.4863157894736842 0.5133779264214047 0.15473684210526314 0.07525083612040134
