0 0.7336842105263158 0.5568561872909699 0.1694736842105263 0.10869565217391304
0 0.3368421052631579 0.7558528428093646 0.17894736842105263 0.11036789297658862
0 0.8157894736842105 0.9113712374581939 0.18947368421052632 0.08528428093645485
0 0.03263157894736842 0.15217391304347827 0.04842105263157895 0.023411371237458192
0 0.18736842105263157 0.1588628762541806 0.05789473684210526 0.05351170568561873
0 0.00631578947368421 0.28595317725752506 0.03894736842105263 0.043478260869565216
0 0.06947368421052631 0.35451505016722407 0.06631578947368422 0.06521739130434782
0 0.1863157894736842 0.42474916387959866 0.09578947368421052 0.07692307692307693
0 0.37894736842105264 0.43478260869565216 0.11894736842105263 0.06856187290969899
0 0.2168421052631579 0.49331103678929766 0.12421052631578948 0.0903010033444816
0 0.5042105263157894 0.5133779264214047 0.15368421052631578 0.07692307692307693
