0 0.9052631578947369 0.5083612040133779 0.09157894736842105 0.13377926421404682
0 0.0 0.7474916387959866 0.08736842105263158 0.13210702341137123
0 0.7989473684210526 0.7608695652173914 0.1936842105263158 0.13712374581939799
0 0.5305263157894737 0.9364548494983278 0.27789473684210525 0.06020066889632107
0 0.04736842105263158 0.32274247491638797 0.04842105263157895 0.04013377926421405
0 0.11894736842105263 0.3862876254180602 0.06947368421052631 0.06521739130434782
0 0.3757894736842105 0.43478260869565216 0.12105263157894737 0.056856187290969896
0 0.11473684210526315 0.44816053511705684 0.1031578947368421 0.08528428093645485
0 0.3473684210526316 0.49498327759197325 0.13578947368421052 0.07357859531772576
0 0.6073684210526316 0.5668896321070234 0.15157894736842106 0.07859531772575251
