0 0.9136842105263158 0.5016722408026756 0.08315789473684211 0.13879598662207357
0 0.003157894736842105 0.7491638795986622 0.13052631578947368 0.13879598662207357
0 0.8336842105263158 0.7525083612040134 0.16842105263157894 0.14381270903010032
0 0.5610526315789474 0.9331103678929766 0.3042105263157895 0.061872909698996656
0 0.014736842105263158 0.25418060200668896 0.03368421052631579 0.046822742474916385
0 0.04842105263157895 0.32608695652173914 0.04736842105263158 0.04013377926421405
0 0.3778947368421053 0.43645484949832775 0.11789473684210526 0.05351170568561873
0 0.12631578947368421 0.451505016722408 0.10105263157894737 0.08528428093645485
0 0.36526315789473685 0.4983277591973244 0.13157894736842105 0.07023411371237458
0 0.6178947368421053 0.5702341137123745 0.15368421052631578 0.07357859531772576
