0 0.6705263157894736 0.5618729096989966 0.14421052631578948 0.10367892976588629
0 0.08105263157894736 0.7491638795986622 0.1831578947368421 0.12374581939799331
0 0.9157894736842105 0.7474916387959866 0.08105263157894736 0.16220735785953178
0 0.009473684210526316 0.26588628762541805 0.03684210526315789 0.043478260869565216
0 0.049473684210526316 0.3394648829431438 0.05578947368421053 0.038461538461538464
0 0.14 0.3996655518394649 0.08 0.07525083612040134
0 0.3778947368421053 0.43645484949832775 0.12421052631578948 0.06354515050167224
0 0.15263157894736842 0.46321070234113715 0.10736842105263159 0.08862876254180602
0 0.4105263157894737 0.5 0.1431578947368421 0.07692307692307693
0 0.96 0.5033444816053512 0.037894736842105266 0.11872909698996656
0 0.7263157894736842 0.9364548494983278 0.1726315789473684 0.06354515050167224
