0 0.651578947368421 0.560200668896321 0.15263157894736842 0.11371237458193979
0 0.03263157894736842 0.7525083612040134 0.18947368421052632 0.12374581939799331
0 0.888421052631579 0.745819397993311 0.11263157894736842 0.15384615384615385
0 0.6126315789473684 0.931438127090301 0.30842105263157893 0.06521739130434782
0 0.010526315789473684 0.2625418060200669 0.03684210526315789 0.04180602006688963
0 0.05052631578947368 0.33612040133779264 0.05263157894736842 0.038461538461538464
0 0.13157894736842105 0.3979933110367893 0.07789473684210527 0.07190635451505016
0 0.37684210526315787 0.43478260869565216 0.12421052631578948 0.061872909698996656
0 0.14105263157894737 0.46153846153846156 0.11052631578947368 0.0903010033444816
0 0.39473684210526316 0.4983277591973244 0.14 0.07692307692307693
0 0.9421052631578948 0.5050167224080268 0.061052631578947365 0.12040133779264214
