0 0.002105263157894737 0.754180602006689 0.1726315789473684 0.12374581939799331
0 0.8589473684210527 0.7474916387959866 0.1431578947368421 0.15384615384615385
0 0.5936842105263158 0.9331103678929766 0.27052631578947367 0.06354515050167224
0 0.01263157894736842 0.2608695652173913 0.034736842105263156 0.04180602006688963
0 0.05157894736842105 0.3311036789297659 0.04842105263157895 0.04180602006688963
0 0.12526315789473685 0.3963210702341137 0.07684210526315789 0.06521739130434782
0 0.37894736842105264 0.43645484949832775 0.11789473684210526 0.056856187290969896
0 0.13157894736842105 0.4531772575250836 0.10736842105263159 0.08695652173913043
0 0.3726315789473684 0.49498327759197325 0.14526315789473684 0.07692307692307693
0 0.9326315789473684 0.5083612040133779 0.07263157894736842 0.11872909698996656
0 0.6389473684210526 0.568561872909699 0.15157894736842106 0.07859531772575251
