0 0.9147368421052632 0.5016722408026756 0.08210526315789474 0.13879598662207357
0 0.002105263157894737 0.7474916387959866 0.13157894736842105 0.14046822742474915
0 0.8326315789473684 0.7508361204013378 0.16842105263157894 0.1454849498327759
0 0.5589473684210526 0.9331103678929766 0.30842105263157893 0.06354515050167224
0 0.014736842105263158 0.25418060200668896 0.03368421052631579 0.046822742474916385
0 0.12105263157894737 0.391304347826087 0.07578947368421053 0.06020066889632107
0 0.37894736842105264 0.43645484949832775 0.11789473684210526 0.051839464882943144
0 0.12631578947368421 0.451505016722408 0.1 0.08528428093645485
0 0.3663157894736842 0.49665551839464883 0.13052631578947368 0.07190635451505016
0 0.6168421052631579 0.568561872909699 0.15473684210526314 0.07525083612040134
