0 0.8557894736842105 0.5267558528428093 0.1368421052631579 0.1254180602006689
0 0.6747368421052632 0.7591973244147158 0.18842105263157893 0.12876254180602006
0 0.3989473684210526 0.9264214046822743 0.27263157894736845 0.06856187290969899
0 0.018947368421052633 0.24414715719063546 0.030526315789473683 0.038461538461538464
0 0.04421052631578947 0.31270903010033446 0.04 0.03678929765886288
0 0.10105263157894737 0.3729096989966555 0.056842105263157895 0.06020066889632107
0 0.08736842105263158 0.4297658862876254 0.09052631578947369 0.07357859531772576
0 0.37894736842105264 0.4331103678929766 0.11894736842105263 0.07023411371237458
0 0.2905263157894737 0.47324414715719065 0.13473684210526315 0.07859531772575251
0 0.5442105263157895 0.5652173913043478 0.14842105263157895 0.0802675585284281
