0 0.8568421052631578 0.5267558528428093 0.1368421052631579 0.1254180602006689
0 0.6747368421052632 0.7591973244147158 0.18842105263157893 0.12876254180602006
0 0.3989473684210526 0.9264214046822743 0.2736842105263158 0.06856187290969899
0 0.018947368421052633 0.24414715719063546 0.030526315789473683 0.038461538461538464
0 0.04421052631578947 0.31270903010033446 0.04 0.03511705685618729
0 0.10105263157894737 0.3729096989966555 0.05789473684210526 0.05852842809364549
0 0.08736842105263158 0.4297658862876254 0.09052631578947369 0.07357859531772576
0 0.37894736842105264 0.43478260869565216 0.11894736842105263 0.07023411371237458
0 0.2905263157894737 0.47324414715719065 0.13473684210526315 0.07859531772575251
0 0.5452631578947369 0.5635451505016722 0.14736842105263157 0.08193979933110368
