0 0.8663157894736843 0.5183946488294314 0.13578947368421052 0.12876254180602006
0 0.6989473684210527 0.7642140468227425 0.19473684210526315 0.12374581939799331
0 0.43894736842105264 0.9280936454849499 0.2736842105263158 0.06521739130434782
0 0.018947368421052633 0.24749163879598662 0.030526315789473683 0.038461538461538464
0 0.045263157894736845 0.31605351170568563 0.04105263157894737 0.03678929765886288
0 0.10210526315789474 0.3762541806020067 0.06210526315789474 0.056856187290969896
0 0.09368421052631579 0.4297658862876254 0.09368421052631579 0.0802675585284281
0 0.37894736842105264 0.43478260869565216 0.11789473684210526 0.07023411371237458
0 0.29894736842105263 0.47324414715719065 0.1431578947368421 0.08528428093645485
0 0.5578947368421052 0.5635451505016722 0.14736842105263157 0.08193979933110368
