0 0.8905263157894737 0.5167224080267558 0.11052631578947368 0.12876254180602006
0 0.7726315789473684 0.7625418060200669 0.1957894736842105 0.13377926421404682
0 0.016842105263157894 0.2508361204013378 0.03263157894736842 0.038461538461538464
0 0.04736842105263158 0.32274247491638797 0.045263157894736845 0.03678929765886288
0 0.11263157894736842 0.38294314381270905 0.06210526315789474 0.06354515050167224
0 0.3778947368421053 0.4331103678929766 0.12 0.05518394648829431
0 0.10842105263157895 0.44481605351170567 0.09894736842105263 0.0802675585284281
0 0.3410526315789474 0.4916387959866221 0.13263157894736843 0.07357859531772576
0 0.5894736842105263 0.568561872909699 0.15368421052631578 0.07525083612040134
0 0.0 0.7575250836120402 0.03894736842105263 0.11036789297658862
0 0.54 0.939799331103679 0.18947368421052632 0.06020066889632107
