0 0.8031578947368421 0.5451505016722408 0.15578947368421053 0.11538461538461539
0 0.5336842105263158 0.754180602006689 0.1863157894736842 0.1254180602006689
0 0.02 0.23411371237458195 0.031578947368421054 0.038461538461538464
0 0.035789473684210524 0.2976588628762542 0.03894736842105263 0.03678929765886288
0 0.9178947368421052 0.30434782608695654 0.07052631578947369 0.061872909698996656
0 0.06315789473684211 0.40635451505016723 0.07894736842105263 0.07357859531772576
0 0.3778947368421053 0.4331103678929766 0.12210526315789473 0.07023411371237458
0 0.24105263157894738 0.4531772575250836 0.13894736842105262 0.08361204013377926
0 0.9389473684210526 0.4698996655518395 0.061052631578947365 0.07525083612040134
0 0.4842105263157895 0.5568561872909699 0.13894736842105262 0.07525083612040134
