0 0.8147368421052632 0.5484949832775919 0.15473684210526314 0.11538461538461539
0 0.5705263157894737 0.7558528428093646 0.18526315789473685 0.12876254180602006
0 0.28842105263157897 0.9264214046822743 0.27789473684210525 0.06688963210702341
0 0.018947368421052633 0.23578595317725753 0.031578947368421054 0.04180602006688963
0 0.037894736842105266 0.2976588628762542 0.04 0.038461538461538464
0 0.9221052631578948 0.3010033444816054 0.06421052631578947 0.061872909698996656
0 0.37894736842105264 0.4331103678929766 0.11894736842105263 0.07023411371237458
0 0.25263157894736843 0.46321070234113715 0.13157894736842105 0.08193979933110368
0 0.9452631578947368 0.47491638795986624 0.05368421052631579 0.06856187290969899
0 0.4978947368421053 0.5618729096989966 0.14210526315789473 0.07859531772575251
