0 0.7136842105263158 0.560200668896321 0.16631578947368422 0.11371237458193979
0 0.31894736842105265 0.7508361204013378 0.18105263157894738 0.11371237458193979
0 0.09368421052631579 0.9264214046822743 0.26631578947368423 0.06856187290969899
0 0.023157894736842106 0.22408026755852842 0.030526315789473683 0.03678929765886288
0 0.07473684210526316 0.33612040133779264 0.042105263157894736 0.048494983277591976
0 0.9747368421052631 0.3294314381270903 0.023157894736842106 0.05016722408026756
0 0.037894736842105266 0.38294314381270905 0.06736842105263158 0.06521739130434782
0 0.17684210526315788 0.4280936454849498 0.1168421052631579 0.08361204013377926
0 0.37684210526315787 0.4331103678929766 0.12421052631578948 0.06856187290969899
0 0.8736842105263158 0.4682274247491639 0.12421052631578948 0.09531772575250837
0 0.3778947368421053 0.5518394648829431 0.15157894736842106 0.07525083612040134
