0 0.1736842105263158 0.4230769230769231 0.10736842105263159 0.12876254180602006
0 0.7 0.5585284280936454 0.16421052631578947 0.11872909698996656
0 0.2831578947368421 0.7558528428093646 0.18105263157894738 0.11204013377926421
0 0.08105263157894736 0.9247491638795987 0.27157894736842103 0.07190635451505016
0 0.023157894736842106 0.22073578595317725 0.03263157894736842 0.038461538461538464
0 0.07368421052631578 0.3294314381270903 0.04105263157894737 0.051839464882943144
0 0.9715789473684211 0.3277591973244147 0.02631578947368421 0.05518394648829431
0 0.034736842105263156 0.3779264214046823 0.06736842105263158 0.07023411371237458
0 0.37684210526315787 0.4331103678929766 0.12421052631578948 0.07023411371237458
0 0.871578947368421 0.47157190635451507 0.11473684210526315 0.09364548494983277
0 0.36 0.5484949832775919 0.14842105263157895 0.08528428093645485
0 0.9778947368421053 0.7307692307692307 0.02 0.1588628762541806
