0 0.72 0.5568561872909699 0.17473684210526316 0.11204013377926421
0 0.35789473684210527 0.7575250836120402 0.17684210526315788 0.10869565217391304
0 0.14 0.919732441471572 0.25473684210526315 0.07692307692307693
0 0.02526315789473684 0.22408026755852842 0.029473684210526315 0.04013377926421405
0 0.9210526315789473 0.3110367892976589 0.07473684210526316 0.06354515050167224
0 0.0431578947368421 0.3879598662207358 0.06736842105263158 0.06354515050167224
0 0.37684210526315787 0.4331103678929766 0.12421052631578948 0.07023411371237458
0 0.18842105263157893 0.43645484949832775 0.11578947368421053 0.08695652173913043
0 0.8852631578947369 0.4665551839464883 0.11578947368421053 0.10033444816053512
0 0.39263157894736844 0.5518394648829431 0.15263157894736842 0.07859531772575251
