0 0.7589473684210526 0.5568561872909699 0.16210526315789472 0.10869565217391304
0 0.4305263157894737 0.754180602006689 0.17894736842105263 0.11371237458193979
0 0.022105263157894735 0.22408026755852842 0.030526315789473683 0.04180602006688963
0 0.9210526315789473 0.3093645484949833 0.07684210526315789 0.06354515050167224
0 0.04736842105263158 0.3979933110367893 0.07578947368421053 0.07190635451505016
0 0.3757894736842105 0.431438127090301 0.12526315789473685 0.07190635451505016
0 0.2063157894736842 0.44648829431438125 0.1231578947368421 0.08193979933110368
0 0.9084210526315789 0.46321070234113715 0.09263157894736843 0.09364548494983277
0 0.4326315789473684 0.5518394648829431 0.14210526315789473 0.08193979933110368
0 0.2863157894736842 0.9347826086956522 0.1031578947368421 0.06688963210702341
