0 0.6789473684210526 0.5652173913043478 0.16736842105263158 0.10367892976588629
0 0.24210526315789474 0.7558528428093646 0.1831578947368421 0.11705685618729098
0 0.9431578947368421 0.7240802675585284 0.05578947368421053 0.20735785953177258
0 0.05052631578947368 0.9247491638795987 0.2505263157894737 0.07190635451505016
0 0.023157894736842106 0.21906354515050167 0.031578947368421054 0.038461538461538464
0 0.9736842105263158 0.3294314381270903 0.02526315789473684 0.056856187290969896
0 0.031578947368421054 0.3779264214046823 0.06526315789473684 0.06354515050167224
0 0.16 0.4230769230769231 0.11578947368421053 0.08361204013377926
0 0.3757894736842105 0.431438127090301 0.12526315789473685 0.07190635451505016
0 0.8536842105263158 0.47324414715719065 0.12736842105263158 0.0903010033444816
0 0.3473684210526316 0.5451505016722408 0.1431578947368421 0.08528428093645485
0 0.9663157894736842 0.7842809364548495 0.031578947368421054 0.15217391304347827
