0 0.651578947368421 0.5083612040133779 0.16210526315789472 0.10702341137123746
0 0.4231578947368421 0.568561872909699 0.17157894736842105 0.09698996655518395
0 0.4589473684210526 0.7642140468227425 0.2094736842105263 0.1254180602006689
0 0.02736842105263158 0.19732441471571907 0.029473684210526315 0.04013377926421405
0 0.017894736842105262 0.31270903010033446 0.035789473684210524 0.046822742474916385
0 0.07368421052631578 0.35785953177257523 0.07368421052631578 0.07023411371237458
0 0.3778947368421053 0.43645484949832775 0.12210526315789473 0.06521739130434782
0 0.9778947368421053 0.45484949832775917 0.02 0.05852842809364549
0 0.14421052631578948 0.4866220735785953 0.11578947368421053 0.09531772575250837
0 0.9873684210526316 0.5267558528428093 0.010526315789473684 0.07692307692307693
