0 0.6242105263157894 0.5066889632107023 0.18105263157894738 0.09698996655518395
0 0.35157894736842105 0.7692307692307693 0.20526315789473684 0.10869565217391304
0 0.03263157894736842 0.15217391304347827 0.05052631578947368 0.026755852842809364
0 0.02631578947368421 0.1939799331103679 0.029473684210526315 0.04013377926421405
0 0.016842105263157894 0.2993311036789298 0.035789473684210524 0.056856187290969896
0 0.06842105263157895 0.34615384615384615 0.06736842105263158 0.061872909698996656
0 0.37684210526315787 0.43812709030100333 0.1231578947368421 0.06354515050167224
0 0.9589473684210527 0.4331103678929766 0.03894736842105263 0.1020066889632107
0 0.11052631578947368 0.47324414715719065 0.10842105263157895 0.0903010033444816
0 0.9642105263157895 0.5250836120401338 0.03263157894736842 0.11538461538461539
0 0.36736842105263157 0.5618729096989966 0.1568421052631579 0.09364548494983277
