0 0.3357894736842105 0.5484949832775919 0.16631578947368422 0.09364548494983277
0 0.5831578947368421 0.5050167224080268 0.16526315789473683 0.10033444816053512
0 0.2694736842105263 0.7608695652173914 0.2031578947368421 0.11538461538461539
0 0.03263157894736842 0.1505016722408027 0.049473684210526316 0.026755852842809364
0 0.18842105263157893 0.1605351170568562 0.05368421052631579 0.043478260869565216
0 0.02526315789473684 0.1939799331103679 0.030526315789473683 0.038461538461538464
0 0.017894736842105262 0.2959866220735786 0.03368421052631579 0.04013377926421405
0 0.06315789473684211 0.3394648829431438 0.06421052631578947 0.061872909698996656
0 0.37684210526315787 0.43812709030100333 0.1231578947368421 0.06354515050167224
0 0.9378947368421052 0.4431438127090301 0.06631578947368422 0.09364548494983277
0 0.09157894736842105 0.4698996655518395 0.10631578947368421 0.07692307692307693
0 0.9357894736842105 0.5 0.07157894736842105 0.12207357859531773
