0 0.5989473684210527 0.5083612040133779 0.16526315789473683 0.09698996655518395
0 0.3031578947368421 0.7675585284280937 0.2073684210526316 0.11036789297658862
0 0.031578947368421054 0.15217391304347827 0.049473684210526316 0.026755852842809364
0 0.18947368421052632 0.1605351170568562 0.05263157894736842 0.043478260869565216
0 0.02526315789473684 0.1939799331103679 0.030526315789473683 0.038461538461538464
0 0.017894736842105262 0.2993311036789298 0.03368421052631579 0.04013377926421405
0 0.06210526315789474 0.3411371237458194 0.06842105263157895 0.06020066889632107
0 0.37684210526315787 0.43812709030100333 0.12421052631578948 0.06354515050167224
0 0.9431578947368421 0.4397993311036789 0.06 0.09531772575250837
0 0.1031578947368421 0.4698996655518395 0.10210526315789474 0.08361204013377926
0 0.3568421052631579 0.5635451505016722 0.15052631578947367 0.08193979933110368
