0 0.10105263157894737 0.7642140468227425 0.21578947368421053 0.13210702341137123
0 0.03263157894736842 0.1505016722408027 0.04842105263157895 0.02508361204013378
0 0.18947368421052632 0.15719063545150502 0.056842105263157895 0.05351170568561873
0 0.024210526315789474 0.1939799331103679 0.028421052631578948 0.03678929765886288
0 0.016842105263157894 0.2809364548494983 0.03368421052631579 0.04180602006688963
0 0.06210526315789474 0.3294314381270903 0.049473684210526316 0.05016722408026756
0 0.3778947368421053 0.43645484949832775 0.12105263157894737 0.06688963210702341
0 0.06210526315789474 0.44481605351170567 0.09157894736842105 0.07525083612040134
0 0.9094736842105263 0.459866220735786 0.08947368421052632 0.0903010033444816
0 0.5347368421052632 0.5100334448160535 0.14210526315789473 0.0903010033444816
0 0.26631578947368423 0.5418060200668896 0.14947368421052631 0.09197324414715718
0 0.8873684210526316 0.5334448160535117 0.11578947368421053 0.10702341137123746
