0 0.2505263157894737 0.5250836120401338 0.15473684210526314 0.11538461538461539
0 0.05894736842105263 0.7675585284280937 0.2168421052631579 0.12876254180602006
0 0.034736842105263156 0.15384615384615385 0.0431578947368421 0.023411371237458192
0 0.015789473684210527 0.27759197324414714 0.03263157894736842 0.03511705685618729
0 0.06 0.31605351170568563 0.05052631578947368 0.05852842809364549
0 0.37684210526315787 0.43645484949832775 0.12105263157894737 0.06521739130434782
0 0.05052631578947368 0.44648829431438125 0.09473684210526316 0.07023411371237458
0 0.8968421052631579 0.46153846153846156 0.10105263157894737 0.0903010033444816
0 0.5252631578947369 0.5117056856187291 0.1368421052631579 0.08361204013377926
0 0.8747368421052631 0.5384615384615384 0.13157894736842105 0.10033444816053512
