0 0.3042105263157895 0.5451505016722408 0.15578947368421053 0.09866220735785954
0 0.5410526315789473 0.5100334448160535 0.1831578947368421 0.0903010033444816
0 0.9105263157894737 0.4983277591973244 0.08842105263157894 0.14214046822742474
0 0.17157894736842105 0.7725752508361204 0.2231578947368421 0.12709030100334448
0 0.024210526315789474 0.1956521739130435 0.028421052631578948 0.03678929765886288
0 0.015789473684210527 0.28929765886287623 0.03368421052631579 0.03678929765886288
0 0.06210526315789474 0.33444816053511706 0.05789473684210526 0.06020066889632107
0 0.3778947368421053 0.43645484949832775 0.12105263157894737 0.06521739130434782
0 0.08210526315789474 0.4531772575250836 0.09263157894736843 0.07692307692307693
0 0.9284210526315789 0.44648829431438125 0.07263157894736842 0.08862876254180602
