0 0.531578947368421 0.5066889632107023 0.1705263157894737 0.09866220735785954
0 0.13263157894736843 0.7725752508361204 0.2231578947368421 0.12207357859531773
0 0.02526315789473684 0.19230769230769232 0.029473684210526315 0.038461538461538464
0 0.015789473684210527 0.2842809364548495 0.03368421052631579 0.038461538461538464
0 0.06210526315789474 0.3294314381270903 0.05263157894736842 0.06354515050167224
0 0.3778947368421053 0.43645484949832775 0.12105263157894737 0.06521739130434782
0 0.06842105263157895 0.4498327759197324 0.09473684210526316 0.07357859531772576
0 0.9178947368421052 0.45819397993311034 0.08421052631578947 0.09197324414715718
0 0.28210526315789475 0.5468227424749164 0.1568421052631579 0.0903010033444816
0 0.9073684210526316 0.5384615384615384 0.09263157894736843 0.09698996655518395
