0 0.7894736842105263 0.560200668896321 0.16526315789473683 0.09866220735785954
0 0.031578947368421054 0.15384615384615385 0.0431578947368421 0.023411371237458192
0 0.18842105263157893 0.15719063545150502 0.05789473684210526 0.051839464882943144
0 0.022105263157894735 0.19063545150501673 0.030526315789473683 0.028428093645484948
0 0.029473684210526315 0.2140468227424749 0.031578947368421054 0.03511705685618729
0 0.018947368421052633 0.2625418060200669 0.030526315789473683 0.038461538461538464
0 0.05789473684210526 0.2976588628762542 0.04 0.043478260869565216
0 0.02 0.42642140468227424 0.07368421052631578 0.06354515050167224
0 0.37894736842105264 0.43478260869565216 0.12 0.06688963210702341
0 0.8347368421052631 0.4782608695652174 0.12210526315789473 0.08193979933110368
0 0.16210526315789472 0.5050167224080268 0.13473684210526315 0.08193979933110368
0 0.4368421052631579 0.5016722408026756 0.14736842105263157 0.07859531772575251
