0 0.8189473684210526 0.5568561872909699 0.15157894736842106 0.10367892976588629
0 0.03263157894736842 0.15217391304347827 0.042105263157894736 0.023411371237458192
0 0.18736842105263157 0.15719063545150502 0.05789473684210526 0.051839464882943144
0 0.02526315789473684 0.1939799331103679 0.029473684210526315 0.030100334448160536
0 0.030526315789473683 0.2157190635451505 0.030526315789473683 0.033444816053511704
0 0.018947368421052633 0.26755852842809363 0.030526315789473683 0.03678929765886288
0 0.056842105263157895 0.3076923076923077 0.045263157894736845 0.046822742474916385
0 0.028421052631578948 0.4280936454849498 0.08210526315789474 0.06688963210702341
0 0.3757894736842105 0.43645484949832775 0.1231578947368421 0.06688963210702341
0 0.8578947368421053 0.47157190635451507 0.11894736842105263 0.08528428093645485
0 0.19052631578947368 0.5167224080267558 0.13263157894736843 0.08193979933110368
0 0.4673684210526316 0.5167224080267558 0.1463157894736842 0.07692307692307693
0 0.0010526315789473684 0.7859531772575251 0.12421052631578948 0.11036789297658862
