0 0.8042105263157895 0.5551839464882943 0.16 0.1020066889632107
0 0.0 0.7575250836120402 0.07894736842105263 0.15217391304347827
0 0.03263157894736842 0.15217391304347827 0.042105263157894736 0.023411371237458192
0 0.18736842105263157 0.15719063545150502 0.05789473684210526 0.051839464882943144
0 0.024210526315789474 0.19230769230769232 0.029473684210526315 0.028428093645484948
0 0.030526315789473683 0.2140468227424749 0.030526315789473683 0.033444816053511704
0 0.018947368421052633 0.26421404682274247 0.031578947368421054 0.038461538461538464
0 0.05578947368421053 0.30267558528428096 0.04421052631578947 0.048494983277591976
0 0.021052631578947368 0.42474916387959866 0.08105263157894736 0.07357859531772576
0 0.3778947368421053 0.43478260869565216 0.12210526315789473 0.06856187290969899
0 0.8505263157894737 0.47157190635451507 0.11473684210526315 0.08528428093645485
0 0.46210526315789474 0.5050167224080268 0.13789473684210526 0.06856187290969899
0 0.17157894736842105 0.5117056856187291 0.14210526315789473 0.08695652173913043
