0 -0.002105263157894737 0.7759197324414716 0.16736842105263158 0.12207357859531773
0 0.034736842105263156 0.15217391304347827 0.04 0.023411371237458192
0 0.18736842105263157 0.15719063545150502 0.05789473684210526 0.051839464882943144
0 0.02526315789473684 0.1939799331103679 0.029473684210526315 0.03177257525083612
0 0.031578947368421054 0.2140468227424749 0.028421052631578948 0.03177257525083612
0 0.018947368421052633 0.2692307692307692 0.030526315789473683 0.03511705685618729
0 0.05789473684210526 0.3110367892976589 0.04421052631578947 0.0451505016722408
0 0.035789473684210524 0.42642140468227424 0.08315789473684211 0.07859531772575251
0 0.37684210526315787 0.43645484949832775 0.12421052631578948 0.06521739130434782
0 0.8747368421052631 0.4682274247491639 0.10421052631578948 0.08193979933110368
0 0.2063157894736842 0.5234113712374582 0.1431578947368421 0.08193979933110368
0 0.4831578947368421 0.5117056856187291 0.15052631578947367 0.0802675585284281
0 0.8378947368421052 0.5518394648829431 0.15157894736842106 0.08695652173913043
