0 -0.002105263157894737 0.7759197324414716 0.16631578947368422 0.12207357859531773
0 0.034736842105263156 0.1505016722408027 0.04 0.02508361204013378
0 0.18736842105263157 0.15719063545150502 0.05789473684210526 0.051839464882943144
0 0.02631578947368421 0.1939799331103679 0.028421052631578948 0.033444816053511704
0 0.031578947368421054 0.2140468227424749 0.028421052631578948 0.03177257525083612
0 0.018947368421052633 0.2692307692307692 0.030526315789473683 0.03511705685618729
0 0.056842105263157895 0.31270903010033446 0.045263157894736845 0.043478260869565216
0 0.03684210526315789 0.4280936454849498 0.08210526315789474 0.07692307692307693
0 0.3778947368421053 0.43645484949832775 0.12210526315789473 0.06521739130434782
0 0.8757894736842106 0.4682274247491639 0.10421052631578948 0.08193979933110368
0 0.20526315789473684 0.5234113712374582 0.1431578947368421 0.08193979933110368
0 0.4842105263157895 0.5117056856187291 0.15157894736842106 0.0802675585284281
0 0.8378947368421052 0.5518394648829431 0.15157894736842106 0.08528428093645485
