0 0.016842105263157894 0.17892976588628762 0.030526315789473683 0.028428093645484948
0 0.18736842105263157 0.15719063545150502 0.05789473684210526 0.05351170568561873
0 0.021052631578947368 0.19063545150501673 0.030526315789473683 0.028428093645484948
0 0.018947368421052633 0.2491638795986622 0.030526315789473683 0.03177257525083612
0 0.05473684210526316 0.28762541806020064 0.0431578947368421 0.038461538461538464
0 0.00631578947368421 0.40301003344481606 0.05368421052631579 0.061872909698996656
0 0.38 0.43645484949832775 0.11578947368421053 0.05518394648829431
0 0.10210526315789474 0.4782608695652174 0.12736842105263158 0.08528428093645485
0 0.3726315789473684 0.49331103678929766 0.13578947368421052 0.07525083612040134
0 0.7768421052631579 0.49331103678929766 0.13263157894736843 0.07692307692307693
0 0.7210526315789474 0.5752508361204013 0.14736842105263157 0.07525083612040134
