0 0.018947368421052633 0.1806020066889632 0.029473684210526315 0.026755852842809364
0 0.18736842105263157 0.15719063545150502 0.05789473684210526 0.05351170568561873
0 0.021052631578947368 0.19063545150501673 0.031578947368421054 0.03177257525083612
0 0.018947368421052633 0.2508361204013378 0.030526315789473683 0.03177257525083612
0 0.056842105263157895 0.28929765886287623 0.04105263157894737 0.038461538461538464
0 0.007368421052631579 0.40468227424749165 0.05894736842105263 0.06688963210702341
0 0.38 0.43645484949832775 0.11578947368421053 0.05852842809364549
0 0.11789473684210526 0.4899665551839465 0.12 0.08528428093645485
0 0.39052631578947367 0.49665551839464883 0.13157894736842105 0.07023411371237458
0 0.7905263157894736 0.4899665551839465 0.12842105263157894 0.0802675585284281
0 0.7326315789473684 0.5752508361204013 0.15578947368421053 0.07859531772575251
