0 0.031578947368421054 0.15384615384615385 0.0431578947368421 0.023411371237458192
0 0.18736842105263157 0.15719063545150502 0.05789473684210526 0.051839464882943144
0 0.023157894736842106 0.19063545150501673 0.030526315789473683 0.028428093645484948
0 0.028421052631578948 0.2140468227424749 0.03263157894736842 0.03678929765886288
0 0.018947368421052633 0.2591973244147157 0.031578947368421054 0.04180602006688963
0 0.05789473684210526 0.2959866220735786 0.04 0.043478260869565216
0 0.017894736842105262 0.4180602006688963 0.07052631578947369 0.07190635451505016
0 0.37894736842105264 0.43478260869565216 0.12 0.06521739130434782
0 0.8263157894736842 0.4782608695652174 0.12 0.08361204013377926
0 0.14210526315789473 0.5016722408026756 0.1463157894736842 0.08862876254180602
0 0.4336842105263158 0.4983277591973244 0.13789473684210526 0.07859531772575251
0 0.783157894736842 0.5702341137123745 0.15473684210526314 0.08193979933110368
