0 0.018947368421052633 0.15217391304347827 0.045263157894736845 0.023411371237458192
0 0.18842105263157893 0.15719063545150502 0.056842105263157895 0.051839464882943144
0 0.02 0.18729096989966554 0.031578947368421054 0.03177257525083612
0 0.017894736842105262 0.2525083612040134 0.031578947368421054 0.033444816053511704
0 0.05578947368421053 0.2909698996655518 0.042105263157894736 0.038461538461538464
0 0.010526315789473684 0.41304347826086957 0.06210526315789474 0.05852842809364549
0 0.37894736842105264 0.43645484949832775 0.11894736842105263 0.06020066889632107
0 0.12210526315789473 0.49665551839464883 0.1336842105263158 0.08528428093645485
0 0.3968421052631579 0.4983277591973244 0.14210526315789473 0.07023411371237458
0 0.8031578947368421 0.4866220735785953 0.12631578947368421 0.08361204013377926
0 0.751578947368421 0.5719063545150501 0.16 0.07859531772575251
