0 0.03263157894736842 0.15217391304347827 0.042105263157894736 0.021739130434782608
0 0.18736842105263157 0.15719063545150502 0.05789473684210526 0.051839464882943144
0 0.024210526315789474 0.19063545150501673 0.029473684210526315 0.028428093645484948
0 0.029473684210526315 0.2140468227424749 0.031578947368421054 0.03511705685618729
0 0.018947368421052633 0.2591973244147157 0.031578947368421054 0.043478260869565216
0 0.05789473684210526 0.2959866220735786 0.04 0.04180602006688963
0 0.018947368421052633 0.4180602006688963 0.06947368421052631 0.07190635451505016
0 0.37894736842105264 0.43478260869565216 0.12 0.06521739130434782
0 0.8242105263157895 0.4782608695652174 0.12105263157894737 0.08361204013377926
0 0.14210526315789473 0.5016722408026756 0.1463157894736842 0.08862876254180602
0 0.43473684210526314 0.4983277591973244 0.1368421052631579 0.0802675585284281
0 0.7842105263157895 0.5702341137123745 0.15368421052631578 0.08193979933110368
