0 0.017894736842105262 0.1505016722408027 0.045263157894736845 0.021739130434782608
0 0.016842105263157894 0.17892976588628762 0.030526315789473683 0.028428093645484948
0 0.18842105263157893 0.15719063545150502 0.056842105263157895 0.05351170568561873
0 0.022105263157894735 0.19063545150501673 0.030526315789473683 0.028428093645484948
0 0.018947368421052633 0.2491638795986622 0.030526315789473683 0.03177257525083612
0 0.056842105263157895 0.28762541806020064 0.042105263157894736 0.038461538461538464
0 0.00631578947368421 0.40301003344481606 0.05368421052631579 0.061872909698996656
0 0.37894736842105264 0.43645484949832775 0.1168421052631579 0.05518394648829431
0 0.10631578947368421 0.48327759197324416 0.12105263157894737 0.09197324414715718
0 0.3736842105263158 0.49331103678929766 0.13473684210526315 0.07692307692307693
0 0.7757894736842105 0.49331103678929766 0.13263157894736843 0.07692307692307693
0 0.72 0.5752508361204013 0.14842105263157895 0.07525083612040134
