0 0.18736842105263157 0.15719063545150502 0.05789473684210526 0.051839464882943144
0 0.022105263157894735 0.18729096989966554 0.031578947368421054 0.03177257525083612
0 0.02 0.25752508361204013 0.030526315789473683 0.038461538461538464
0 0.05578947368421053 0.2909698996655518 0.042105263157894736 0.0451505016722408
0 0.010526315789473684 0.411371237458194 0.07157894736842105 0.06521739130434782
0 0.37894736842105264 0.43478260869565216 0.12 0.06354515050167224
0 0.8221052631578948 0.4782608695652174 0.11473684210526315 0.08361204013377926
0 0.13157894736842105 0.5033444816053512 0.14 0.08193979933110368
0 0.4147368421052632 0.4983277591973244 0.14105263157894737 0.07525083612040134
0 0.7684210526315789 0.568561872909699 0.15052631578947367 0.07859531772575251
