0 0.014736842105263158 0.17892976588628762 0.03263157894736842 0.030100334448160536
0 0.18736842105263157 0.15719063545150502 0.05789473684210526 0.05351170568561873
0 0.021052631578947368 0.19230769230769232 0.031578947368421054 0.030100334448160536
0 0.02 0.24581939799331104 0.030526315789473683 0.03177257525083612
0 0.056842105263157895 0.2809364548494983 0.03894736842105263 0.04180602006688963
0 0.002105263157894737 0.391304347826087 0.049473684210526316 0.056856187290969896
0 0.37684210526315787 0.43645484949832775 0.12105263157894737 0.056856187290969896
0 0.08315789473684211 0.47324414715719065 0.11789473684210526 0.09364548494983277
0 0.34842105263157896 0.4899665551839465 0.13052631578947368 0.0802675585284281
0 0.7442105263157894 0.49331103678929766 0.13894736842105262 0.08193979933110368
0 0.68 0.5785953177257525 0.16 0.07859531772575251
