0 0.01263157894736842 0.17725752508361203 0.034736842105263156 0.033444816053511704
0 0.18736842105263157 0.1588628762541806 0.05894736842105263 0.05351170568561873
0 0.018947368421052633 0.24414715719063546 0.030526315789473683 0.033444816053511704
0 0.05789473684210526 0.2692307692307692 0.037894736842105266 0.043478260869565216
0 0.002105263157894737 0.39464882943143814 0.04736842105263158 0.048494983277591976
0 0.3778947368421053 0.43645484949832775 0.12210526315789473 0.05852842809364549
0 0.07473684210526316 0.4682274247491639 0.11052631578947368 0.08528428093645485
0 0.34210526315789475 0.479933110367893 0.12631578947368421 0.07692307692307693
0 0.7347368421052631 0.49498327759197325 0.13894736842105262 0.08193979933110368
0 0.6652631578947369 0.5752508361204013 0.1568421052631579 0.08361204013377926
