0 0.015789473684210527 0.17892976588628762 0.031578947368421054 0.028428093645484948
0 0.18736842105263157 0.1588628762541806 0.05789473684210526 0.05351170568561873
0 0.021052631578947368 0.19063545150501673 0.031578947368421054 0.030100334448160536
0 0.02 0.24749163879598662 0.030526315789473683 0.03177257525083612
0 0.05473684210526316 0.2826086956521739 0.0431578947368421 0.04180602006688963
0 0.005263157894736842 0.3979933110367893 0.05157894736842105 0.06521739130434782
0 0.38 0.43645484949832775 0.11578947368421053 0.056856187290969896
0 0.09578947368421052 0.4765886287625418 0.11578947368421053 0.0903010033444816
0 0.3663157894736842 0.4899665551839465 0.12421052631578948 0.08193979933110368
0 0.7631578947368421 0.49331103678929766 0.1336842105263158 0.0802675585284281
0 0.7042105263157895 0.5752508361204013 0.15578947368421053 0.08361204013377926
