0 0.035789473684210524 0.15384615384615385 0.04 0.021739130434782608
0 0.01368421052631579 0.17725752508361203 0.031578947368421054 0.030100334448160536
0 0.18736842105263157 0.15719063545150502 0.05789473684210526 0.051839464882943144
0 0.022105263157894735 0.1956521739130435 0.028421052631578948 0.028428093645484948
0 0.021052631578947368 0.24247491638795987 0.028421052631578948 0.033444816053511704
0 0.05789473684210526 0.26755852842809363 0.03894736842105263 0.033444816053511704
0 0.003157894736842105 0.3862876254180602 0.03368421052631579 0.05016722408026756
0 0.38 0.43478260869565216 0.11894736842105263 0.06856187290969899
0 0.061052631578947365 0.45652173913043476 0.1031578947368421 0.07859531772575251
0 0.9652631578947368 0.43645484949832775 0.03263157894736842 0.08862876254180602
0 0.31473684210526315 0.47324414715719065 0.12736842105263158 0.08528428093645485
0 0.708421052631579 0.4983277591973244 0.1431578947368421 0.08193979933110368
0 0.628421052631579 0.5769230769230769 0.16 0.0802675585284281
