0 0.8789473684210526 0.7441471571906354 0.12631578947368421 0.1588628762541806
0 0.034736842105263156 0.15384615384615385 0.042105263157894736 0.023411371237458192
0 0.18736842105263157 0.1588628762541806 0.05789473684210526 0.05016722408026756
0 0.021052631578947368 0.22073578595317725 0.028421052631578948 0.033444816053511704
0 0.024210526315789474 0.2408026755852843 0.02736842105263158 0.03177257525083612
0 0.05789473684210526 0.26421404682274247 0.042105263157894736 0.033444816053511704
0 0.38105263157894737 0.4331103678929766 0.1168421052631579 0.06856187290969899
0 0.03263157894736842 0.4431438127090301 0.08842105263157894 0.07357859531772576
0 0.9389473684210526 0.4280936454849498 0.06421052631578947 0.11204013377926421
0 0.27052631578947367 0.45819397993311034 0.1168421052631579 0.09197324414715718
0 0.6463157894736842 0.5050167224080268 0.14210526315789473 0.0802675585284281
0 0.5494736842105263 0.5752508361204013 0.16 0.08361204013377926
