0 0.8789473684210526 0.7441471571906354 0.12631578947368421 0.1605351170568562
0 0.034736842105263156 0.15384615384615385 0.04105263157894737 0.021739130434782608
0 0.18736842105263157 0.15719063545150502 0.05789473684210526 0.051839464882943144
0 0.021052631578947368 0.22073578595317725 0.028421052631578948 0.033444816053511704
0 0.024210526315789474 0.2408026755852843 0.02736842105263158 0.033444816053511704
0 0.056842105263157895 0.2625418060200669 0.0431578947368421 0.033444816053511704
0 0.38105263157894737 0.4331103678929766 0.1168421052631579 0.06856187290969899
0 0.03263157894736842 0.4431438127090301 0.08842105263157894 0.07357859531772576
0 0.9389473684210526 0.4280936454849498 0.06421052631578947 0.11204013377926421
0 0.27052631578947367 0.45819397993311034 0.1168421052631579 0.09197324414715718
0 0.6463157894736842 0.5033444816053512 0.14210526315789473 0.08193979933110368
0 0.5484210526315789 0.5752508361204013 0.15894736842105264 0.08361204013377926
