0 0.9126315789473685 0.7357859531772575 0.0863157894736842 0.17224080267558528
0 0.035789473684210524 0.15217391304347827 0.04 0.023411371237458192
0 0.18736842105263157 0.15719063545150502 0.05894736842105263 0.051839464882943144
0 0.023157894736842106 0.22073578595317725 0.02736842105263158 0.03177257525083612
0 0.056842105263157895 0.26421404682274247 0.042105263157894736 0.03177257525083612
0 0.37894736842105264 0.4331103678929766 0.12 0.06856187290969899
0 0.035789473684210524 0.44816053511705684 0.09473684210526316 0.07357859531772576
0 0.9547368421052631 0.43478260869565216 0.04421052631578947 0.10033444816053512
0 0.27473684210526317 0.46321070234113715 0.1231578947368421 0.08695652173913043
0 0.6673684210526316 0.5016722408026756 0.14 0.08695652173913043
0 0.5715789473684211 0.5769230769230769 0.15894736842105264 0.08193979933110368
