0 0.035789473684210524 0.15217391304347827 0.03894736842105263 0.021739130434782608
0 0.18736842105263157 0.15719063545150502 0.05789473684210526 0.051839464882943144
0 0.023157894736842106 0.22240802675585283 0.02736842105263158 0.030100334448160536
0 0.022105263157894735 0.2408026755852843 0.028421052631578948 0.033444816053511704
0 0.05789473684210526 0.26421404682274247 0.04 0.03177257525083612
0 0.38105263157894737 0.4331103678929766 0.11789473684210526 0.06856187290969899
0 0.04105263157894737 0.4531772575250836 0.09789473684210526 0.06856187290969899
0 0.9589473684210527 0.43645484949832775 0.04 0.09698996655518395
0 0.2810526315789474 0.46488294314381273 0.12736842105263158 0.09197324414715718
0 0.6778947368421052 0.5016722408026756 0.13473684210526315 0.08361204013377926
0 0.5863157894736842 0.5785953177257525 0.1631578947368421 0.07859531772575251
