0 0.7757894736842105 0.7608695652173914 0.21157894736842106 0.13712374581939799
0 0.034736842105263156 0.15384615384615385 0.04105263157894737 0.021739130434782608
0 0.18736842105263157 0.1588628762541806 0.05789473684210526 0.05016722408026756
0 0.021052631578947368 0.22240802675585283 0.028421052631578948 0.030100334448160536
0 0.06210526315789474 0.24581939799331104 0.03368421052631579 0.033444816053511704
0 0.01368421052631579 0.4280936454849498 0.08210526315789474 0.06521739130434782
0 0.37894736842105264 0.43478260869565216 0.12 0.06856187290969899
0 0.23157894736842105 0.44816053511705684 0.11789473684210526 0.07692307692307693
0 0.9189473684210526 0.45652173913043476 0.08105263157894736 0.09364548494983277
0 0.6094736842105263 0.5050167224080268 0.13894736842105262 0.07859531772575251
0 0.4842105263157895 0.5752508361204013 0.15894736842105264 0.0802675585284281
