0 0.7768421052631579 0.7608695652173914 0.21052631578947367 0.1354515050167224
0 0.034736842105263156 0.15384615384615385 0.04105263157894737 0.023411371237458192
0 0.18736842105263157 0.1588628762541806 0.05789473684210526 0.05016722408026756
0 0.021052631578947368 0.22073578595317725 0.028421052631578948 0.03177257525083612
0 0.06210526315789474 0.24581939799331104 0.03368421052631579 0.033444816053511704
0 0.01263157894736842 0.4297658862876254 0.08315789473684211 0.06688963210702341
0 0.3778947368421053 0.43478260869565216 0.12105263157894737 0.06856187290969899
0 0.23157894736842105 0.44816053511705684 0.1168421052631579 0.07692307692307693
0 0.9189473684210526 0.45652173913043476 0.08210526315789474 0.09364548494983277
0 0.6094736842105263 0.5050167224080268 0.13789473684210526 0.07859531772575251
0 0.48526315789473684 0.5752508361204013 0.15789473684210525 0.0802675585284281
