0 0.7347368421052631 0.7625418060200669 0.2168421052631579 0.13043478260869565
0 0.034736842105263156 0.15384615384615385 0.04105263157894737 0.023411371237458192
0 0.18736842105263157 0.1588628762541806 0.05789473684210526 0.05016722408026756
0 0.023157894736842106 0.22240802675585283 0.02736842105263158 0.028428093645484948
0 0.06210526315789474 0.24414715719063546 0.03368421052631579 0.03177257525083612
0 0.01368421052631579 0.4214046822742475 0.07578947368421053 0.06856187290969899
0 0.37894736842105264 0.43478260869565216 0.12 0.07023411371237458
0 0.22736842105263158 0.44648829431438125 0.10631578947368421 0.07692307692307693
0 0.911578947368421 0.45652173913043476 0.08842105263157894 0.09364548494983277
0 0.5947368421052631 0.5066889632107023 0.14105263157894737 0.0802675585284281
0 0.46842105263157896 0.5735785953177257 0.15157894736842106 0.0802675585284281
