0 0.5863157894736842 0.7608695652173914 0.21368421052631578 0.12709030100334448
0 0.18736842105263157 0.15719063545150502 0.05789473684210526 0.051839464882943144
0 0.018947368421052633 0.19732441471571907 0.030526315789473683 0.033444816053511704
0 0.024210526315789474 0.21906354515050167 0.02631578947368421 0.030100334448160536
0 0.06421052631578947 0.225752508361204 0.031578947368421054 0.033444816053511704
0 0.0 0.40301003344481606 0.06421052631578947 0.06020066889632107
0 0.37894736842105264 0.43478260869565216 0.12 0.07023411371237458
0 0.8768421052631579 0.4682274247491639 0.10210526315789474 0.0903010033444816
0 0.5421052631578948 0.5066889632107023 0.12736842105263158 0.07859531772575251
0 0.37894736842105264 0.5635451505016722 0.15263157894736842 0.07859531772575251
