0 0.45789473684210524 0.842809364548495 0.26105263157894737 0.15719063545150502
0 0.4905263157894737 0.8444816053511706 0.2336842105263158 0.1505016722408027
0 0.030526315789473683 0.15217391304347827 0.04842105263157895 0.021739130434782608
0 0.18947368421052632 0.16220735785953178 0.05052631578947368 0.04013377926421405
0 0.010526315789473684 0.1939799331103679 0.031578947368421054 0.03511705685618729
0 0.9726315789473684 0.3193979933110368 0.02736842105263158 0.046822742474916385
0 0.38842105263157894 0.4214046822742475 0.030526315789473683 0.033444816053511704
0 0.3757894736842105 0.431438127090301 0.12526315789473685 0.07190635451505016
0 0.39473684210526316 0.43478260869565216 0.11789473684210526 0.06521739130434782
0 0.3778947368421053 0.4431438127090301 0.12 0.07023411371237458
0 0.9778947368421053 0.5016722408026756 0.02 0.07525083612040134
0 0.9736842105263158 0.4916387959866221 0.02631578947368421 0.09364548494983277
