0 0.06526315789473684 0.7608695652173914 0.21368421052631578 0.11705685618729098
0 0.03263157894736842 0.15217391304347827 0.04421052631578947 0.023411371237458192
0 0.18736842105263157 0.15551839464882944 0.056842105263157895 0.051839464882943144
0 0.021052631578947368 0.20066889632107024 0.031578947368421054 0.030100334448160536
0 0.0 0.3311036789297659 0.017894736842105262 0.051839464882943144
0 0.09894736842105263 0.3745819397993311 0.08 0.07692307692307693
0 0.37684210526315787 0.43645484949832775 0.1231578947368421 0.06020066889632107
0 0.1336842105263158 0.4882943143812709 0.1231578947368421 0.09531772575250837
0 0.37157894736842106 0.49665551839464883 0.11473684210526315 0.06856187290969899
0 0.7031578947368421 0.5 0.1336842105263158 0.08528428093645485
