0 0.06526315789473684 0.7608695652173914 0.21368421052631578 0.11705685618729098
0 0.03368421052631579 0.15217391304347827 0.04421052631578947 0.021739130434782608
0 0.1863157894736842 0.15551839464882944 0.05789473684210526 0.051839464882943144
0 0.021052631578947368 0.20066889632107024 0.031578947368421054 0.030100334448160536
0 0.0 0.3311036789297659 0.017894736842105262 0.051839464882943144
0 0.09789473684210526 0.3745819397993311 0.08 0.07692307692307693
0 0.37684210526315787 0.43645484949832775 0.12421052631578948 0.06020066889632107
0 0.1336842105263158 0.4899665551839465 0.1231578947368421 0.09698996655518395
0 0.3726315789473684 0.49665551839464883 0.11368421052631579 0.06856187290969899
0 0.7031578947368421 0.5 0.1336842105263158 0.08695652173913043
