0 0.031578947368421054 0.15217391304347827 0.04736842105263158 0.023411371237458192
0 0.1863157894736842 0.15719063545150502 0.05789473684210526 0.051839464882943144
0 0.016842105263157894 0.19732441471571907 0.031578947368421054 0.03177257525083612
0 0.05368421052631579 0.18896321070234115 0.03368421052631579 0.03177257525083612
0 0.0 0.3110367892976589 0.015789473684210527 0.05016722408026756
0 0.0863157894736842 0.35451505016722407 0.06315789473684211 0.06020066889632107
0 0.3778947368421053 0.43478260869565216 0.12105263157894737 0.06521739130434782
0 0.08 0.4531772575250836 0.09894736842105263 0.08193979933110368
0 0.29473684210526313 0.479933110367893 0.12842105263157894 0.07190635451505016
0 0.6410526315789473 0.5133779264214047 0.12631578947368421 0.0802675585284281
0 -0.003157894736842105 0.7558528428093646 0.06526315789473684 0.11872909698996656
