0 0.1863157894736842 0.15719063545150502 0.05789473684210526 0.051839464882943144
0 0.018947368421052633 0.19899665551839466 0.030526315789473683 0.030100334448160536
0 0.05052631578947368 0.19063545150501673 0.03684210526315789 0.033444816053511704
0 0.0010526315789473684 0.3110367892976589 0.015789473684210527 0.05016722408026756
0 0.08842105263157894 0.35785953177257523 0.06421052631578947 0.06354515050167224
0 0.38 0.4331103678929766 0.12 0.06856187290969899
0 0.08842105263157894 0.4665551839464883 0.10421052631578948 0.07859531772575251
0 0.3263157894736842 0.4816053511705686 0.10526315789473684 0.07525083612040134
0 0.6463157894736842 0.5016722408026756 0.13789473684210526 0.08695652173913043
0 0.002105263157894737 0.7558528428093646 0.10210526315789474 0.12207357859531773
