0 0.8621052631578947 0.7324414715719063 0.1368421052631579 0.19732441471571907
0 0.035789473684210524 0.15384615384615385 0.042105263157894736 0.021739130434782608
0 0.0 0.17391304347826086 0.017894736842105262 0.030100334448160536
0 0.05052631578947368 0.17725752508361203 0.035789473684210524 0.02508361204013378
0 0.18842105263157893 0.15719063545150502 0.056842105263157895 0.051839464882943144
0 0.05157894736842105 0.18896321070234115 0.031578947368421054 0.028428093645484948
0 0.0010526315789473684 0.2408026755852843 0.02736842105263158 0.038461538461538464
0 0.06210526315789474 0.2692307692307692 0.037894736842105266 0.03511705685618729
0 0.003157894736842105 0.3177257525083612 0.02631578947368421 0.046822742474916385
0 0.08 0.3862876254180602 0.07157894736842105 0.061872909698996656
0 0.37684210526315787 0.43478260869565216 0.1231578947368421 0.07023411371237458
0 0.2631578947368421 0.46153846153846156 0.10842105263157895 0.08862876254180602
