0 0.8789473684210526 0.7341137123745819 0.12105263157894737 0.20066889632107024
0 0.035789473684210524 0.15384615384615385 0.042105263157894736 0.021739130434782608
0 0.0010526315789473684 0.17558528428093645 0.02 0.026755852842809364
0 0.05052631578947368 0.17725752508361203 0.034736842105263156 0.02508361204013378
0 0.18842105263157893 0.15551839464882944 0.056842105263157895 0.051839464882943144
0 0.05263157894736842 0.18896321070234115 0.029473684210526315 0.028428093645484948
0 0.0010526315789473684 0.24414715719063546 0.024210526315789474 0.03678929765886288
0 0.002105263157894737 0.3311036789297659 0.02736842105263158 0.0451505016722408
0 0.0863157894736842 0.3896321070234114 0.06947368421052631 0.061872909698996656
0 0.3726315789473684 0.43478260869565216 0.12736842105263158 0.07023411371237458
0 0.27473684210526317 0.46488294314381273 0.11263157894736842 0.08193979933110368
