0 0.9073684210526316 0.7207357859531772 0.09052631578947369 0.22073578595317725
0 0.035789473684210524 0.15384615384615385 0.042105263157894736 0.023411371237458192
0 0.0010526315789473684 0.17558528428093645 0.022105263157894735 0.026755852842809364
0 0.05157894736842105 0.17892976588628762 0.03368421052631579 0.026755852842809364
0 0.18736842105263157 0.15551839464882944 0.05789473684210526 0.051839464882943144
0 0.002105263157894737 0.24581939799331104 0.023157894736842106 0.038461538461538464
0 0.003157894736842105 0.33612040133779264 0.02631578947368421 0.038461538461538464
0 0.09368421052631579 0.39464882943143814 0.06947368421052631 0.06688963210702341
0 0.3757894736842105 0.43478260869565216 0.12526315789473685 0.06521739130434782
0 0.2831578947368421 0.4665551839464883 0.1168421052631579 0.08695652173913043
