0 0.9073684210526316 0.7190635451505016 0.08947368421052632 0.22240802675585283
0 0.034736842105263156 0.15217391304347827 0.0431578947368421 0.023411371237458192
0 0.0010526315789473684 0.17558528428093645 0.022105263157894735 0.026755852842809364
0 0.05263157894736842 0.17892976588628762 0.03368421052631579 0.026755852842809364
0 0.18842105263157893 0.15551839464882944 0.056842105263157895 0.051839464882943144
0 0.0 0.24581939799331104 0.024210526315789474 0.038461538461538464
0 0.061052631578947365 0.27424749163879597 0.03684210526315789 0.033444816053511704
0 0.003157894736842105 0.33612040133779264 0.02631578947368421 0.038461538461538464
0 0.09368421052631579 0.39464882943143814 0.06947368421052631 0.06688963210702341
0 0.3757894736842105 0.43478260869565216 0.12421052631578948 0.06688963210702341
0 0.28421052631578947 0.4665551839464883 0.1168421052631579 0.08528428093645485
