0 0.3684210526315789 0.822742474916388 0.32105263157894737 0.17224080267558528
0 0.39263157894736844 0.8394648829431438 0.28421052631578947 0.1588628762541806
0 0.45263157894736844 0.8461538461538461 0.21789473684210525 0.1454849498327759
0 0.031578947368421054 0.15217391304347827 0.04842105263157895 0.021739130434782608
0 0.007368421052631579 0.17558528428093645 0.022105263157894735 0.026755852842809364
0 0.9757894736842105 0.32274247491638797 0.022105263157894735 0.04013377926421405
0 0.3757894736842105 0.4331103678929766 0.12526315789473685 0.07023411371237458
0 0.39473684210526316 0.43478260869565216 0.11789473684210526 0.06521739130434782
0 0.37894736842105264 0.4431438127090301 0.11894736842105263 0.06856187290969899
0 0.9705263157894737 0.5083612040133779 0.028421052631578948 0.06521739130434782
0 0.9673684210526315 0.5016722408026756 0.03263157894736842 0.07859531772575251
