0 0.3105263157894737 0.8260869565217391 0.33789473684210525 0.17391304347826086
0 0.34842105263157896 0.8377926421404682 0.2789473684210526 0.1588628762541806
0 0.40421052631578946 0.8411371237458194 0.22 0.15217391304347827
0 0.030526315789473683 0.15217391304347827 0.04736842105263158 0.021739130434782608
0 0.007368421052631579 0.17391304347826086 0.023157894736842106 0.030100334448160536
0 0.98 0.3210702341137124 0.018947368421052633 0.04013377926421405
0 0.38842105263157894 0.4214046822742475 0.030526315789473683 0.033444816053511704
0 0.3757894736842105 0.431438127090301 0.12526315789473685 0.07190635451505016
0 0.39473684210526316 0.43478260869565216 0.11789473684210526 0.06688963210702341
0 0.37894736842105264 0.4431438127090301 0.11894736842105263 0.06856187290969899
0 0.9652631578947368 0.49665551839464883 0.03368421052631579 0.08695652173913043
0 0.9652631578947368 0.5066889632107023 0.031578947368421054 0.09364548494983277
