0 0.21894736842105264 0.8478260869565217 0.24736842105263157 0.14381270903010032
0 0.21578947368421053 0.8394648829431438 0.2873684210526316 0.15217391304347827
0 0.03368421052631579 0.15384615384615385 0.045263157894736845 0.020066889632107024
0 0.004210526315789474 0.1705685618729097 0.024210526315789474 0.030100334448160536
0 0.01368421052631579 0.20234113712374582 0.02736842105263158 0.026755852842809364
0 0.3757894736842105 0.431438127090301 0.12526315789473685 0.07190635451505016
0 0.39473684210526316 0.43478260869565216 0.11789473684210526 0.06521739130434782
0 0.3778947368421053 0.4431438127090301 0.11894736842105263 0.06856187290969899
0 0.9442105263157895 0.48327759197324416 0.056842105263157895 0.11036789297658862
0 0.9547368421052631 0.4882943143812709 0.04421052631578947 0.10033444816053512
