0 0.22105263157894736 0.8461538461538461 0.2431578947368421 0.1454849498327759
0 0.2168421052631579 0.8394648829431438 0.2863157894736842 0.15384615384615385
0 0.034736842105263156 0.15384615384615385 0.04421052631578947 0.020066889632107024
0 0.005263157894736842 0.17224080267558528 0.023157894736842106 0.030100334448160536
0 0.01368421052631579 0.20234113712374582 0.02736842105263158 0.026755852842809364
0 0.38842105263157894 0.4214046822742475 0.030526315789473683 0.033444816053511704
0 0.3757894736842105 0.431438127090301 0.12526315789473685 0.07190635451505016
0 0.3936842105263158 0.43478260869565216 0.11894736842105263 0.06688963210702341
0 0.3778947368421053 0.4431438127090301 0.11894736842105263 0.06856187290969899
0 0.9442105263157895 0.479933110367893 0.056842105263157895 0.11204013377926421
0 0.9547368421052631 0.4866220735785953 0.04421052631578947 0.1020066889632107
