0 0.22105263157894736 0.8461538461538461 0.24210526315789474 0.14715719063545152
0 0.2168421052631579 0.8394648829431438 0.2863157894736842 0.15384615384615385
0 0.03368421052631579 0.15384615384615385 0.045263157894736845 0.020066889632107024
0 0.005263157894736842 0.17224080267558528 0.023157894736842106 0.030100334448160536
0 0.014736842105263158 0.20234113712374582 0.02736842105263158 0.026755852842809364
0 0.38842105263157894 0.4214046822742475 0.030526315789473683 0.033444816053511704
0 0.3757894736842105 0.4331103678929766 0.12526315789473685 0.07023411371237458
0 0.3936842105263158 0.43478260869565216 0.11894736842105263 0.06521739130434782
0 0.3778947368421053 0.4431438127090301 0.11894736842105263 0.06856187290969899
0 0.9442105263157895 0.4816053511705686 0.056842105263157895 0.11204013377926421
0 0.9547368421052631 0.4866220735785953 0.04421052631578947 0.1020066889632107
