0 0.17157894736842105 0.8494983277591973 0.2431578947368421 0.13879598662207357
0 0.17473684210526316 0.8411371237458194 0.28 0.15384615384615385
0 0.03263157894736842 0.15384615384615385 0.04631578947368421 0.020066889632107024
0 0.005263157894736842 0.17391304347826086 0.022105263157894735 0.026755852842809364
0 0.01263157894736842 0.20234113712374582 0.028421052631578948 0.026755852842809364
0 0.38842105263157894 0.4214046822742475 0.030526315789473683 0.033444816053511704
0 0.3757894736842105 0.431438127090301 0.12526315789473685 0.07190635451505016
0 0.3936842105263158 0.43478260869565216 0.11894736842105263 0.06521739130434782
0 0.3778947368421053 0.4431438127090301 0.11894736842105263 0.06856187290969899
0 0.9421052631578948 0.48494983277591974 0.061052631578947365 0.10869565217391304
0 0.9526315789473684 0.4882943143812709 0.045263157894736845 0.1020066889632107
0 0.9442105263157895 0.5083612040133779 0.056842105263157895 0.09197324414715718
0 0.9589473684210527 0.7341137123745819 0.03894736842105263 0.11204013377926421
0 0.96 0.7424749163879598 0.037894736842105266 0.13043478260869565
