0 0.1568421052631579 0.7575250836120402 0.17894736842105263 0.10367892976588629
0 0.8431578947368421 0.7424749163879598 0.1568421052631579 0.13712374581939799
0 0.4863157894736842 0.8745819397993311 0.14526315789473684 0.12374581939799331
0 0.9157894736842105 0.8561872909698997 0.08210526315789474 0.13879598662207357
0 0.031578947368421054 0.15384615384615385 0.04631578947368421 0.021739130434782608
0 0.06 0.22742474916387959 0.03263157894736842 0.026755852842809364
0 0.0010526315789473684 0.391304347826087 0.07684210526315789 0.08695652173913043
0 0.3778947368421053 0.43645484949832775 0.1231578947368421 0.06688963210702341
0 0.8831578947368421 0.4698996655518395 0.11368421052631579 0.07357859531772576
0 0.9673684210526315 0.5167224080267558 0.03263157894736842 0.08528428093645485
