0 0.1368421052631579 0.7558528428093646 0.1736842105263158 0.1020066889632107
0 0.8210526315789474 0.7474916387959866 0.1694736842105263 0.11872909698996656
0 0.30526315789473685 0.8729096989966555 0.23894736842105263 0.12876254180602006
0 0.031578947368421054 0.15384615384615385 0.045263157894736845 0.021739130434782608
0 0.05578947368421053 0.22408026755852842 0.031578947368421054 0.02508361204013378
0 0.003157894736842105 0.3862876254180602 0.07789473684210527 0.08862876254180602
0 0.3778947368421053 0.43645484949832775 0.1231578947368421 0.06688963210702341
0 0.8831578947368421 0.4698996655518395 0.11368421052631579 0.07357859531772576
0 0.9673684210526315 0.5167224080267558 0.03263157894736842 0.08528428093645485
0 0.4863157894736842 0.8779264214046822 0.09894736842105263 0.12374581939799331
