0 0.07473684210526316 0.7591973244147158 0.1831578947368421 0.09866220735785954
0 0.7610526315789473 0.7491638795986622 0.1936842105263158 0.11872909698996656
0 0.24210526315789474 0.8712374581939799 0.28 0.13043478260869565
0 0.8442105263157895 0.8578595317725752 0.15578947368421053 0.1354515050167224
0 0.031578947368421054 0.15384615384615385 0.04631578947368421 0.021739130434782608
0 0.18842105263157893 0.1588628762541806 0.05157894736842105 0.043478260869565216
0 0.05473684210526316 0.21906354515050167 0.03263157894736842 0.028428093645484948
0 0.003157894736842105 0.3729096989966555 0.08210526315789474 0.09197324414715718
0 0.3778947368421053 0.43645484949832775 0.1231578947368421 0.06688963210702341
0 0.8810526315789474 0.4682274247491639 0.11473684210526315 0.07525083612040134
0 0.9673684210526315 0.5167224080267558 0.03263157894736842 0.08695652173913043
