0 0.042105263157894736 0.7625418060200669 0.18842105263157893 0.09698996655518395
0 0.7294736842105263 0.7474916387959866 0.18947368421052632 0.11872909698996656
0 0.22210526315789475 0.8645484949832776 0.27789473684210525 0.13210702341137123
0 0.828421052631579 0.8545150501672241 0.16421052631578947 0.13712374581939799
0 0.031578947368421054 0.15384615384615385 0.045263157894736845 0.021739130434782608
0 0.05473684210526316 0.22073578595317725 0.03263157894736842 0.026755852842809364
0 0.004210526315789474 0.3712374581939799 0.08421052631578947 0.08193979933110368
0 0.3778947368421053 0.43645484949832775 0.1231578947368421 0.06688963210702341
0 0.8821052631578947 0.4682274247491639 0.11368421052631579 0.07525083612040134
0 0.9673684210526315 0.5167224080267558 0.03263157894736842 0.08695652173913043
