0 0.009473684210526316 0.7591973244147158 0.19473684210526315 0.1020066889632107
0 0.6968421052631579 0.7408026755852842 0.18842105263157893 0.13043478260869565
0 0.18947368421052632 0.8678929765886287 0.2631578947368421 0.13043478260869565
0 0.8210526315789474 0.842809364548495 0.1736842105263158 0.1488294314381271
0 0.030526315789473683 0.15384615384615385 0.04631578947368421 0.023411371237458192
0 0.18842105263157893 0.1588628762541806 0.05263157894736842 0.043478260869565216
0 0.05578947368421053 0.21906354515050167 0.031578947368421054 0.026755852842809364
0 0.004210526315789474 0.36622073578595316 0.08526315789473685 0.08695652173913043
0 0.3778947368421053 0.43645484949832775 0.1231578947368421 0.06688963210702341
0 0.8831578947368421 0.4682274247491639 0.11263157894736842 0.07525083612040134
0 0.9663157894736842 0.5167224080267558 0.03263157894736842 0.08528428093645485
