0 0.1368421052631579 0.7575250836120402 0.17473684210526316 0.1020066889632107
0 0.8221052631578948 0.745819397993311 0.16842105263157894 0.12207357859531773
0 0.3031578947368421 0.8762541806020067 0.24842105263157896 0.12709030100334448
0 0.031578947368421054 0.15384615384615385 0.045263157894736845 0.021739130434782608
0 0.056842105263157895 0.22408026755852842 0.031578947368421054 0.02508361204013378
0 0.003157894736842105 0.3862876254180602 0.07789473684210527 0.08862876254180602
0 0.3778947368421053 0.43645484949832775 0.1231578947368421 0.06688963210702341
0 0.8831578947368421 0.4698996655518395 0.11368421052631579 0.07357859531772576
0 0.9673684210526315 0.5167224080267558 0.03263157894736842 0.08528428093645485
0 0.4863157894736842 0.8779264214046822 0.09789473684210526 0.1254180602006689
