0 0.0431578947368421 0.7625418060200669 0.18736842105263157 0.09698996655518395
0 0.728421052631579 0.7474916387959866 0.19052631578947368 0.12040133779264214
0 0.22210526315789475 0.8645484949832776 0.2768421052631579 0.13377926421404682
0 0.828421052631579 0.8528428093645485 0.16421052631578947 0.13879598662207357
0 0.031578947368421054 0.15384615384615385 0.045263157894736845 0.021739130434782608
0 0.18842105263157893 0.1588628762541806 0.05157894736842105 0.043478260869565216
0 0.05473684210526316 0.21906354515050167 0.03263157894736842 0.026755852842809364
0 0.004210526315789474 0.3712374581939799 0.08315789473684211 0.08361204013377926
0 0.3778947368421053 0.43645484949832775 0.1231578947368421 0.06688963210702341
0 0.8831578947368421 0.4682274247491639 0.11368421052631579 0.07525083612040134
0 0.9673684210526315 0.5150501672240803 0.03263157894736842 0.08528428093645485
