0 0.5452631578947369 0.7290969899665551 0.18105263157894738 0.12207357859531773
0 0.021052631578947368 0.8896321070234113 0.21368421052631578 0.10535117056856187
0 0.7126315789473684 0.8461538461538461 0.2168421052631579 0.14214046822742474
0 0.029473684210526315 0.15384615384615385 0.049473684210526316 0.023411371237458192
0 0.05578947368421053 0.205685618729097 0.029473684210526315 0.026755852842809364
0 0.024210526315789474 0.34615384615384615 0.07894736842105263 0.08361204013377926
0 0.3778947368421053 0.43645484949832775 0.12421052631578948 0.06688963210702341
0 0.8842105263157894 0.4665551839464883 0.11157894736842106 0.07859531772575251
0 0.9663157894736842 0.5150501672240803 0.03263157894736842 0.08862876254180602
0 0.002105263157894737 0.7508361204013378 0.037894736842105266 0.11705685618729098
