0 -0.002105263157894737 0.7575250836120402 0.17157894736842105 0.10702341137123746
0 0.6663157894736842 0.745819397993311 0.18421052631578946 0.12207357859531773
0 0.1463157894736842 0.8695652173913043 0.2789473684210526 0.13210702341137123
0 0.7757894736842105 0.8494983277591973 0.22210526315789475 0.14715719063545152
0 0.030526315789473683 0.15384615384615385 0.045263157894736845 0.021739130434782608
0 0.18842105263157893 0.1588628762541806 0.05263157894736842 0.043478260869565216
0 0.05473684210526316 0.21739130434782608 0.03368421052631579 0.026755852842809364
0 0.007368421052631579 0.36622073578595316 0.09052631578947369 0.08193979933110368
0 0.3778947368421053 0.43645484949832775 0.1231578947368421 0.06688963210702341
0 0.8831578947368421 0.4682274247491639 0.11263157894736842 0.07525083612040134
0 0.9663157894736842 0.5150501672240803 0.03263157894736842 0.08528428093645485
