0 -0.002105263157894737 0.7491638795986622 0.14210526315789473 0.11036789297658862
0 0.6389473684210526 0.7441471571906354 0.17894736842105263 0.12709030100334448
0 0.7652631578947369 0.8478260869565217 0.2294736842105263 0.14715719063545152
0 0.030526315789473683 0.15384615384615385 0.04631578947368421 0.023411371237458192
0 0.18842105263157893 0.1605351170568562 0.05157894736842105 0.043478260869565216
0 0.05473684210526316 0.2157190635451505 0.031578947368421054 0.02508361204013378
0 0.010526315789473684 0.362876254180602 0.09052631578947369 0.0903010033444816
0 0.3778947368421053 0.43645484949832775 0.1231578947368421 0.06688963210702341
0 0.8810526315789474 0.4682274247491639 0.11473684210526315 0.07525083612040134
0 0.9663157894736842 0.5150501672240803 0.03263157894736842 0.08862876254180602
