0 0.27473684210526317 0.7207357859531772 0.17684210526315788 0.12709030100334448
0 0.5168421052631579 0.8511705685618729 0.2073684210526316 0.1354515050167224
0 0.028421052631578948 0.15384615384615385 0.05157894736842105 0.023411371237458192
0 0.045263157894736845 0.19732441471571907 0.029473684210526315 0.026755852842809364
0 0.0010526315789473684 0.3311036789297659 0.021052631578947368 0.06020066889632107
0 0.05368421052631579 0.32608695652173914 0.05894736842105263 0.06688963210702341
0 0.3778947368421053 0.43478260869565216 0.12421052631578948 0.06688963210702341
0 0.8831578947368421 0.4682274247491639 0.11157894736842106 0.07859531772575251
0 0.9663157894736842 0.5167224080267558 0.03263157894736842 0.0903010033444816
0 -0.004210526315789474 0.8678929765886287 0.061052631578947365 0.13712374581939799
