0 0.3031578947368421 0.7274247491638796 0.18526315789473685 0.11371237458193979
0 -0.0010526315789473684 0.8595317725752508 0.09263157894736843 0.13043478260869565
0 0.5263157894736842 0.8511705685618729 0.21473684210526317 0.13712374581939799
0 0.028421052631578948 0.15384615384615385 0.05157894736842105 0.023411371237458192
0 0.04736842105263158 0.1956521739130435 0.030526315789473683 0.028428093645484948
0 0.0010526315789473684 0.3311036789297659 0.021052631578947368 0.06020066889632107
0 0.04842105263157895 0.3277591973244147 0.06210526315789474 0.06856187290969899
0 0.3778947368421053 0.43478260869565216 0.12421052631578948 0.06688963210702341
0 0.8831578947368421 0.4682274247491639 0.11157894736842106 0.0802675585284281
0 0.9663157894736842 0.5167224080267558 0.03263157894736842 0.0903010033444816
0 0.34 0.6739130434782609 0.1031578947368421 0.06688963210702341
