0 -0.002105263157894737 0.745819397993311 0.18 0.12374581939799331
0 0.8073684210526316 0.7625418060200669 0.19263157894736843 0.15384615384615385
0 0.029473684210526315 0.15384615384615385 0.049473684210526316 0.021739130434782608
0 0.07052631578947369 0.24581939799331104 0.030526315789473683 0.03177257525083612
0 0.010526315789473684 0.26421404682274247 0.03368421052631579 0.04013377926421405
0 -0.0010526315789473684 0.30434782608695654 0.037894736842105266 0.0451505016722408
0 0.04842105263157895 0.3795986622073579 0.06526315789473684 0.06688963210702341
0 0.37894736842105264 0.43645484949832775 0.12105263157894737 0.061872909698996656
0 0.8821052631578947 0.4698996655518395 0.11368421052631579 0.07525083612040134
0 0.9663157894736842 0.5167224080267558 0.03263157894736842 0.08695652173913043
