0 0.061052631578947365 0.7508361204013378 0.1968421052631579 0.10702341137123746
0 0.8631578947368421 0.7391304347826086 0.13578947368421052 0.18394648829431437
0 0.029473684210526315 0.15384615384615385 0.049473684210526316 0.021739130434782608
0 0.18842105263157893 0.1588628762541806 0.05157894736842105 0.0451505016722408
0 0.07052631578947369 0.2491638795986622 0.031578947368421054 0.033444816053511704
0 0.010526315789473684 0.26588628762541805 0.03368421052631579 0.038461538461538464
0 0.0 0.3076923076923077 0.034736842105263156 0.04180602006688963
0 0.042105263157894736 0.38461538461538464 0.06842105263157895 0.06688963210702341
0 0.37894736842105264 0.43645484949832775 0.12105263157894737 0.061872909698996656
0 0.8821052631578947 0.4698996655518395 0.11263157894736842 0.07525083612040134
0 0.9663157894736842 0.5167224080267558 0.03263157894736842 0.08695652173913043
