0 0.06210526315789474 0.7491638795986622 0.19789473684210526 0.10869565217391304
0 0.8631578947368421 0.7391304347826086 0.13578947368421052 0.18394648829431437
0 0.029473684210526315 0.15384615384615385 0.049473684210526316 0.021739130434782608
0 0.07052631578947369 0.2491638795986622 0.031578947368421054 0.03177257525083612
0 0.009473684210526316 0.26588628762541805 0.034736842105263156 0.038461538461538464
0 0.0 0.3076923076923077 0.034736842105263156 0.04180602006688963
0 0.042105263157894736 0.38127090301003347 0.06947368421052631 0.06856187290969899
0 0.37894736842105264 0.43645484949832775 0.12105263157894737 0.061872909698996656
0 0.8831578947368421 0.4698996655518395 0.11157894736842106 0.07525083612040134
0 0.9663157894736842 0.5167224080267558 0.03263157894736842 0.08695652173913043
