0 0.9273684210526316 0.45652173913043476 0.07263157894736842 0.14381270903010032
0 0.911578947368421 0.7107023411371237 0.08736842105263158 0.15384615384615385
0 0.911578947368421 0.7307692307692307 0.08842105263157894 0.16220735785953178
0 0.13263157894736843 0.8478260869565217 0.28421052631578947 0.1454849498327759
0 0.03368421052631579 0.15384615384615385 0.04631578947368421 0.020066889632107024
0 0.004210526315789474 0.17224080267558528 0.023157894736842106 0.02508361204013378
0 0.01263157894736842 0.20234113712374582 0.029473684210526315 0.026755852842809364
0 0.38842105263157894 0.4214046822742475 0.030526315789473683 0.033444816053511704
0 0.37684210526315787 0.4331103678929766 0.12421052631578948 0.07190635451505016
0 0.3936842105263158 0.43478260869565216 0.11894736842105263 0.06521739130434782
0 0.3778947368421053 0.4431438127090301 0.11894736842105263 0.06856187290969899
0 0.9368421052631579 0.48327759197324416 0.06631578947368422 0.11705685618729098
0 0.94 0.5050167224080268 0.06 0.09866220735785954
