0 0.9263157894736842 0.45484949832775917 0.07263157894736842 0.14381270903010032
0 0.8757894736842106 0.7073578595317725 0.12421052631578948 0.15551839464882944
0 0.8673684210526316 0.7107023411371237 0.13052631578947368 0.1505016722408027
0 0.8747368421052631 0.7207357859531772 0.12736842105263158 0.18729096989966554
0 0.08947368421052632 0.8511705685618729 0.29157894736842105 0.13879598662207357
0 0.11368421052631579 0.8578595317725752 0.28421052631578947 0.12709030100334448
0 0.03368421052631579 0.15551839464882944 0.04631578947368421 0.020066889632107024
0 0.004210526315789474 0.17224080267558528 0.022105263157894735 0.02508361204013378
0 0.01263157894736842 0.20234113712374582 0.029473684210526315 0.026755852842809364
0 0.3894736842105263 0.4214046822742475 0.029473684210526315 0.033444816053511704
0 0.37684210526315787 0.4331103678929766 0.12421052631578948 0.07023411371237458
0 0.3936842105263158 0.43478260869565216 0.11894736842105263 0.06521739130434782
0 0.3778947368421053 0.4431438127090301 0.11894736842105263 0.06856187290969899
0 0.9357894736842105 0.479933110367893 0.06947368421052631 0.12040133779264214
0 0.9378947368421052 0.5083612040133779 0.06210526315789474 0.09364548494983277
