0 0.045263157894736845 0.7876254180602007 0.2863157894736842 0.19732441471571907
0 0.9221052631578948 0.45484949832775917 0.07684210526315789 0.14046822742474915
0 0.8410526315789474 0.7140468227424749 0.15894736842105264 0.1354515050167224
0 0.8442105263157895 0.7290969899665551 0.15473684210526314 0.1454849498327759
0 0.042105263157894736 0.8494983277591973 0.29789473684210527 0.14214046822742474
0 0.05578947368421053 0.8545150501672241 0.29578947368421055 0.13377926421404682
0 0.031578947368421054 0.15551839464882944 0.04736842105263158 0.020066889632107024
0 0.003157894736842105 0.17224080267558528 0.022105263157894735 0.02508361204013378
0 0.011578947368421053 0.20066889632107024 0.030526315789473683 0.028428093645484948
0 0.3894736842105263 0.4214046822742475 0.029473684210526315 0.033444816053511704
0 0.37684210526315787 0.4331103678929766 0.12421052631578948 0.07023411371237458
0 0.3936842105263158 0.43478260869565216 0.11894736842105263 0.06521739130434782
0 0.3778947368421053 0.4431438127090301 0.11894736842105263 0.06856187290969899
0 0.9347368421052632 0.48494983277591974 0.07157894736842105 0.10869565217391304
0 0.9336842105263158 0.5117056856187291 0.06631578947368422 0.08528428093645485
