0 0.045263157894736845 0.7876254180602007 0.28526315789473683 0.19732441471571907
0 0.9221052631578948 0.45484949832775917 0.07684210526315789 0.14046822742474915
0 0.8410526315789474 0.7123745819397993 0.15894736842105264 0.1354515050167224
0 0.8442105263157895 0.7290969899665551 0.15578947368421053 0.1454849498327759
0 0.042105263157894736 0.8494983277591973 0.29789473684210527 0.14214046822742474
0 0.056842105263157895 0.8545150501672241 0.29473684210526313 0.13377926421404682
0 0.03263157894736842 0.15551839464882944 0.04631578947368421 0.020066889632107024
0 0.003157894736842105 0.17391304347826086 0.022105263157894735 0.023411371237458192
0 0.011578947368421053 0.20066889632107024 0.030526315789473683 0.028428093645484948
0 0.3894736842105263 0.4214046822742475 0.029473684210526315 0.033444816053511704
0 0.37684210526315787 0.4331103678929766 0.12421052631578948 0.07023411371237458
0 0.3936842105263158 0.43478260869565216 0.12 0.06521739130434782
0 0.3778947368421053 0.44481605351170567 0.11894736842105263 0.06688963210702341
0 0.9347368421052632 0.4866220735785953 0.07157894736842105 0.10702341137123746
0 0.9336842105263158 0.5117056856187291 0.06631578947368422 0.08695652173913043
