0 0.92 0.459866220735786 0.07894736842105263 0.13210702341137123
0 0.8052631578947368 0.6839464882943144 0.1705263157894737 0.12207357859531773
0 0.8084210526315789 0.697324414715719 0.16421052631578947 0.11872909698996656
0 0.8115789473684211 0.697324414715719 0.18105263157894738 0.11705685618729098
0 -0.004210526315789474 0.8478260869565217 0.3 0.14715719063545152
0 0.010526315789473684 0.8478260869565217 0.28421052631578947 0.14715719063545152
0 0.031578947368421054 0.15384615384615385 0.04736842105263158 0.021739130434782608
0 0.011578947368421053 0.20234113712374582 0.030526315789473683 0.026755852842809364
0 0.3894736842105263 0.4214046822742475 0.029473684210526315 0.03177257525083612
0 0.37684210526315787 0.4331103678929766 0.12421052631578948 0.07023411371237458
0 0.3936842105263158 0.43478260869565216 0.12 0.06521739130434782
0 0.3778947368421053 0.4431438127090301 0.11894736842105263 0.06856187290969899
0 0.9326315789473684 0.4899665551839465 0.07368421052631578 0.10367892976588629
0 0.9273684210526316 0.49498327759197325 0.07368421052631578 0.09364548494983277
0 0.9315789473684211 0.5117056856187291 0.06842105263157895 0.08695652173913043
0 0.9284210526315789 0.5150501672240803 0.07263157894736842 0.0802675585284281
