0 0.92 0.459866220735786 0.07894736842105263 0.13210702341137123
0 0.8052631578947368 0.68561872909699 0.1694736842105263 0.12040133779264214
0 0.8073684210526316 0.697324414715719 0.16421052631578947 0.11872909698996656
0 0.8115789473684211 0.697324414715719 0.18105263157894738 0.11705685618729098
0 -0.004210526315789474 0.8478260869565217 0.29894736842105263 0.14715719063545152
0 0.009473684210526316 0.8478260869565217 0.28526315789473683 0.14715719063545152
0 0.03368421052631579 0.15384615384615385 0.04631578947368421 0.021739130434782608
0 0.004210526315789474 0.17391304347826086 0.02 0.023411371237458192
0 0.011578947368421053 0.20234113712374582 0.030526315789473683 0.026755852842809364
0 0.3894736842105263 0.4214046822742475 0.029473684210526315 0.03177257525083612
0 0.37684210526315787 0.4331103678929766 0.12421052631578948 0.07023411371237458
0 0.3936842105263158 0.43478260869565216 0.12 0.06521739130434782
0 0.3778947368421053 0.44481605351170567 0.11894736842105263 0.06688963210702341
0 0.9315789473684211 0.4882943143812709 0.07473684210526316 0.10535117056856187
0 0.9273684210526316 0.49331103678929766 0.07368421052631578 0.09531772575250837
0 0.9315789473684211 0.5117056856187291 0.06842105263157895 0.08695652173913043
0 0.9284210526315789 0.5150501672240803 0.07368421052631578 0.0802675585284281
0 0.8105263157894737 0.7107023411371237 0.15052631578947367 0.09364548494983277
