0 0.9210526315789473 0.46153846153846156 0.07789473684210527 0.13377926421404682
0 0.7073684210526315 0.637123745819398 0.15473684210526314 0.11538461538461539
0 0.7178947368421053 0.6488294314381271 0.12105263157894737 0.1354515050167224
0 0.708421052631579 0.6555183946488294 0.14842105263157895 0.12040133779264214
0 0.002105263157894737 0.8478260869565217 0.13894736842105262 0.13879598662207357
0 0.031578947368421054 0.15384615384615385 0.049473684210526316 0.021739130434782608
0 0.011578947368421053 0.19899665551839466 0.030526315789473683 0.026755852842809364
0 0.3894736842105263 0.4214046822742475 0.029473684210526315 0.033444816053511704
0 0.37684210526315787 0.4331103678929766 0.12421052631578948 0.07023411371237458
0 0.3936842105263158 0.43478260869565216 0.12 0.06521739130434782
0 0.3778947368421053 0.44481605351170567 0.11894736842105263 0.06688963210702341
0 0.98 0.45819397993311034 0.018947368421052633 0.051839464882943144
0 0.9294736842105263 0.4866220735785953 0.07578947368421053 0.10535117056856187
0 0.9242105263157895 0.49498327759197325 0.07684210526315789 0.09698996655518395
0 0.9294736842105263 0.5100334448160535 0.07052631578947369 0.0903010033444816
0 0.9242105263157895 0.5117056856187291 0.07789473684210527 0.08528428093645485
0 0.7063157894736842 0.6672240802675585 0.15157894736842106 0.09698996655518395
