0 0.92 0.45819397993311034 0.07894736842105263 0.13879598662207357
0 0.6747368421052632 0.6421404682274248 0.14210526315789473 0.10535117056856187
0 0.6821052631578948 0.6387959866220736 0.14210526315789473 0.11036789297658862
0 0.6736842105263158 0.6471571906354515 0.14526315789473684 0.11371237458193979
0 0.6789473684210526 0.6471571906354515 0.1463157894736842 0.11371237458193979
0 0.031578947368421054 0.15384615384615385 0.049473684210526316 0.021739130434782608
0 0.011578947368421053 0.19732441471571907 0.030526315789473683 0.028428093645484948
0 0.3894736842105263 0.4214046822742475 0.029473684210526315 0.033444816053511704
0 0.37684210526315787 0.4331103678929766 0.12421052631578948 0.07023411371237458
0 0.3936842105263158 0.43478260869565216 0.12 0.06521739130434782
0 0.3778947368421053 0.44481605351170567 0.11894736842105263 0.06688963210702341
0 0.9284210526315789 0.4816053511705686 0.07684210526315789 0.11371237458193979
0 0.9242105263157895 0.4916387959866221 0.07789473684210527 0.10033444816053512
0 0.9294736842105263 0.5066889632107023 0.06947368421052631 0.09698996655518395
0 0.9231578947368421 0.5100334448160535 0.08 0.0903010033444816
0 0.6673684210526316 0.6521739130434783 0.1568421052631579 0.08528428093645485
0 0.6852631578947368 0.6521739130434783 0.13789473684210526 0.08528428093645485
0 0.6705263157894736 0.6555183946488294 0.15157894736842106 0.09364548494983277
0 0.6842105263157895 0.6488294314381271 0.13578947368421052 0.1020066889632107
