0 0.9189473684210526 0.46153846153846156 0.08 0.13879598662207357
0 0.9157894736842105 0.4882943143812709 0.08210526315789474 0.13377926421404682
0 0.6147368421052631 0.6120401337792643 0.14421052631578948 0.10869565217391304
0 0.031578947368421054 0.15384615384615385 0.049473684210526316 0.021739130434782608
0 0.37684210526315787 0.4331103678929766 0.12421052631578948 0.07023411371237458
0 0.3936842105263158 0.4331103678929766 0.12 0.06521739130434782
0 0.3778947368421053 0.4431438127090301 0.11894736842105263 0.06856187290969899
0 0.9273684210526316 0.48327759197324416 0.07578947368421053 0.11371237458193979
0 0.9221052631578948 0.4899665551839465 0.08 0.1020066889632107
0 0.9273684210526316 0.5050167224080268 0.07052631578947369 0.10033444816053512
0 0.9210526315789473 0.5083612040133779 0.08210526315789474 0.09364548494983277
0 0.611578947368421 0.6254180602006689 0.15052631578947367 0.08528428093645485
0 0.6157894736842106 0.6321070234113713 0.14105263157894737 0.08695652173913043
