0 0.9189473684210526 0.459866220735786 0.08 0.14046822742474915
0 0.5663157894736842 0.6070234113712375 0.15578947368421053 0.1020066889632107
0 0.5863157894736842 0.6053511705685619 0.14526315789473684 0.10367892976588629
0 0.7189473684210527 0.9180602006688964 0.24421052631578946 0.07525083612040134
0 0.7547368421052632 0.919732441471572 0.22105263157894736 0.07525083612040134
0 0.03263157894736842 0.15217391304347827 0.04736842105263158 0.021739130434782608
0 0.37684210526315787 0.4331103678929766 0.12421052631578948 0.07023411371237458
0 0.39263157894736844 0.43478260869565216 0.12210526315789473 0.06688963210702341
0 0.3778947368421053 0.4431438127090301 0.11894736842105263 0.06856187290969899
0 0.9273684210526316 0.4816053511705686 0.07473684210526316 0.11371237458193979
0 0.9221052631578948 0.4899665551839465 0.08 0.1020066889632107
0 0.9273684210526316 0.5050167224080268 0.07052631578947369 0.09866220735785954
0 0.9210526315789473 0.5083612040133779 0.08210526315789474 0.09197324414715718
0 0.58 0.6086956521739131 0.13473684210526315 0.09197324414715718
0 0.5873684210526315 0.6137123745819398 0.13473684210526315 0.08695652173913043
0 0.771578947368421 0.9331103678929766 0.18842105263157893 0.06856187290969899
0 0.7842105263157895 0.9331103678929766 0.1957894736842105 0.06521739130434782
