0 0.9189473684210526 0.45484949832775917 0.07894736842105263 0.14381270903010032
0 0.5547368421052632 0.5919732441471572 0.14736842105263157 0.10367892976588629
0 0.5589473684210526 0.6003344481605352 0.14 0.10367892976588629
0 0.7073684210526315 0.8979933110367893 0.24 0.09531772575250837
0 0.7115789473684211 0.9130434782608695 0.2305263157894737 0.08193979933110368
0 0.03368421052631579 0.15217391304347827 0.04631578947368421 0.021739130434782608
0 0.008421052631578947 0.1956521739130435 0.024210526315789474 0.02508361204013378
0 0.38842105263157894 0.4214046822742475 0.030526315789473683 0.033444816053511704
0 0.37684210526315787 0.4331103678929766 0.12421052631578948 0.07023411371237458
0 0.39263157894736844 0.43478260869565216 0.12210526315789473 0.06688963210702341
0 0.3778947368421053 0.4431438127090301 0.11894736842105263 0.06856187290969899
0 0.9273684210526316 0.4816053511705686 0.07473684210526316 0.11371237458193979
0 0.9221052631578948 0.4916387959866221 0.08 0.10033444816053512
0 0.9263157894736842 0.5050167224080268 0.07157894736842105 0.09866220735785954
0 0.92 0.5083612040133779 0.08210526315789474 0.09197324414715718
0 0.5557894736842105 0.6020066889632107 0.13263157894736843 0.08695652173913043
0 0.5631578947368421 0.6020066889632107 0.12947368421052632 0.08528428093645485
0 0.5568421052631579 0.6020066889632107 0.12947368421052632 0.10033444816053512
0 0.5684210526315789 0.6036789297658863 0.12 0.09531772575250837
0 0.7463157894736843 0.9230769230769231 0.18105263157894738 0.07859531772575251
