0 0.10105263157894737 0.7709030100334449 0.33157894736842103 0.22909698996655517
0 0.8957894736842106 0.5167224080267558 0.10105263157894737 0.1454849498327759
0 0.45789473684210524 0.7040133779264214 0.26526315789473687 0.17558528428093645
0 0.037894736842105266 0.15551839464882944 0.037894736842105266 0.020066889632107024
0 0.18842105263157893 0.1605351170568562 0.05368421052631579 0.043478260869565216
0 0.01263157894736842 0.18896321070234115 0.028421052631578948 0.026755852842809364
0 0.008421052631578947 0.2508361204013378 0.02736842105263158 0.028428093645484948
0 0.05157894736842105 0.28595317725752506 0.04421052631578947 0.038461538461538464
0 0.3778947368421053 0.43478260869565216 0.12105263157894737 0.06688963210702341
0 0.9578947368421052 0.4414715719063545 0.04 0.08361204013377926
