0 0.08210526315789474 0.7575250836120402 0.33157894736842103 0.24247491638795987
0 0.40842105263157896 0.7157190635451505 0.2894736842105263 0.22909698996655517
0 0.8757894736842106 0.5468227424749164 0.12210526315789473 0.11705685618729098
0 0.037894736842105266 0.15551839464882944 0.037894736842105266 0.020066889632107024
0 0.18842105263157893 0.1588628762541806 0.05368421052631579 0.0451505016722408
0 0.010526315789473684 0.18896321070234115 0.021052631578947368 0.02508361204013378
0 0.008421052631578947 0.2491638795986622 0.034736842105263156 0.033444816053511704
0 0.05052631578947368 0.2842809364548495 0.04631578947368421 0.04180602006688963
0 0.3778947368421053 0.43478260869565216 0.12105263157894737 0.06688963210702341
0 0.94 0.44481605351170567 0.06210526315789474 0.0802675585284281
