0 0.08421052631578947 0.7575250836120402 0.32842105263157895 0.24247491638795987
0 0.4073684210526316 0.7140468227424749 0.2926315789473684 0.225752508361204
0 0.8757894736842106 0.5468227424749164 0.12210526315789473 0.11705685618729098
0 0.037894736842105266 0.15551839464882944 0.037894736842105266 0.020066889632107024
0 0.18842105263157893 0.1605351170568562 0.05368421052631579 0.043478260869565216
0 0.009473684210526316 0.18896321070234115 0.022105263157894735 0.02508361204013378
0 0.008421052631578947 0.2491638795986622 0.034736842105263156 0.033444816053511704
0 0.049473684210526316 0.2842809364548495 0.04631578947368421 0.04180602006688963
0 0.37894736842105264 0.43478260869565216 0.12 0.06688963210702341
0 0.94 0.44481605351170567 0.06315789473684211 0.0802675585284281
