0 0.021052631578947368 0.7775919732441472 0.3094736842105263 0.22408026755852842
0 0.36947368421052634 0.7040133779264214 0.2336842105263158 0.16722408026755853
0 0.03684210526315789 0.15384615384615385 0.037894736842105266 0.020066889632107024
0 0.18842105263157893 0.1588628762541806 0.05368421052631579 0.0451505016722408
0 0.008421052631578947 0.18896321070234115 0.023157894736842106 0.02508361204013378
0 0.008421052631578947 0.24581939799331104 0.034736842105263156 0.033444816053511704
0 0.049473684210526316 0.2792642140468227 0.045263157894736845 0.0451505016722408
0 0.37894736842105264 0.43478260869565216 0.12 0.06521739130434782
0 0.92 0.4531772575250836 0.08 0.0802675585284281
0 0.84 0.5501672240802675 0.14842105263157895 0.08862876254180602
