0 0.05263157894736842 0.7625418060200669 0.33263157894736844 0.2408026755852843
0 0.86 0.5484949832775919 0.13263157894736843 0.11872909698996656
0 0.3968421052631579 0.7324414715719063 0.24526315789473685 0.15551839464882944
0 0.037894736842105266 0.15551839464882944 0.03684210526315789 0.020066889632107024
0 0.008421052631578947 0.17725752508361203 0.023157894736842106 0.03177257525083612
0 0.18842105263157893 0.1588628762541806 0.05368421052631579 0.0451505016722408
0 0.008421052631578947 0.24749163879598662 0.034736842105263156 0.03177257525083612
0 0.049473684210526316 0.2842809364548495 0.04631578947368421 0.04180602006688963
0 0.37894736842105264 0.43478260869565216 0.12 0.06688963210702341
0 0.9315789473684211 0.4498327759197324 0.06947368421052631 0.07525083612040134
