0 0.24421052631578946 0.7341137123745819 0.24736842105263157 0.1505016722408027
0 -0.005263157894736842 0.8076923076923077 0.2326315789473684 0.1939799331103679
0 0.035789473684210524 0.15384615384615385 0.03894736842105263 0.020066889632107024
0 0.0010526315789473684 0.17892976588628762 0.022105263157894735 0.026755852842809364
0 0.18842105263157893 0.1588628762541806 0.05368421052631579 0.0451505016722408
0 0.010526315789473684 0.23745819397993312 0.035789473684210524 0.033444816053511704
0 0.049473684210526316 0.2725752508361204 0.03894736842105263 0.03177257525083612
0 0.3778947368421053 0.43478260869565216 0.12105263157894737 0.06688963210702341
0 0.8757894736842106 0.4698996655518395 0.10947368421052632 0.07692307692307693
0 0.7821052631578947 0.560200668896321 0.1431578947368421 0.08528428093645485
