0 0.16 0.7274247491638796 0.25894736842105265 0.15551839464882944
0 -0.010526315789473684 0.8127090301003345 0.16526315789473683 0.18561872909698995
0 0.035789473684210524 0.15217391304347827 0.04 0.021739130434782608
0 0.0 0.17892976588628762 0.02 0.02508361204013378
0 0.18842105263157893 0.1588628762541806 0.05368421052631579 0.0451505016722408
0 0.01263157894736842 0.22909698996655517 0.03368421052631579 0.033444816053511704
0 0.049473684210526316 0.26588628762541805 0.03894736842105263 0.03511705685618729
0 0.37894736842105264 0.43478260869565216 0.12 0.06688963210702341
0 0.8442105263157895 0.47324414715719065 0.12 0.08361204013377926
0 0.7378947368421053 0.5668896321070234 0.14842105263157895 0.0802675585284281
