0 0.2031578947368421 0.7073578595317725 0.2557894736842105 0.1605351170568562
0 0.0 0.8076923076923077 0.1863157894736842 0.1939799331103679
0 0.035789473684210524 0.15384615384615385 0.03894736842105263 0.020066889632107024
0 0.0010526315789473684 0.17892976588628762 0.021052631578947368 0.026755852842809364
0 0.18842105263157893 0.1605351170568562 0.05368421052631579 0.043478260869565216
0 0.01263157894736842 0.23578595317725753 0.03263157894736842 0.033444816053511704
0 0.05052631578947368 0.2692307692307692 0.04 0.03678929765886288
0 0.3778947368421053 0.43478260869565216 0.12105263157894737 0.06688963210702341
0 0.8578947368421053 0.47324414715719065 0.1168421052631579 0.07692307692307693
0 0.7621052631578947 0.5618729096989966 0.1431578947368421 0.08193979933110368
