0 0.13894736842105262 0.705685618729097 0.24105263157894738 0.16387959866220736
0 0.004210526315789474 0.8127090301003345 0.11368421052631579 0.18729096989966554
0 0.035789473684210524 0.15384615384615385 0.03894736842105263 0.020066889632107024
0 0.0 0.17725752508361203 0.016842105263157894 0.026755852842809364
0 0.18947368421052632 0.15719063545150502 0.05263157894736842 0.0451505016722408
0 0.01368421052631579 0.22909698996655517 0.03368421052631579 0.033444816053511704
0 0.05052631578947368 0.26588628762541805 0.03684210526315789 0.033444816053511704
0 0.3778947368421053 0.43478260869565216 0.12210526315789473 0.06688963210702341
0 0.8242105263157895 0.4782608695652174 0.12526315789473685 0.0802675585284281
0 0.7157894736842105 0.5652173913043478 0.1463157894736842 0.0802675585284281
