0 0.17789473684210527 0.48327759197324416 0.12842105263157894 0.12040133779264214
0 0.5494736842105263 0.7324414715719063 0.24947368421052632 0.21070234113712374
0 0.028421052631578948 0.15384615384615385 0.049473684210526316 0.023411371237458192
0 -0.0010526315789473684 0.16387959866220736 0.02 0.033444816053511704
0 0.18736842105263157 0.1588628762541806 0.05789473684210526 0.051839464882943144
0 0.3757894736842105 0.4331103678929766 0.12526315789473685 0.06856187290969899
0 0.9557894736842105 0.4297658862876254 0.042105263157894736 0.10702341137123746
0 0.7705263157894737 0.4899665551839465 0.0968421052631579 0.06020066889632107
0 0.4831578947368421 0.5183946488294314 0.14 0.07357859531772576
0 0.7305263157894737 0.5434782608695652 0.14526315789473684 0.09531772575250837
