0 0.16105263157894736 0.4765886287625418 0.1336842105263158 0.12876254180602006
0 0.5073684210526316 0.7341137123745819 0.26210526315789473 0.20903010033444816
0 0.028421052631578948 0.15217391304347827 0.05052631578947368 0.02508361204013378
0 -0.002105263157894737 0.16387959866220736 0.018947368421052633 0.033444816053511704
0 0.18736842105263157 0.1588628762541806 0.05789473684210526 0.051839464882943144
0 0.3757894736842105 0.43478260869565216 0.12631578947368421 0.06856187290969899
0 0.9421052631578948 0.4297658862876254 0.06 0.10702341137123746
0 0.7568421052631579 0.4983277591973244 0.09894736842105263 0.06688963210702341
0 0.46210526315789474 0.5150501672240803 0.14947368421052631 0.07692307692307693
0 0.7189473684210527 0.5501672240802675 0.1431578947368421 0.08695652173913043
