0 0.9189473684210526 0.45484949832775917 0.08 0.14381270903010032
0 0.531578947368421 0.8795986622073578 0.2231578947368421 0.12040133779264214
0 0.5463157894736842 0.8795986622073578 0.21789473684210525 0.11705685618729098
0 0.5189473684210526 0.8963210702341137 0.23894736842105263 0.11036789297658862
0 0.03368421052631579 0.15217391304347827 0.04631578947368421 0.021739130434782608
0 0.010526315789473684 0.1956521739130435 0.023157894736842106 0.02508361204013378
0 0.37684210526315787 0.431438127090301 0.12421052631578948 0.07190635451505016
0 0.39473684210526316 0.4331103678929766 0.11789473684210526 0.06688963210702341
0 0.37894736842105264 0.4414715719063545 0.11789473684210526 0.07190635451505016
0 0.9294736842105263 0.4816053511705686 0.07368421052631578 0.11371237458193979
0 0.9210526315789473 0.4916387959866221 0.07894736842105263 0.09866220735785954
0 0.9273684210526316 0.5066889632107023 0.07157894736842105 0.10033444816053512
0 0.92 0.5100334448160535 0.08105263157894736 0.09364548494983277
0 0.4357894736842105 0.5518394648829431 0.12 0.08193979933110368
0 0.4473684210526316 0.5535117056856187 0.10947368421052632 0.07692307692307693
0 0.44 0.560200668896321 0.11368421052631579 0.07859531772575251
0 0.4473684210526316 0.5585284280936454 0.10842105263157895 0.08193979933110368
