0 0.7442105263157894 0.5317725752508361 0.16 0.11204013377926421
0 0.1863157894736842 0.7558528428093646 0.19789473684210526 0.10535117056856187
0 0.035789473684210524 0.15384615384615385 0.04 0.020066889632107024
0 0.004210526315789474 0.17725752508361203 0.022105263157894735 0.01839464882943144
0 0.19052631578947368 0.1588628762541806 0.05052631578947368 0.04180602006688963
0 0.024210526315789474 0.205685618729097 0.02526315789473684 0.020066889632107024
0 0.11789473684210526 0.3896321070234114 0.07052631578947369 0.05852842809364549
0 0.37894736842105264 0.43478260869565216 0.11894736842105263 0.06688963210702341
0 0.9442105263157895 0.47324414715719065 0.05473684210526316 0.0802675585284281
0 0.5810526315789474 0.5618729096989966 0.05263157894736842 0.06354515050167224
