0 0.031578947368421054 0.15384615384615385 0.04631578947368421 0.021739130434782608
0 0.002105263157894737 0.18227424749163879 0.02 0.020066889632107024
0 0.19052631578947368 0.1605351170568562 0.04842105263157895 0.04180602006688963
0 0.017894736842105262 0.1956521739130435 0.03368421052631579 0.03177257525083612
0 0.04631578947368421 0.20066889632107024 0.02736842105263158 0.02508361204013378
0 0.004210526315789474 0.2408026755852843 0.03263157894736842 0.033444816053511704
0 0.9852631578947368 0.31605351170568563 0.014736842105263158 0.04180602006688963
0 0.37684210526315787 0.43478260869565216 0.12421052631578948 0.06688963210702341
0 0.39473684210526316 0.43478260869565216 0.1168421052631579 0.06354515050167224
0 0.37894736842105264 0.44481605351170567 0.1168421052631579 0.06521739130434782
