0 0.4 0.7658862876254181 0.18736842105263157 0.14381270903010032
0 0.8842105263157894 0.7424749163879598 0.12210526315789473 0.1454849498327759
0 0.031578947368421054 0.15384615384615385 0.04421052631578947 0.023411371237458192
0 0.18842105263157893 0.1605351170568562 0.05368421052631579 0.043478260869565216
0 0.049473684210526316 0.28762541806020064 0.04 0.04013377926421405
0 0.3778947368421053 0.43645484949832775 0.12105263157894737 0.06688963210702341
0 0.19894736842105262 0.5133779264214047 0.034736842105263156 0.046822742474916385
0 0.19789473684210526 0.5234113712374582 0.0431578947368421 0.07692307692307693
0 0.32842105263157895 0.5183946488294314 0.11578947368421053 0.08193979933110368
0 0.6336842105263157 0.5183946488294314 0.15578947368421053 0.0802675585284281
