0 0.891578947368421 0.7474916387959866 0.10631578947368421 0.1588628762541806
0 0.07894736842105263 0.7424749163879598 0.20842105263157895 0.2525083612040134
0 0.031578947368421054 0.15384615384615385 0.045263157894736845 0.023411371237458192
0 0.18736842105263157 0.1588628762541806 0.05789473684210526 0.05351170568561873
0 0.035789473684210524 0.42474916387959866 0.08736842105263158 0.07190635451505016
0 0.3778947368421053 0.43478260869565216 0.12 0.06521739130434782
0 0.8221052631578948 0.4782608695652174 0.1231578947368421 0.0802675585284281
0 0.3178947368421053 0.4916387959866221 0.12842105263157894 0.0802675585284281
0 0.5621052631578948 0.5066889632107023 0.11368421052631579 0.06354515050167224
0 0.5126315789473684 0.568561872909699 0.13789473684210526 0.07357859531772576
