0 0.8431578947368421 0.7374581939799331 0.16 0.1806020066889632
0 0.031578947368421054 0.15217391304347827 0.04631578947368421 0.02508361204013378
0 0.18736842105263157 0.1588628762541806 0.05789473684210526 0.05351170568561873
0 0.022105263157894735 0.41471571906354515 0.08210526315789474 0.06354515050167224
0 0.38105263157894737 0.43645484949832775 0.1168421052631579 0.06354515050167224
0 0.29368421052631577 0.4765886287625418 0.13473684210526315 0.08528428093645485
0 0.5410526315789473 0.5066889632107023 0.09473684210526316 0.05518394648829431
0 0.7968421052631579 0.4916387959866221 0.12210526315789473 0.07525083612040134
0 0.9694736842105263 0.5083612040133779 0.028421052631578948 0.09531772575250837
0 0.4905263157894737 0.568561872909699 0.12526315789473685 0.07190635451505016
