0 0.8168421052631579 0.7491638795986622 0.18 0.15719063545150502
0 0.031578947368421054 0.15217391304347827 0.04631578947368421 0.02508361204013378
0 0.18736842105263157 0.1588628762541806 0.05789473684210526 0.05351170568561873
0 0.02 0.4096989966555184 0.07578947368421053 0.06521739130434782
0 0.3821052631578947 0.43645484949832775 0.1168421052631579 0.061872909698996656
0 0.2768421052631579 0.47491638795986624 0.13578947368421052 0.08528428093645485
0 0.5284210526315789 0.5066889632107023 0.09894736842105263 0.06020066889632107
0 0.7747368421052632 0.49498327759197325 0.1336842105263158 0.07357859531772576
0 0.9652631578947368 0.4899665551839465 0.03368421052631579 0.10367892976588629
0 0.46421052631578946 0.568561872909699 0.13789473684210526 0.07190635451505016
