0 0.7852631578947369 0.7625418060200669 0.21052631578947367 0.13712374581939799
0 0.031578947368421054 0.15217391304347827 0.04631578947368421 0.02508361204013378
0 0.18736842105263157 0.1588628762541806 0.05789473684210526 0.05351170568561873
0 0.01368421052631579 0.40635451505016723 0.07684210526315789 0.061872909698996656
0 0.38 0.43645484949832775 0.11894736842105263 0.061872909698996656
0 0.26842105263157895 0.47157190635451507 0.1336842105263158 0.08528428093645485
0 0.511578947368421 0.5033444816053512 0.09368421052631579 0.06521739130434782
0 0.7642105263157895 0.49498327759197325 0.13052631578947368 0.07525083612040134
0 0.9589473684210527 0.5066889632107023 0.03894736842105263 0.10033444816053512
0 0.44842105263157894 0.5618729096989966 0.14 0.08193979933110368
