0 0.7610526315789473 0.7625418060200669 0.22421052631578947 0.13712374581939799
0 0.031578947368421054 0.15217391304347827 0.04631578947368421 0.02508361204013378
0 0.18736842105263157 0.1588628762541806 0.05789473684210526 0.05351170568561873
0 0.011578947368421053 0.40301003344481606 0.06842105263157895 0.05518394648829431
0 0.38 0.43645484949832775 0.11789473684210526 0.06354515050167224
0 0.26631578947368423 0.4682274247491639 0.12421052631578948 0.08361204013377926
0 0.4926315789473684 0.5066889632107023 0.09789473684210526 0.06020066889632107
0 0.74 0.49498327759197325 0.13578947368421052 0.07525083612040134
0 0.9431578947368421 0.5066889632107023 0.05894736842105263 0.10535117056856187
0 0.4421052631578947 0.5668896321070234 0.1231578947368421 0.07525083612040134
