0 0.9178947368421052 0.45484949832775917 0.07894736842105263 0.14214046822742474
0 0.47789473684210526 0.8645484949832776 0.2 0.13210702341137123
0 0.5094736842105263 0.8678929765886287 0.18842105263157893 0.12207357859531773
0 0.03368421052631579 0.15217391304347827 0.04631578947368421 0.021739130434782608
0 0.008421052631578947 0.1939799331103679 0.024210526315789474 0.026755852842809364
0 0.37684210526315787 0.4331103678929766 0.12421052631578948 0.07023411371237458
0 0.3936842105263158 0.4331103678929766 0.12 0.06688963210702341
0 0.3778947368421053 0.44481605351170567 0.11894736842105263 0.06688963210702341
0 0.9284210526315789 0.479933110367893 0.07473684210526316 0.11538461538461539
0 0.9210526315789473 0.4916387959866221 0.08 0.10033444816053512
0 0.39263157894736844 0.5317725752508361 0.10842105263157895 0.07692307692307693
0 0.4 0.5351170568561873 0.10526315789473684 0.07023411371237458
0 0.9273684210526316 0.5050167224080268 0.07157894736842105 0.09866220735785954
0 0.92 0.5083612040133779 0.08105263157894736 0.09197324414715718
0 0.39263157894736844 0.5384615384615384 0.10947368421052632 0.07692307692307693
0 0.4 0.540133779264214 0.10421052631578948 0.07190635451505016
