0 0.9178947368421052 0.45484949832775917 0.07894736842105263 0.14214046822742474
0 0.47789473684210526 0.8662207357859532 0.19894736842105262 0.12876254180602006
0 0.5105263157894737 0.8678929765886287 0.1863157894736842 0.12207357859531773
0 0.031578947368421054 0.15217391304347827 0.04736842105263158 0.021739130434782608
0 0.008421052631578947 0.1939799331103679 0.024210526315789474 0.026755852842809364
0 0.37684210526315787 0.4331103678929766 0.12421052631578948 0.07023411371237458
0 0.3936842105263158 0.4331103678929766 0.11894736842105263 0.06688963210702341
0 0.3778947368421053 0.44481605351170567 0.11894736842105263 0.06688963210702341
0 0.9284210526315789 0.479933110367893 0.07473684210526316 0.11538461538461539
0 0.9210526315789473 0.4916387959866221 0.08 0.10033444816053512
0 0.3936842105263158 0.5317725752508361 0.10631578947368421 0.07692307692307693
0 0.4 0.5351170568561873 0.10421052631578948 0.07023411371237458
0 0.9273684210526316 0.5050167224080268 0.07157894736842105 0.10033444816053512
0 0.92 0.5083612040133779 0.08105263157894736 0.09364548494983277
0 0.3936842105263158 0.5384615384615384 0.10736842105263159 0.07692307692307693
0 0.4010526315789474 0.540133779264214 0.1031578947368421 0.07190635451505016
