0 0.9178947368421052 0.45484949832775917 0.08 0.14214046822742474
0 0.42947368421052634 0.8595317725752508 0.21368421052631578 0.13879598662207357
0 0.4726315789473684 0.8612040133779264 0.17157894736842105 0.13210702341137123
0 0.031578947368421054 0.15217391304347827 0.04736842105263158 0.021739130434782608
0 0.009473684210526316 0.1939799331103679 0.023157894736842106 0.026755852842809364
0 0.37684210526315787 0.4331103678929766 0.12421052631578948 0.06856187290969899
0 0.39473684210526316 0.4331103678929766 0.1168421052631579 0.06521739130434782
0 0.3778947368421053 0.44481605351170567 0.12 0.06688963210702341
0 0.9284210526315789 0.479933110367893 0.07473684210526316 0.11538461538461539
0 0.9210526315789473 0.4916387959866221 0.08 0.10033444816053512
0 0.36947368421052634 0.5267558528428093 0.10526315789473684 0.07357859531772576
0 0.37894736842105264 0.5267558528428093 0.1 0.07023411371237458
0 0.9273684210526316 0.5050167224080268 0.07157894736842105 0.10033444816053512
0 0.92 0.5083612040133779 0.08105263157894736 0.09364548494983277
