0 0.07473684210526316 0.7525083612040134 0.20210526315789473 0.13043478260869565
0 0.8831578947368421 0.7324414715719063 0.11894736842105263 0.1688963210702341
0 0.034736842105263156 0.15384615384615385 0.04421052631578947 0.023411371237458192
0 0.18736842105263157 0.1588628762541806 0.05789473684210526 0.051839464882943144
0 0.08947368421052632 0.391304347826087 0.08 0.07190635451505016
0 0.3778947368421053 0.43645484949832775 0.1168421052631579 0.05518394648829431
0 0.23157894736842105 0.44648829431438125 0.08947368421052632 0.06688963210702341
0 0.14842105263157895 0.49331103678929766 0.10947368421052632 0.08862876254180602
0 0.40210526315789474 0.4916387959866221 0.1231578947368421 0.07692307692307693
0 0.708421052631579 0.568561872909699 0.13789473684210526 0.08862876254180602
