0 0.003157894736842105 0.7508361204013378 0.16736842105263158 0.13043478260869565
0 0.7936842105263158 0.7625418060200669 0.2 0.14046822742474915
0 0.03263157894736842 0.15217391304347827 0.045263157894736845 0.02508361204013378
0 0.18736842105263157 0.1588628762541806 0.05894736842105263 0.05351170568561873
0 0.07578947368421053 0.3762541806020067 0.07052631578947369 0.06856187290969899
0 0.20105263157894737 0.4297658862876254 0.08315789473684211 0.07357859531772576
0 0.37894736842105264 0.43812709030100333 0.11578947368421053 0.05016722408026756
0 0.11894736842105263 0.4765886287625418 0.10210526315789474 0.08361204013377926
0 0.36736842105263157 0.479933110367893 0.12105263157894737 0.07692307692307693
0 0.66 0.5668896321070234 0.1368421052631579 0.08695652173913043
