0 0.003157894736842105 0.7525083612040134 0.16842105263157894 0.12876254180602006
0 0.7936842105263158 0.7625418060200669 0.2 0.14046822742474915
0 0.03263157894736842 0.15217391304347827 0.04631578947368421 0.02508361204013378
0 0.18736842105263157 0.1588628762541806 0.05894736842105263 0.05351170568561873
0 0.07578947368421053 0.3762541806020067 0.07157894736842105 0.06856187290969899
0 0.20105263157894737 0.4280936454849498 0.08421052631578947 0.07525083612040134
0 0.37894736842105264 0.43645484949832775 0.11578947368421053 0.051839464882943144
0 0.11894736842105263 0.4782608695652174 0.1031578947368421 0.08361204013377926
0 0.36947368421052634 0.479933110367893 0.12 0.07692307692307693
0 0.66 0.5652173913043478 0.1368421052631579 0.08695652173913043
