0 0.003157894736842105 0.7525083612040134 0.13052631578947368 0.12374581939799331
0 0.7631578947368421 0.7675585284280937 0.2031578947368421 0.13377926421404682
0 0.03263157894736842 0.15384615384615385 0.04631578947368421 0.023411371237458192
0 0.18736842105263157 0.1588628762541806 0.05789473684210526 0.05351170568561873
0 0.07263157894736842 0.3745819397993311 0.06947368421052631 0.06688963210702341
0 0.19052631578947368 0.431438127090301 0.08421052631578947 0.07023411371237458
0 0.37894736842105264 0.43645484949832775 0.1168421052631579 0.05351170568561873
0 0.10736842105263159 0.47324414715719065 0.1031578947368421 0.08193979933110368
0 0.3473684210526316 0.4765886287625418 0.1368421052631579 0.08193979933110368
0 0.6431578947368422 0.5635451505016722 0.13473684210526315 0.09197324414715718
