0 0.9178947368421052 0.45484949832775917 0.07894736842105263 0.14214046822742474
0 0.38105263157894737 0.8545150501672241 0.22526315789473683 0.13712374581939799
0 0.40421052631578946 0.8528428093645485 0.2063157894736842 0.13879598662207357
0 0.030526315789473683 0.15217391304347827 0.049473684210526316 0.021739130434782608
0 0.008421052631578947 0.1939799331103679 0.024210526315789474 0.026755852842809364
0 0.37684210526315787 0.4331103678929766 0.1231578947368421 0.06856187290969899
0 0.3957894736842105 0.4331103678929766 0.11578947368421053 0.06521739130434782
0 0.3778947368421053 0.44481605351170567 0.11894736842105263 0.06521739130434782
0 0.36 0.5117056856187291 0.0968421052631579 0.06856187290969899
0 0.9284210526315789 0.479933110367893 0.07473684210526316 0.11538461538461539
0 0.9221052631578948 0.4916387959866221 0.07894736842105263 0.10033444816053512
0 0.34421052631578947 0.5167224080267558 0.10736842105263159 0.07190635451505016
0 0.35789473684210527 0.5183946488294314 0.09894736842105263 0.07023411371237458
0 0.9273684210526316 0.5050167224080268 0.07157894736842105 0.09866220735785954
0 0.9210526315789473 0.5083612040133779 0.08 0.09197324414715718
