0 0.5442105263157895 0.7725752508361204 0.19157894736842104 0.12709030100334448
0 0.18947368421052632 0.15719063545150502 0.056842105263157895 0.05518394648829431
0 0.056842105263157895 0.34782608695652173 0.05894736842105263 0.06020066889632107
0 0.14 0.40301003344481606 0.07368421052631578 0.07357859531772576
0 0.37894736842105264 0.43645484949832775 0.11894736842105263 0.06688963210702341
0 0.9589473684210527 0.4096989966555184 0.03894736842105263 0.10535117056856187
0 0.05473684210526316 0.44816053511705684 0.08421052631578947 0.06521739130434782
0 0.27473684210526317 0.45652173913043476 0.11263157894736842 0.07190635451505016
0 0.9389473684210526 0.5100334448160535 0.06421052631578947 0.09866220735785954
0 0.5242105263157895 0.5635451505016722 0.1231578947368421 0.08361204013377926
