0 0.511578947368421 0.7725752508361204 0.18947368421052632 0.13043478260869565
0 0.18842105263157893 0.15719063545150502 0.056842105263157895 0.05518394648829431
0 0.05263157894736842 0.3411371237458194 0.05789473684210526 0.06020066889632107
0 0.13473684210526315 0.4013377926421405 0.06947368421052631 0.06688963210702341
0 0.37894736842105264 0.43478260869565216 0.11894736842105263 0.06521739130434782
0 0.9431578947368421 0.40635451505016723 0.05894736842105263 0.11538461538461539
0 0.04631578947368421 0.4414715719063545 0.0863157894736842 0.07692307692307693
0 0.2673684210526316 0.451505016722408 0.10736842105263159 0.07525083612040134
0 0.9315789473684211 0.5150501672240803 0.06947368421052631 0.09197324414715718
0 0.5063157894736842 0.5635451505016722 0.12842105263157894 0.08193979933110368
