0 0.47578947368421054 0.7692307692307693 0.19157894736842104 0.1254180602006689
0 0.18842105263157893 0.15719063545150502 0.056842105263157895 0.05518394648829431
0 0.05263157894736842 0.3394648829431438 0.05473684210526316 0.06020066889632107
0 0.12421052631578948 0.3996655518394649 0.07052631578947369 0.06856187290969899
0 0.04 0.43645484949832775 0.08421052631578947 0.06688963210702341
0 0.38 0.43478260869565216 0.11894736842105263 0.06521739130434782
0 0.9368421052631579 0.4096989966555184 0.06736842105263158 0.11371237458193979
0 0.2578947368421053 0.4498327759197324 0.10736842105263159 0.07357859531772576
0 0.9157894736842105 0.5183946488294314 0.08315789473684211 0.09531772575250837
0 0.4863157894736842 0.5652173913043478 0.13157894736842105 0.07525083612040134
