0 0.3831578947368421 0.7725752508361204 0.18210526315789474 0.12374581939799331
0 0.18947368421052632 0.15719063545150502 0.056842105263157895 0.05518394648829431
0 0.049473684210526316 0.3294314381270903 0.05157894736842105 0.06688963210702341
0 0.10736842105263159 0.3862876254180602 0.06736842105263158 0.06020066889632107
0 0.024210526315789474 0.42642140468227424 0.07473684210526316 0.06354515050167224
0 0.2294736842105263 0.4331103678929766 0.0968421052631579 0.07692307692307693
0 0.37894736842105264 0.43478260869565216 0.12105263157894737 0.06688963210702341
0 0.911578947368421 0.431438127090301 0.08736842105263158 0.09866220735785954
0 0.44105263157894736 0.5551839464882943 0.1231578947368421 0.07525083612040134
0 0.8768421052631579 0.5317725752508361 0.12631578947368421 0.09197324414715718
0 0.9705263157894737 0.7408026755852842 0.029473684210526315 0.14214046822742474
