0 0.34842105263157896 0.7775919732441472 0.1831578947368421 0.11371237458193979
0 0.18842105263157893 0.15719063545150502 0.05789473684210526 0.05518394648829431
0 0.04736842105263158 0.32608695652173914 0.05052631578947368 0.06521739130434782
0 0.1031578947368421 0.38294314381270905 0.06736842105263158 0.06020066889632107
0 0.022105263157894735 0.4197324414715719 0.06842105263157895 0.06521739130434782
0 0.21473684210526317 0.42642140468227424 0.10526315789473684 0.08193979933110368
0 0.37894736842105264 0.43478260869565216 0.12105263157894737 0.06688963210702341
0 0.9042105263157895 0.43478260869565216 0.09368421052631579 0.09531772575250837
0 0.868421052631579 0.5351170568561873 0.13052631578947368 0.09364548494983277
0 0.4189473684210526 0.5568561872909699 0.12421052631578948 0.09197324414715718
0 0.9421052631578948 0.7491638795986622 0.06 0.12374581939799331
