0 0.3473684210526316 0.7759197324414716 0.18421052631578946 0.11538461538461539
0 0.9273684210526316 0.7374581939799331 0.07052631578947369 0.15551839464882944
0 0.18842105263157893 0.15719063545150502 0.05789473684210526 0.05518394648829431
0 0.04631578947368421 0.32608695652173914 0.05157894736842105 0.06521739130434782
0 0.1031578947368421 0.38294314381270905 0.06736842105263158 0.06020066889632107
0 0.022105263157894735 0.4214046822742475 0.06842105263157895 0.06354515050167224
0 0.21578947368421053 0.4280936454849498 0.10526315789473684 0.0802675585284281
0 0.37894736842105264 0.43478260869565216 0.12105263157894737 0.06688963210702341
0 0.9042105263157895 0.43478260869565216 0.09368421052631579 0.09531772575250837
0 0.868421052631579 0.5351170568561873 0.13052631578947368 0.09197324414715718
0 0.41789473684210526 0.5568561872909699 0.12526315789473685 0.09197324414715718
