0 0.9189473684210526 0.45484949832775917 0.07894736842105263 0.14381270903010032
0 0.33052631578947367 0.8578595317725752 0.2231578947368421 0.1354515050167224
0 0.3642105263157895 0.8494983277591973 0.21052631578947367 0.14381270903010032
0 0.030526315789473683 0.15217391304347827 0.049473684210526316 0.021739130434782608
0 0.008421052631578947 0.1939799331103679 0.024210526315789474 0.02508361204013378
0 0.3757894736842105 0.4331103678929766 0.12421052631578948 0.06856187290969899
0 0.3936842105263158 0.43478260869565216 0.11894736842105263 0.06354515050167224
0 0.3757894736842105 0.44481605351170567 0.12105263157894737 0.06521739130434782
0 0.3336842105263158 0.5050167224080268 0.10526315789473684 0.07525083612040134
0 0.9284210526315789 0.479933110367893 0.07473684210526316 0.11538461538461539
0 0.9221052631578948 0.4916387959866221 0.07894736842105263 0.10033444816053512
0 0.3357894736842105 0.5133779264214047 0.1031578947368421 0.07692307692307693
0 0.9273684210526316 0.5050167224080268 0.07157894736842105 0.10033444816053512
0 0.92 0.5100334448160535 0.08105263157894736 0.09197324414715718
