0 0.28210526315789475 0.7692307692307693 0.17894736842105263 0.11538461538461539
0 0.88 0.7441471571906354 0.12421052631578948 0.14214046822742474
0 0.18947368421052632 0.15719063545150502 0.056842105263157895 0.05518394648829431
0 0.04842105263157895 0.3177257525083612 0.045263157894736845 0.05016722408026756
0 0.09473684210526316 0.3745819397993311 0.06315789473684211 0.05351170568561873
0 0.02 0.41304347826086957 0.06526315789473684 0.05852842809364549
0 0.2 0.42474916387959866 0.09157894736842105 0.07190635451505016
0 0.37894736842105264 0.43478260869565216 0.12105263157894737 0.06688963210702341
0 0.88 0.43645484949832775 0.11894736842105263 0.10702341137123746
0 0.3778947368421053 0.5451505016722408 0.1336842105263158 0.08361204013377926
0 0.8421052631578947 0.5384615384615384 0.1368421052631579 0.0903010033444816
