0 0.2810526315789474 0.7692307692307693 0.18 0.11705685618729098
0 0.8789473684210526 0.7424749163879598 0.12526315789473685 0.14214046822742474
0 0.04842105263157895 0.3177257525083612 0.04631578947368421 0.05016722408026756
0 0.09473684210526316 0.3745819397993311 0.06315789473684211 0.05351170568561873
0 0.02 0.41304347826086957 0.06526315789473684 0.05852842809364549
0 0.2 0.42474916387959866 0.09157894736842105 0.07190635451505016
0 0.37894736842105264 0.4331103678929766 0.12105263157894737 0.06856187290969899
0 0.88 0.43645484949832775 0.12 0.10702341137123746
0 0.3778947368421053 0.5451505016722408 0.13473684210526315 0.08361204013377926
0 0.8421052631578947 0.540133779264214 0.1368421052631579 0.0903010033444816
