0 0.1705263157894737 0.774247491638796 0.1863157894736842 0.12040133779264214
0 0.7852631578947369 0.7424749163879598 0.22 0.1488294314381271
0 0.04842105263157895 0.3093645484949833 0.04105263157894737 0.05016722408026756
0 0.08105263157894736 0.3595317725752508 0.061052631578947365 0.05518394648829431
0 0.003157894736842105 0.3996655518394649 0.06210526315789474 0.05852842809364549
0 0.1726315789473684 0.411371237458194 0.08736842105263158 0.06856187290969899
0 0.3778947368421053 0.43645484949832775 0.1231578947368421 0.06354515050167224
0 0.8473684210526315 0.4414715719063545 0.1431578947368421 0.1020066889632107
0 0.34 0.5384615384615384 0.12842105263157894 0.08361204013377926
0 0.7905263157894736 0.5484949832775919 0.15473684210526314 0.0903010033444816
