0 0.030526315789473683 0.15551839464882944 0.04736842105263158 0.023411371237458192
0 0.002105263157894737 0.18227424749163879 0.021052631578947368 0.020066889632107024
0 0.18947368421052632 0.16220735785953178 0.05052631578947368 0.04180602006688963
0 0.017894736842105262 0.1956521739130435 0.03263157894736842 0.03177257525083612
0 0.04631578947368421 0.20066889632107024 0.02736842105263158 0.02508361204013378
0 0.004210526315789474 0.2408026755852843 0.03263157894736842 0.033444816053511704
0 0.9852631578947368 0.31605351170568563 0.014736842105263158 0.04180602006688963
0 0.37684210526315787 0.4331103678929766 0.1231578947368421 0.06856187290969899
0 0.39473684210526316 0.43478260869565216 0.1168421052631579 0.06354515050167224
0 0.37894736842105264 0.44481605351170567 0.1168421052631579 0.06688963210702341
