0 0.13263157894736843 0.7709030100334449 0.19157894736842104 0.12374581939799331
0 0.7642105263157895 0.7441471571906354 0.22842105263157894 0.15719063545150502
0 0.034736842105263156 0.15384615384615385 0.04 0.021739130434782608
0 0.049473684210526316 0.3076923076923077 0.03894736842105263 0.046822742474916385
0 0.08105263157894736 0.35451505016722407 0.05578947368421053 0.05852842809364549
0 0.005263157894736842 0.3879598662207358 0.056842105263157895 0.06354515050167224
0 0.16210526315789472 0.4096989966555184 0.0863157894736842 0.06688963210702341
0 0.37894736842105264 0.43645484949832775 0.12210526315789473 0.06354515050167224
0 0.8389473684210527 0.4431438127090301 0.14421052631578948 0.09866220735785954
0 0.3273684210526316 0.5234113712374582 0.12631578947368421 0.08862876254180602
0 0.7821052631578947 0.5451505016722408 0.14736842105263157 0.09364548494983277
