0 0.8126315789473684 0.44816053511705684 0.15578947368421053 0.11371237458193979
0 0.7452631578947368 0.5551839464882943 0.15368421052631578 0.12040133779264214
0 0.06210526315789474 0.774247491638796 0.18947368421052632 0.1254180602006689
0 0.7073684210526315 0.745819397993311 0.23157894736842105 0.14715719063545152
0 0.03368421052631579 0.15384615384615385 0.04105263157894737 0.021739130434782608
0 0.049473684210526316 0.2993311036789298 0.03684210526315789 0.04013377926421405
0 0.004210526315789474 0.38461538461538464 0.04842105263157895 0.06020066889632107
0 0.14421052631578948 0.40468227424749165 0.08526315789473685 0.06020066889632107
0 0.37894736842105264 0.43478260869565216 0.12210526315789473 0.06521739130434782
0 0.29894736842105263 0.520066889632107 0.12631578947368421 0.0903010033444816
