0 0.8115789473684211 0.44816053511705684 0.1568421052631579 0.11371237458193979
0 0.7473684210526316 0.5551839464882943 0.15368421052631578 0.11872909698996656
0 0.06210526315789474 0.774247491638796 0.19052631578947368 0.1254180602006689
0 0.7052631578947368 0.745819397993311 0.2326315789473684 0.14715719063545152
0 0.03368421052631579 0.15384615384615385 0.04105263157894737 0.021739130434782608
0 0.05052631578947368 0.2993311036789298 0.035789473684210524 0.04013377926421405
0 0.005263157894736842 0.38461538461538464 0.04842105263157895 0.05852842809364549
0 0.14421052631578948 0.40301003344481606 0.0863157894736842 0.061872909698996656
0 0.37894736842105264 0.43478260869565216 0.12210526315789473 0.06521739130434782
0 0.3 0.520066889632107 0.12421052631578948 0.0903010033444816
