0 0.7978947368421052 0.45652173913043476 0.16526315789473683 0.10702341137123746
0 0.7368421052631579 0.560200668896321 0.1463157894736842 0.11371237458193979
0 0.024210526315789474 0.7775919732441472 0.1957894736842105 0.12374581939799331
0 0.6673684210526316 0.745819397993311 0.23894736842105263 0.14214046822742474
0 0.03368421052631579 0.15384615384615385 0.042105263157894736 0.021739130434782608
0 0.18842105263157893 0.15719063545150502 0.056842105263157895 0.05518394648829431
0 0.049473684210526316 0.29431438127090304 0.03684210526315789 0.04180602006688963
0 0.06421052631578947 0.33444816053511706 0.06 0.05852842809364549
0 0.003157894736842105 0.38127090301003347 0.04842105263157895 0.05852842809364549
0 0.13894736842105262 0.3979933110367893 0.08210526315789474 0.06521739130434782
0 0.3778947368421053 0.43478260869565216 0.12210526315789473 0.06688963210702341
0 0.28526315789473683 0.520066889632107 0.12 0.0903010033444816
