0 0.7768421052631579 0.45652173913043476 0.15894736842105264 0.11371237458193979
0 0.7031578947368421 0.5568561872909699 0.15157894736842106 0.11036789297658862
0 -0.0010526315789473684 0.7709030100334449 0.1463157894736842 0.12709030100334448
0 0.6042105263157894 0.7474916387959866 0.23473684210526316 0.14715719063545152
0 0.03368421052631579 0.15384615384615385 0.04105263157894737 0.021739130434782608
0 0.04736842105263158 0.28929765886287623 0.03894736842105263 0.04180602006688963
0 0.06526315789473684 0.33444816053511706 0.04736842105263158 0.048494983277591976
0 0.1231578947368421 0.3862876254180602 0.08105263157894736 0.06688963210702341
0 0.37684210526315787 0.43645484949832775 0.1231578947368421 0.06688963210702341
0 0.26526315789473687 0.5167224080267558 0.11052631578947368 0.07859531772575251
