0 0.7610526315789473 0.459866220735786 0.15578947368421053 0.11204013377926421
0 0.6905263157894737 0.5551839464882943 0.1431578947368421 0.12207357859531773
0 0.0010526315789473684 0.7675585284280937 0.10736842105263159 0.13377926421404682
0 0.5747368421052632 0.7474916387959866 0.22631578947368422 0.1454849498327759
0 0.03368421052631579 0.15384615384615385 0.04105263157894737 0.021739130434782608
0 0.04631578947368421 0.28762541806020064 0.04105263157894737 0.04013377926421405
0 0.06315789473684211 0.33277591973244147 0.05052631578947368 0.0451505016722408
0 0.1168421052631579 0.3862876254180602 0.07578947368421053 0.061872909698996656
0 0.37684210526315787 0.43645484949832775 0.1231578947368421 0.06688963210702341
0 0.25684210526315787 0.5150501672240803 0.11157894736842106 0.08528428093645485
