0 0.7431578947368421 0.46321070234113715 0.16 0.11872909698996656
0 0.6694736842105263 0.5585284280936454 0.14842105263157895 0.10702341137123746
0 0.5452631578947369 0.7525083612040134 0.22526315789473683 0.14046822742474915
0 0.034736842105263156 0.15384615384615385 0.04 0.021739130434782608
0 0.04736842105263158 0.28595317725752506 0.04105263157894737 0.038461538461538464
0 0.9094736842105263 0.2959866220735786 0.05052631578947368 0.0451505016722408
0 0.06210526315789474 0.33277591973244147 0.04736842105263158 0.043478260869565216
0 0.11052631578947368 0.3795986622073579 0.07263157894736842 0.061872909698996656
0 0.37684210526315787 0.43478260869565216 0.1231578947368421 0.06856187290969899
0 0.2431578947368421 0.5133779264214047 0.10526315789473684 0.08528428093645485
0 -0.002105263157894737 0.7709030100334449 0.06421052631578947 0.13043478260869565
