0 0.7242105263157895 0.4682274247491639 0.1705263157894737 0.11036789297658862
0 0.6547368421052632 0.5585284280936454 0.14842105263157895 0.11371237458193979
0 0.5126315789473684 0.754180602006689 0.2231578947368421 0.13377926421404682
0 0.034736842105263156 0.15384615384615385 0.04 0.021739130434782608
0 0.04736842105263158 0.2809364548494983 0.04105263157894737 0.04180602006688963
0 0.05789473684210526 0.3210702341137124 0.04842105263157895 0.043478260869565216
0 0.9147368421052632 0.3010033444816054 0.05473684210526316 0.05518394648829431
0 0.10421052631578948 0.3779264214046823 0.07368421052631578 0.05518394648829431
0 0.37684210526315787 0.43478260869565216 0.1231578947368421 0.06856187290969899
0 0.2336842105263158 0.5083612040133779 0.10842105263157895 0.09866220735785954
