0 0.7115789473684211 0.4698996655518395 0.16842105263157894 0.11371237458193979
0 0.64 0.560200668896321 0.14947368421052631 0.11705685618729098
0 0.4789473684210526 0.7525083612040134 0.21789473684210525 0.1254180602006689
0 0.034736842105263156 0.15384615384615385 0.04 0.023411371237458192
0 0.18842105263157893 0.1588628762541806 0.056842105263157895 0.05351170568561873
0 0.049473684210526316 0.27759197324414714 0.035789473684210524 0.033444816053511704
0 0.05473684210526316 0.3193979933110368 0.049473684210526316 0.0451505016722408
0 0.9157894736842105 0.3060200668896321 0.05789473684210526 0.05351170568561873
0 0.09789473684210526 0.3729096989966555 0.07263157894736842 0.061872909698996656
0 0.3778947368421053 0.4331103678929766 0.12210526315789473 0.06856187290969899
0 0.22736842105263158 0.4983277591973244 0.1031578947368421 0.08862876254180602
