0 0.7 0.4698996655518395 0.1694736842105263 0.11371237458193979
0 0.6326315789473684 0.5585284280936454 0.14105263157894737 0.10869565217391304
0 0.4494736842105263 0.7474916387959866 0.21578947368421053 0.12876254180602006
0 0.034736842105263156 0.15384615384615385 0.04 0.023411371237458192
0 0.049473684210526316 0.27424749163879597 0.034736842105263156 0.033444816053511704
0 0.05368421052631579 0.3177257525083612 0.04842105263157895 0.04180602006688963
0 0.9221052631578948 0.3076923076923077 0.05894736842105263 0.05351170568561873
0 0.09578947368421052 0.362876254180602 0.06526315789473684 0.06521739130434782
0 0.3778947368421053 0.43478260869565216 0.12210526315789473 0.06856187290969899
0 0.2094736842105263 0.49498327759197325 0.11052631578947368 0.08695652173913043
