0 0.9189473684210526 0.4531772575250836 0.07894736842105263 0.14381270903010032
0 0.28421052631578947 0.8561872909698997 0.19894736842105262 0.14046822742474915
0 0.30105263157894735 0.8545150501672241 0.21789473684210525 0.13879598662207357
0 0.031578947368421054 0.15217391304347827 0.04842105263157895 0.021739130434782608
0 0.008421052631578947 0.1939799331103679 0.023157894736842106 0.023411371237458192
0 0.3778947368421053 0.4331103678929766 0.12210526315789473 0.07023411371237458
0 0.3936842105263158 0.43478260869565216 0.11894736842105263 0.06688963210702341
0 0.3778947368421053 0.4431438127090301 0.11894736842105263 0.06688963210702341
0 0.3 0.4866220735785953 0.09368421052631579 0.07023411371237458
0 0.3063157894736842 0.4899665551839465 0.08947368421052632 0.061872909698996656
0 0.29894736842105263 0.49331103678929766 0.09578947368421052 0.06688963210702341
0 0.30526315789473685 0.49331103678929766 0.09263157894736843 0.06521739130434782
0 0.9294736842105263 0.4816053511705686 0.07368421052631578 0.11371237458193979
0 0.9221052631578948 0.4916387959866221 0.07894736842105263 0.10033444816053512
0 0.9263157894736842 0.5066889632107023 0.07157894736842105 0.09698996655518395
0 0.9210526315789473 0.5117056856187291 0.08 0.0903010033444816
