0 0.7 0.4698996655518395 0.1694736842105263 0.11538461538461539
0 0.631578947368421 0.5585284280936454 0.14210526315789473 0.10869565217391304
0 0.45052631578947366 0.7491638795986622 0.21473684210526317 0.12709030100334448
0 0.034736842105263156 0.15384615384615385 0.04 0.021739130434782608
0 0.049473684210526316 0.27424749163879597 0.035789473684210524 0.033444816053511704
0 0.05368421052631579 0.31605351170568563 0.04736842105263158 0.04180602006688963
0 0.9221052631578948 0.3076923076923077 0.05894736842105263 0.05351170568561873
0 0.09578947368421052 0.362876254180602 0.06526315789473684 0.06521739130434782
0 0.3778947368421053 0.43478260869565216 0.12210526315789473 0.06856187290969899
0 0.21052631578947367 0.49498327759197325 0.11052631578947368 0.08695652173913043
