0 0.7231578947368421 0.8043478260869565 0.27263157894736845 0.17725752508361203
0 0.03263157894736842 0.15384615384615385 0.04421052631578947 0.021739130434782608
0 0.19157894736842104 0.1605351170568562 0.05052631578947368 0.04180602006688963
0 0.04631578947368421 0.24414715719063546 0.01263157894736842 0.03511705685618729
0 -0.002105263157894737 0.28595317725752506 0.022105263157894735 0.04013377926421405
0 0.9578947368421052 0.2993311036789298 0.04 0.04013377926421405
0 0.05157894736842105 0.3494983277591973 0.04842105263157895 0.06354515050167224
0 0.37894736842105264 0.43812709030100333 0.12210526315789473 0.06354515050167224
0 0.8694736842105263 0.4665551839464883 0.11789473684210526 0.08695652173913043
0 0.92 0.5167224080267558 0.07684210526315789 0.08193979933110368
