0 0.783157894736842 0.7976588628762542 0.22105263157894736 0.18729096989966554
0 0.031578947368421054 0.15384615384615385 0.045263157894736845 0.021739130434782608
0 0.19157894736842104 0.1605351170568562 0.05052631578947368 0.04180602006688963
0 0.04631578947368421 0.24749163879598662 0.01368421052631579 0.03678929765886288
0 -0.0010526315789473684 0.28929765886287623 0.021052631578947368 0.038461538461538464
0 0.9421052631578948 0.2792642140468227 0.05789473684210526 0.06688963210702341
0 0.049473684210526316 0.35618729096989965 0.05157894736842105 0.061872909698996656
0 0.37894736842105264 0.43812709030100333 0.12210526315789473 0.06354515050167224
0 0.8694736842105263 0.4665551839464883 0.1168421052631579 0.08695652173913043
0 0.92 0.5183946488294314 0.07684210526315789 0.0802675585284281
