0 0.7631578947368421 0.7959866220735786 0.23789473684210527 0.18896321070234115
0 0.031578947368421054 0.15384615384615385 0.045263157894736845 0.021739130434782608
0 0.19157894736842104 0.1605351170568562 0.05052631578947368 0.04180602006688963
0 0.04631578947368421 0.24581939799331104 0.01368421052631579 0.03678929765886288
0 -0.0010526315789473684 0.28762541806020064 0.022105263157894735 0.038461538461538464
0 0.9442105263157895 0.2909698996655518 0.05157894736842105 0.038461538461538464
0 0.05052631578947368 0.3528428093645485 0.05052631578947368 0.061872909698996656
0 0.37894736842105264 0.43812709030100333 0.12210526315789473 0.06354515050167224
0 0.8631578947368421 0.4665551839464883 0.11263157894736842 0.08193979933110368
0 0.92 0.5183946488294314 0.07684210526315789 0.0802675585284281
