0 0.5663157894736842 0.8043478260869565 0.25894736842105265 0.17558528428093645
0 0.03263157894736842 0.15384615384615385 0.0431578947368421 0.021739130434782608
0 0.19052631578947368 0.1605351170568562 0.05157894736842105 0.043478260869565216
0 0.01368421052631579 0.22408026755852842 0.030526315789473683 0.03511705685618729
0 -0.002105263157894737 0.2692307692307692 0.02736842105263158 0.03511705685618729
0 0.05368421052631579 0.3311036789297659 0.045263157894736845 0.048494983277591976
0 0.0 0.4080267558528428 0.06421052631578947 0.06856187290969899
0 0.3778947368421053 0.43645484949832775 0.1231578947368421 0.06521739130434782
0 0.8631578947368421 0.4665551839464883 0.11263157894736842 0.08193979933110368
0 0.9210526315789473 0.5183946488294314 0.07578947368421053 0.07859531772575251
