0 0.6010526315789474 0.8060200668896321 0.25263157894736843 0.17391304347826086
0 0.034736842105263156 0.15551839464882944 0.042105263157894736 0.020066889632107024
0 0.19157894736842104 0.1605351170568562 0.05052631578947368 0.04180602006688963
0 0.01263157894736842 0.225752508361204 0.03263157894736842 0.033444816053511704
0 -0.003157894736842105 0.2725752508361204 0.02736842105263158 0.03177257525083612
0 0.9726315789473684 0.30267558528428096 0.028421052631578948 0.056856187290969896
0 0.05263157894736842 0.33444816053511706 0.04736842105263158 0.0451505016722408
0 -0.0010526315789473684 0.4180602006688963 0.05894736842105263 0.06856187290969899
0 0.37894736842105264 0.43645484949832775 0.12210526315789473 0.06521739130434782
0 0.8642105263157894 0.4665551839464883 0.11157894736842106 0.08193979933110368
0 0.9210526315789473 0.5183946488294314 0.07578947368421053 0.0802675585284281
