0 0.46210526315789474 0.8043478260869565 0.21473684210526317 0.1806020066889632
0 0.03263157894736842 0.15384615384615385 0.04421052631578947 0.021739130434782608
0 0.19052631578947368 0.1588628762541806 0.05263157894736842 0.043478260869565216
0 0.017894736842105262 0.21906354515050167 0.02736842105263158 0.03511705685618729
0 -0.0010526315789473684 0.26421404682274247 0.02736842105263158 0.03678929765886288
0 0.9305263157894736 0.25585284280936454 0.06315789473684211 0.05016722408026756
0 0.05052631578947368 0.31605351170568563 0.04421052631578947 0.0451505016722408
0 0.009473684210526316 0.3896321070234114 0.06526315789473684 0.056856187290969896
0 0.3778947368421053 0.43645484949832775 0.1231578947368421 0.06688963210702341
0 0.8642105263157894 0.4665551839464883 0.11157894736842106 0.08193979933110368
0 0.9210526315789473 0.5183946488294314 0.07578947368421053 0.07692307692307693
