0 0.4189473684210526 0.8043478260869565 0.23578947368421052 0.17892976588628762
0 0.03263157894736842 0.15384615384615385 0.04421052631578947 0.021739130434782608
0 0.19052631578947368 0.15719063545150502 0.05263157894736842 0.0451505016722408
0 0.018947368421052633 0.21906354515050167 0.02736842105263158 0.03511705685618729
0 -0.0010526315789473684 0.2625418060200669 0.029473684210526315 0.03678929765886288
0 0.94 0.25585284280936454 0.05789473684210526 0.05518394648829431
0 0.049473684210526316 0.31438127090301005 0.045263157894736845 0.046822742474916385
0 0.014736842105263158 0.38294314381270905 0.06210526315789474 0.05852842809364549
0 0.37894736842105264 0.43645484949832775 0.12210526315789473 0.06688963210702341
0 0.8631578947368421 0.4665551839464883 0.11263157894736842 0.08193979933110368
0 0.9210526315789473 0.5183946488294314 0.07578947368421053 0.07692307692307693
