0 0.6705263157894736 0.47157190635451507 0.16526315789473683 0.11538461538461539
0 0.3821052631578947 0.7525083612040134 0.21789473684210525 0.12876254180602006
0 0.034736842105263156 0.15384615384615385 0.04 0.023411371237458192
0 0.18842105263157893 0.1588628762541806 0.05578947368421053 0.05351170568561873
0 0.04736842105263158 0.26755852842809363 0.037894736842105266 0.038461538461538464
0 0.9305263157894736 0.3110367892976589 0.061052631578947365 0.05518394648829431
0 0.08421052631578947 0.3595317725752508 0.06736842105263158 0.05852842809364549
0 0.3778947368421053 0.4331103678929766 0.12210526315789473 0.06856187290969899
0 0.19157894736842104 0.4882943143812709 0.10421052631578948 0.09364548494983277
0 0.5936842105263158 0.5702341137123745 0.14736842105263157 0.07859531772575251
