0 0.891578947368421 0.725752508361204 0.10631578947368421 0.1939799331103679
0 0.034736842105263156 0.15217391304347827 0.042105263157894736 0.021739130434782608
0 0.19052631578947368 0.15719063545150502 0.05263157894736842 0.0451505016722408
0 0.0 0.24581939799331104 0.030526315789473683 0.04013377926421405
0 0.9789473684210527 0.26755852842809363 0.02 0.046822742474916385
0 0.05157894736842105 0.30434782608695654 0.04105263157894737 0.05016722408026756
0 0.02526315789473684 0.362876254180602 0.061052631578947365 0.05518394648829431
0 0.3778947368421053 0.43645484949832775 0.1231578947368421 0.06521739130434782
0 0.8642105263157894 0.4665551839464883 0.11052631578947368 0.08193979933110368
0 0.92 0.5167224080267558 0.07789473684210527 0.0802675585284281
