0 0.9242105263157895 0.7324414715719063 0.07684210526315789 0.18896321070234115
0 0.35368421052631577 0.8277591973244147 0.2168421052631579 0.1605351170568562
0 0.034736842105263156 0.15217391304347827 0.042105263157894736 0.021739130434782608
0 0.19052631578947368 0.1588628762541806 0.05263157894736842 0.043478260869565216
0 0.0010526315789473684 0.24749163879598662 0.029473684210526315 0.038461538461538464
0 0.05263157894736842 0.3076923076923077 0.04 0.051839464882943144
0 0.022105263157894735 0.36789297658862874 0.06210526315789474 0.056856187290969896
0 0.3778947368421053 0.43645484949832775 0.1231578947368421 0.06688963210702341
0 0.8642105263157894 0.4665551839464883 0.11157894736842106 0.08193979933110368
0 0.92 0.5183946488294314 0.07684210526315789 0.07859531772575251
