0 0.8936842105263157 0.725752508361204 0.10526315789473684 0.18896321070234115
0 0.03263157894736842 0.15217391304347827 0.0431578947368421 0.021739130434782608
0 0.19052631578947368 0.15719063545150502 0.05263157894736842 0.0451505016722408
0 0.0010526315789473684 0.24581939799331104 0.029473684210526315 0.038461538461538464
0 0.98 0.26755852842809363 0.02 0.046822742474916385
0 0.05157894736842105 0.30434782608695654 0.04105263157894737 0.05016722408026756
0 0.02526315789473684 0.36454849498327757 0.061052631578947365 0.05518394648829431
0 0.37684210526315787 0.43645484949832775 0.1231578947368421 0.06688963210702341
0 0.8642105263157894 0.4665551839464883 0.11052631578947368 0.08193979933110368
0 0.92 0.5167224080267558 0.07684210526315789 0.0802675585284281
