0 0.8936842105263157 0.725752508361204 0.10526315789473684 0.18896321070234115
0 0.03368421052631579 0.15217391304347827 0.0431578947368421 0.021739130434782608
0 0.18947368421052632 0.15719063545150502 0.05578947368421053 0.051839464882943144
0 0.002105263157894737 0.24581939799331104 0.029473684210526315 0.038461538461538464
0 0.9789473684210527 0.26755852842809363 0.02 0.0451505016722408
0 0.05263157894736842 0.30434782608695654 0.04 0.051839464882943144
0 0.024210526315789474 0.36454849498327757 0.06210526315789474 0.056856187290969896
0 0.37684210526315787 0.43645484949832775 0.1231578947368421 0.06521739130434782
0 0.8642105263157894 0.4665551839464883 0.11052631578947368 0.08193979933110368
0 0.92 0.5167224080267558 0.07684210526315789 0.07859531772575251
