0 0.6568421052631579 0.4698996655518395 0.16105263157894736 0.10869565217391304
0 0.5789473684210527 0.5618729096989966 0.15578947368421053 0.1020066889632107
0 0.35578947368421054 0.7474916387959866 0.2063157894736842 0.13377926421404682
0 0.03263157894736842 0.15384615384615385 0.042105263157894736 0.023411371237458192
0 0.18842105263157893 0.1588628762541806 0.056842105263157895 0.05351170568561873
0 0.04842105263157895 0.26588628762541805 0.037894736842105266 0.038461538461538464
0 0.9347368421052632 0.31605351170568563 0.05894736842105263 0.05351170568561873
0 0.08 0.35785953177257523 0.06421052631578947 0.05518394648829431
0 0.3778947368421053 0.4331103678929766 0.12105263157894737 0.06856187290969899
0 0.18210526315789474 0.48494983277591974 0.10105263157894737 0.09364548494983277
