0 0.8410526315789474 0.7357859531772575 0.15578947368421053 0.15217391304347827
0 0.24210526315789474 0.8394648829431438 0.2431578947368421 0.1505016722408027
0 0.03263157894736842 0.15217391304347827 0.0431578947368421 0.021739130434782608
0 0.18947368421052632 0.15719063545150502 0.05578947368421053 0.051839464882943144
0 0.0010526315789473684 0.24414715719063546 0.030526315789473683 0.038461538461538464
0 0.05052631578947368 0.2976588628762542 0.04105263157894737 0.043478260869565216
0 0.03263157894736842 0.35785953177257523 0.049473684210526316 0.046822742474916385
0 0.37684210526315787 0.43812709030100333 0.12421052631578948 0.06354515050167224
0 0.8631578947368421 0.4665551839464883 0.11263157894736842 0.08193979933110368
0 0.9189473684210526 0.5167224080267558 0.07684210526315789 0.07859531772575251
