0 0.7368421052631579 0.7424749163879598 0.24210526315789474 0.15551839464882944
0 0.14421052631578948 0.8394648829431438 0.25157894736842107 0.1605351170568562
0 0.03368421052631579 0.15217391304347827 0.042105263157894736 0.021739130434782608
0 0.18947368421052632 0.1588628762541806 0.05157894736842105 0.04180602006688963
0 0.004210526315789474 0.24247491638795987 0.02736842105263158 0.03678929765886288
0 0.049473684210526316 0.28595317725752506 0.04105263157894737 0.051839464882943144
0 0.04 0.34448160535117056 0.04736842105263158 0.046822742474916385
0 0.37684210526315787 0.43645484949832775 0.12421052631578948 0.06521739130434782
0 0.8705263157894737 0.46488294314381273 0.11473684210526315 0.08862876254180602
0 0.92 0.5183946488294314 0.07684210526315789 0.07859531772575251
