0 0.7115789473684211 0.7391304347826086 0.22421052631578947 0.15551839464882944
0 0.13473684210526315 0.8444816053511706 0.2505263157894737 0.15217391304347827
0 0.03368421052631579 0.15217391304347827 0.04105263157894737 0.021739130434782608
0 0.18947368421052632 0.1588628762541806 0.05157894736842105 0.043478260869565216
0 0.004210526315789474 0.24247491638795987 0.02631578947368421 0.03678929765886288
0 0.05052631578947368 0.28595317725752506 0.03894736842105263 0.051839464882943144
0 0.04105263157894737 0.3411371237458194 0.049473684210526316 0.0451505016722408
0 0.37684210526315787 0.43645484949832775 0.12421052631578948 0.06521739130434782
0 0.0 0.44816053511705684 0.05368421052631579 0.0802675585284281
0 0.8705263157894737 0.46488294314381273 0.11473684210526315 0.08862876254180602
0 0.92 0.5183946488294314 0.07684210526315789 0.07859531772575251
