0 0.8115789473684211 0.7441471571906354 0.18947368421052632 0.15217391304347827
0 0.20526315789473684 0.8411371237458194 0.24842105263157896 0.15384615384615385
0 0.03263157894736842 0.15217391304347827 0.0431578947368421 0.021739130434782608
0 0.19052631578947368 0.1588628762541806 0.05052631578947368 0.043478260869565216
0 0.003157894736842105 0.24581939799331104 0.02736842105263158 0.03678929765886288
0 0.049473684210526316 0.29431438127090304 0.0431578947368421 0.046822742474916385
0 0.03263157894736842 0.3511705685618729 0.05263157894736842 0.06020066889632107
0 0.37684210526315787 0.43645484949832775 0.12421052631578948 0.06521739130434782
0 0.871578947368421 0.4665551839464883 0.11368421052631579 0.08695652173913043
0 0.92 0.5183946488294314 0.07684210526315789 0.0802675585284281
