0 0.7736842105263158 0.7424749163879598 0.2231578947368421 0.15384615384615385
0 0.18105263157894738 0.8344481605351171 0.2557894736842105 0.16387959866220736
0 0.03368421052631579 0.15217391304347827 0.042105263157894736 0.021739130434782608
0 0.18947368421052632 0.1588628762541806 0.05157894736842105 0.043478260869565216
0 0.002105263157894737 0.2408026755852843 0.028421052631578948 0.038461538461538464
0 0.049473684210526316 0.29264214046822745 0.0431578947368421 0.05016722408026756
0 0.035789473684210524 0.34782608695652173 0.05052631578947368 0.06020066889632107
0 0.37684210526315787 0.43645484949832775 0.12421052631578948 0.06521739130434782
0 0.871578947368421 0.4665551839464883 0.11368421052631579 0.08695652173913043
0 0.92 0.5183946488294314 0.07684210526315789 0.0802675585284281
