0 0.7368421052631579 0.7424749163879598 0.24105263157894738 0.15551839464882944
0 0.1431578947368421 0.8394648829431438 0.2536842105263158 0.1605351170568562
0 0.03368421052631579 0.15217391304347827 0.042105263157894736 0.021739130434782608
0 0.19052631578947368 0.1588628762541806 0.05052631578947368 0.04180602006688963
0 0.004210526315789474 0.2408026755852843 0.02736842105263158 0.038461538461538464
0 0.049473684210526316 0.28595317725752506 0.04105263157894737 0.051839464882943144
0 0.04 0.34448160535117056 0.04842105263157895 0.046822742474916385
0 0.37684210526315787 0.43645484949832775 0.12421052631578948 0.06521739130434782
0 0.8705263157894737 0.4665551839464883 0.11473684210526315 0.08695652173913043
0 0.92 0.5183946488294314 0.07684210526315789 0.07859531772575251
