0 0.6336842105263157 0.47491638795986624 0.1705263157894737 0.10535117056856187
0 0.32421052631578945 0.745819397993311 0.20526315789473684 0.12709030100334448
0 0.03263157894736842 0.15384615384615385 0.042105263157894736 0.023411371237458192
0 0.18842105263157893 0.1588628762541806 0.056842105263157895 0.05351170568561873
0 0.049473684210526316 0.26421404682274247 0.03684210526315789 0.038461538461538464
0 0.9410526315789474 0.3193979933110368 0.05894736842105263 0.05351170568561873
0 0.0010526315789473684 0.3377926421404682 0.021052631578947368 0.043478260869565216
0 0.07578947368421053 0.35618729096989965 0.06526315789473684 0.051839464882943144
0 0.3778947368421053 0.4331103678929766 0.12210526315789473 0.06856187290969899
0 0.5589473684210526 0.5668896321070234 0.1463157894736842 0.08193979933110368
