0 0.6189473684210526 0.4765886287625418 0.1705263157894737 0.10367892976588629
0 0.2831578947368421 0.7374581939799331 0.21789473684210525 0.13879598662207357
0 0.03263157894736842 0.15217391304347827 0.042105263157894736 0.023411371237458192
0 0.18947368421052632 0.1588628762541806 0.056842105263157895 0.05351170568561873
0 0.049473684210526316 0.26421404682274247 0.03684210526315789 0.04180602006688963
0 0.9452631578947368 0.3210702341137124 0.05263157894736842 0.061872909698996656
0 0.07157894736842105 0.3511705685618729 0.06421052631578947 0.05518394648829431
0 0.3778947368421053 0.4331103678929766 0.12105263157894737 0.06856187290969899
0 0.16421052631578947 0.4698996655518395 0.0968421052631579 0.09698996655518395
0 0.5463157894736842 0.5635451505016722 0.14105263157894737 0.08862876254180602
