0 0.2578947368421053 0.7374581939799331 0.21052631578947367 0.14046822742474915
0 0.03263157894736842 0.1505016722408027 0.042105263157894736 0.02508361204013378
0 0.18736842105263157 0.1588628762541806 0.05789473684210526 0.05351170568561873
0 0.049473684210526316 0.26588628762541805 0.03894736842105263 0.04013377926421405
0 0.9652631578947368 0.32608695652173914 0.031578947368421054 0.05852842809364549
0 0.07052631578947369 0.3494983277591973 0.061052631578947365 0.05518394648829431
0 0.3778947368421053 0.4331103678929766 0.12210526315789473 0.06856187290969899
0 0.15473684210526314 0.46321070234113715 0.09578947368421052 0.10367892976588629
0 0.608421052631579 0.4816053511705686 0.1568421052631579 0.09531772575250837
0 0.5305263157894737 0.5668896321070234 0.14421052631578948 0.08361204013377926
