0 0.6378947368421053 0.7642140468227425 0.2094736842105263 0.13210702341137123
0 0.03368421052631579 0.15217391304347827 0.042105263157894736 0.021739130434782608
0 0.19052631578947368 0.1588628762541806 0.05052631578947368 0.04180602006688963
0 0.06210526315789474 0.225752508361204 0.030526315789473683 0.030100334448160536
0 0.06736842105263158 0.2408026755852843 0.031578947368421054 0.028428093645484948
0 0.07263157894736842 0.29264214046822745 0.04 0.038461538461538464
0 -0.003157894736842105 0.3277591973244147 0.035789473684210524 0.07692307692307693
0 0.37684210526315787 0.43645484949832775 0.1231578947368421 0.06688963210702341
0 0.8705263157894737 0.4665551839464883 0.11578947368421053 0.08695652173913043
0 0.92 0.5183946488294314 0.07684210526315789 0.0802675585284281
