0 0.52 0.7642140468227425 0.2063157894736842 0.13879598662207357
0 0.03368421052631579 0.15217391304347827 0.042105263157894736 0.021739130434782608
0 0.19052631578947368 0.1588628762541806 0.05052631578947368 0.04180602006688963
0 0.06315789473684211 0.22909698996655517 0.030526315789473683 0.026755852842809364
0 0.06736842105263158 0.23745819397993312 0.031578947368421054 0.028428093645484948
0 0.07263157894736842 0.28929765886287623 0.03894736842105263 0.03678929765886288
0 0.002105263157894737 0.33277591973244147 0.03368421052631579 0.056856187290969896
0 0.37684210526315787 0.43645484949832775 0.1231578947368421 0.06688963210702341
0 0.8705263157894737 0.4665551839464883 0.11578947368421053 0.08695652173913043
0 0.92 0.5183946488294314 0.07684210526315789 0.07859531772575251
