0 0.4126315789473684 0.7759197324414716 0.19473684210526315 0.1020066889632107
0 0.03368421052631579 0.15217391304347827 0.042105263157894736 0.021739130434782608
0 0.18947368421052632 0.1588628762541806 0.05157894736842105 0.04180602006688963
0 0.06526315789473684 0.22742474916387959 0.029473684210526315 0.02508361204013378
0 0.06736842105263158 0.23745819397993312 0.030526315789473683 0.030100334448160536
0 0.07578947368421053 0.2842809364548495 0.03263157894736842 0.038461538461538464
0 0.002105263157894737 0.3311036789297659 0.03684210526315789 0.046822742474916385
0 0.37684210526315787 0.43478260869565216 0.1231578947368421 0.06521739130434782
0 0.8642105263157894 0.4665551839464883 0.11263157894736842 0.08193979933110368
0 0.92 0.5183946488294314 0.07684210526315789 0.0802675585284281
