0 0.2326315789473684 0.7775919732441472 0.2063157894736842 0.11872909698996656
0 0.03263157894736842 0.15217391304347827 0.0431578947368421 0.021739130434782608
0 0.18842105263157893 0.1588628762541806 0.05368421052631579 0.043478260869565216
0 0.06526315789473684 0.22408026755852842 0.031578947368421054 0.026755852842809364
0 0.07473684210526316 0.26421404682274247 0.03263157894736842 0.038461538461538464
0 0.005263157894736842 0.31270903010033446 0.04421052631578947 0.05016722408026756
0 0.3778947368421053 0.43478260869565216 0.12210526315789473 0.06521739130434782
0 0.8642105263157894 0.4682274247491639 0.11157894736842106 0.0802675585284281
0 0.9189473684210526 0.5167224080267558 0.07789473684210527 0.08193979933110368
0 0.29578947368421055 0.7759197324414716 0.13052631578947368 0.07023411371237458
