0 0.18421052631578946 0.7926421404682275 0.2063157894736842 0.1354515050167224
0 0.03263157894736842 0.15217391304347827 0.0431578947368421 0.021739130434782608
0 0.18842105263157893 0.1588628762541806 0.05368421052631579 0.043478260869565216
0 0.06631578947368422 0.22240802675585283 0.030526315789473683 0.026755852842809364
0 0.07578947368421053 0.26421404682274247 0.030526315789473683 0.03678929765886288
0 0.007368421052631579 0.3110367892976589 0.04105263157894737 0.048494983277591976
0 0.0010526315789473684 0.38294314381270905 0.022105263157894735 0.06354515050167224
0 0.37684210526315787 0.43478260869565216 0.1231578947368421 0.06521739130434782
0 0.8642105263157894 0.4682274247491639 0.11157894736842106 0.0802675585284281
0 0.92 0.5167224080267558 0.07789473684210527 0.08193979933110368
