0 0.0 0.7976588628762542 0.17578947368421052 0.14214046822742474
0 0.03263157894736842 0.15217391304347827 0.0431578947368421 0.021739130434782608
0 0.18842105263157893 0.1588628762541806 0.05368421052631579 0.043478260869565216
0 0.06210526315789474 0.20066889632107024 0.031578947368421054 0.028428093645484948
0 0.06631578947368422 0.21906354515050167 0.03263157894736842 0.026755852842809364
0 0.07157894736842105 0.24581939799331104 0.030526315789473683 0.03511705685618729
0 0.010526315789473684 0.2976588628762542 0.04105263157894737 0.043478260869565216
0 -0.003157894736842105 0.34782608695652173 0.037894736842105266 0.0802675585284281
0 0.3778947368421053 0.43478260869565216 0.12210526315789473 0.06521739130434782
0 0.8705263157894737 0.4665551839464883 0.11473684210526315 0.08695652173913043
0 0.92 0.5167224080267558 0.07789473684210527 0.08361204013377926
