0 0.056842105263157895 0.7959866220735786 0.2031578947368421 0.11872909698996656
0 0.03263157894736842 0.15217391304347827 0.0431578947368421 0.021739130434782608
0 0.18842105263157893 0.1588628762541806 0.05368421052631579 0.04180602006688963
0 0.06210526315789474 0.20234113712374582 0.030526315789473683 0.026755852842809364
0 0.06526315789473684 0.21906354515050167 0.03263157894736842 0.026755852842809364
0 0.06947368421052631 0.24749163879598662 0.03368421052631579 0.033444816053511704
0 0.010526315789473684 0.30434782608695654 0.04 0.046822742474916385
0 0.3778947368421053 0.43645484949832775 0.12210526315789473 0.06354515050167224
0 0.8705263157894737 0.4665551839464883 0.11473684210526315 0.08695652173913043
0 0.92 0.5167224080267558 0.07789473684210527 0.08361204013377926
