0 0.08526315789473685 0.7909698996655519 0.21578947368421053 0.13712374581939799
0 0.031578947368421054 0.15217391304347827 0.0431578947368421 0.021739130434782608
0 0.18842105263157893 0.1588628762541806 0.05368421052631579 0.04180602006688963
0 0.06210526315789474 0.20234113712374582 0.030526315789473683 0.02508361204013378
0 0.06631578947368422 0.21906354515050167 0.030526315789473683 0.02508361204013378
0 0.06947368421052631 0.2491638795986622 0.03368421052631579 0.033444816053511704
0 0.07578947368421053 0.2625418060200669 0.028421052631578948 0.03678929765886288
0 0.009473684210526316 0.30434782608695654 0.04105263157894737 0.048494983277591976
0 0.003157894736842105 0.3795986622073579 0.023157894736842106 0.056856187290969896
0 0.37684210526315787 0.43478260869565216 0.1231578947368421 0.06521739130434782
0 0.8705263157894737 0.4665551839464883 0.11473684210526315 0.08695652173913043
0 0.92 0.5167224080267558 0.07789473684210527 0.08361204013377926
