0 0.0 0.7909698996655519 0.22 0.13879598662207357
0 0.03263157894736842 0.15217391304347827 0.0431578947368421 0.021739130434782608
0 0.18842105263157893 0.1588628762541806 0.05368421052631579 0.043478260869565216
0 0.06210526315789474 0.2040133779264214 0.030526315789473683 0.02508361204013378
0 0.06421052631578947 0.21739130434782608 0.03368421052631579 0.026755852842809364
0 0.07052631578947369 0.2491638795986622 0.03263157894736842 0.033444816053511704
0 0.009473684210526316 0.2993311036789298 0.04105263157894737 0.04180602006688963
0 0.3778947368421053 0.43478260869565216 0.12210526315789473 0.06521739130434782
0 0.871578947368421 0.4665551839464883 0.11368421052631579 0.08695652173913043
0 0.92 0.5167224080267558 0.07684210526315789 0.08361204013377926
