0 0.13263157894736843 0.7892976588628763 0.2168421052631579 0.13879598662207357
0 0.03263157894736842 0.15217391304347827 0.0431578947368421 0.021739130434782608
0 0.18842105263157893 0.1588628762541806 0.05368421052631579 0.043478260869565216
0 0.06631578947368422 0.22240802675585283 0.030526315789473683 0.026755852842809364
0 0.07578947368421053 0.26421404682274247 0.028421052631578948 0.03511705685618729
0 0.009473684210526316 0.3076923076923077 0.04 0.048494983277591976
0 0.002105263157894737 0.38127090301003347 0.022105263157894735 0.06020066889632107
0 0.3778947368421053 0.43478260869565216 0.12210526315789473 0.06521739130434782
0 0.8642105263157894 0.4682274247491639 0.11157894736842106 0.0802675585284281
0 0.92 0.5167224080267558 0.07789473684210527 0.08193979933110368
