0 0.03368421052631579 0.15217391304347827 0.042105263157894736 0.021739130434782608
0 0.18947368421052632 0.1588628762541806 0.05263157894736842 0.043478260869565216
0 0.06526315789473684 0.2040133779264214 0.02631578947368421 0.021739130434782608
0 0.06736842105263158 0.21906354515050167 0.031578947368421054 0.028428093645484948
0 0.07263157894736842 0.2408026755852843 0.029473684210526315 0.03678929765886288
0 0.017894736842105262 0.28762541806020064 0.03684210526315789 0.043478260869565216
0 -0.003157894736842105 0.342809364548495 0.042105263157894736 0.07190635451505016
0 0.3778947368421053 0.43645484949832775 0.12210526315789473 0.06521739130434782
0 0.8705263157894737 0.4665551839464883 0.11473684210526315 0.08695652173913043
0 0.92 0.5167224080267558 0.07684210526315789 0.08193979933110368
