0 0.002105263157894737 0.7926421404682275 0.12421052631578948 0.15384615384615385
0 0.03263157894736842 0.15217391304347827 0.0431578947368421 0.023411371237458192
0 0.18947368421052632 0.1588628762541806 0.05263157894736842 0.043478260869565216
0 0.06421052631578947 0.2040133779264214 0.029473684210526315 0.023411371237458192
0 0.06736842105263158 0.21739130434782608 0.031578947368421054 0.026755852842809364
0 0.07157894736842105 0.24581939799331104 0.030526315789473683 0.03511705685618729
0 0.01368421052631579 0.2959866220735786 0.037894736842105266 0.043478260869565216
0 -0.0010526315789473684 0.34448160535117056 0.03684210526315789 0.08361204013377926
0 0.3778947368421053 0.43478260869565216 0.12210526315789473 0.06521739130434782
0 0.8642105263157894 0.4665551839464883 0.11157894736842106 0.08193979933110368
0 0.92 0.5167224080267558 0.07789473684210527 0.08361204013377926
