0 0.03368421052631579 0.15217391304347827 0.042105263157894736 0.021739130434782608
0 0.18947368421052632 0.1588628762541806 0.05263157894736842 0.043478260869565216
0 0.05578947368421053 0.1956521739130435 0.030526315789473683 0.023411371237458192
0 0.06526315789473684 0.2040133779264214 0.02736842105263158 0.023411371237458192
0 0.06736842105263158 0.22073578595317725 0.030526315789473683 0.026755852842809364
0 0.07157894736842105 0.2408026755852843 0.030526315789473683 0.03678929765886288
0 0.015789473684210527 0.28762541806020064 0.037894736842105266 0.046822742474916385
0 0.0010526315789473684 0.3595317725752508 0.031578947368421054 0.05016722408026756
0 0.3778947368421053 0.43645484949832775 0.12210526315789473 0.06521739130434782
0 0.871578947368421 0.4665551839464883 0.11368421052631579 0.08695652173913043
0 0.92 0.5167224080267558 0.07684210526315789 0.08361204013377926
