0 0.5231578947368422 0.4782608695652174 0.1736842105263158 0.1020066889632107
0 0.11157894736842106 0.7324414715719063 0.21473684210526317 0.11538461538461539
0 0.18947368421052632 0.1588628762541806 0.056842105263157895 0.05351170568561873
0 0.05263157894736842 0.2508361204013378 0.031578947368421054 0.03177257525083612
0 0.05157894736842105 0.26588628762541805 0.03684210526315789 0.03678929765886288
0 0.0 0.3177257525083612 0.016842105263157894 0.03511705685618729
0 0.06210526315789474 0.3311036789297659 0.049473684210526316 0.043478260869565216
0 0.3778947368421053 0.43478260869565216 0.12210526315789473 0.06856187290969899
0 0.11473684210526315 0.4431438127090301 0.09368421052631579 0.09197324414715718
0 0.4652631578947368 0.5702341137123745 0.1463157894736842 0.07190635451505016
