0 0.9189473684210526 0.4531772575250836 0.07894736842105263 0.14214046822742474
0 0.2831578947368421 0.8545150501672241 0.2031578947368421 0.14214046822742474
0 0.3 0.8561872909698997 0.21894736842105264 0.14046822742474915
0 0.03263157894736842 0.15217391304347827 0.04842105263157895 0.021739130434782608
0 0.008421052631578947 0.1939799331103679 0.023157894736842106 0.023411371237458192
0 0.3778947368421053 0.4331103678929766 0.12210526315789473 0.07023411371237458
0 0.39473684210526316 0.4331103678929766 0.11789473684210526 0.06688963210702341
0 0.3778947368421053 0.4431438127090301 0.11894736842105263 0.06688963210702341
0 0.3 0.48494983277591974 0.09368421052631579 0.07190635451505016
0 0.3063157894736842 0.4899665551839465 0.09052631578947369 0.06354515050167224
0 0.29894736842105263 0.4916387959866221 0.0968421052631579 0.07023411371237458
0 0.30526315789473685 0.49331103678929766 0.09263157894736843 0.06688963210702341
0 0.9294736842105263 0.4782608695652174 0.07368421052631578 0.11538461538461539
0 0.9221052631578948 0.4899665551839465 0.08 0.10033444816053512
0 0.9263157894736842 0.5066889632107023 0.07157894736842105 0.09698996655518395
0 0.9210526315789473 0.5117056856187291 0.08 0.0903010033444816
