0 0.47789473684210526 0.4782608695652174 0.1694736842105263 0.1020066889632107
0 0.018947368421052633 0.7391304347826086 0.2 0.10033444816053512
0 0.03368421052631579 0.15384615384615385 0.042105263157894736 0.023411371237458192
0 0.18842105263157893 0.15719063545150502 0.056842105263157895 0.05351170568561873
0 0.05157894736842105 0.24581939799331104 0.035789473684210524 0.03678929765886288
0 0.05789473684210526 0.31438127090301005 0.0431578947368421 0.0451505016722408
0 0.37684210526315787 0.43478260869565216 0.1231578947368421 0.06856187290969899
0 0.0968421052631579 0.431438127090301 0.08526315789473685 0.09698996655518395
0 0.9094736842105263 0.44481605351170567 0.08947368421052632 0.09364548494983277
0 0.42105263157894735 0.5635451505016722 0.14210526315789473 0.08695652173913043
