0 0.0 0.7224080267558528 0.08 0.13377926421404682
0 0.18842105263157893 0.15719063545150502 0.056842105263157895 0.05351170568561873
0 0.049473684210526316 0.24414715719063546 0.03684210526315789 0.03678929765886288
0 0.056842105263157895 0.3076923076923077 0.04 0.04013377926421405
0 0.06842105263157895 0.41638795986622074 0.08315789473684211 0.08361204013377926
0 0.37684210526315787 0.43478260869565216 0.12 0.061872909698996656
0 0.8757894736842106 0.459866220735786 0.10842105263157895 0.0903010033444816
0 0.42 0.4899665551839465 0.15263157894736842 0.07859531772575251
0 0.36736842105263157 0.5468227424749164 0.13263157894736843 0.08528428093645485
0 -0.002105263157894737 0.637123745819398 0.06210526315789474 0.09197324414715718
