0 0.0 0.7207357859531772 0.08 0.1354515050167224
0 0.18842105263157893 0.15719063545150502 0.056842105263157895 0.05351170568561873
0 0.049473684210526316 0.24414715719063546 0.037894736842105266 0.03678929765886288
0 0.056842105263157895 0.3076923076923077 0.04 0.04013377926421405
0 0.06842105263157895 0.41638795986622074 0.08315789473684211 0.08361204013377926
0 0.3757894736842105 0.43478260869565216 0.12105263157894737 0.06354515050167224
0 0.8768421052631579 0.459866220735786 0.10631578947368421 0.08862876254180602
0 0.42 0.4916387959866221 0.15263157894736842 0.07859531772575251
0 0.36526315789473685 0.5468227424749164 0.13473684210526315 0.08528428093645485
0 -0.002105263157894737 0.637123745819398 0.06210526315789474 0.09197324414715718
