0 0.3989473684210526 0.4765886287625418 0.1705263157894737 0.09531772575250837
0 -0.002105263157894737 0.6939799331103679 0.06842105263157895 0.1705685618729097
0 0.18947368421052632 0.15719063545150502 0.056842105263157895 0.05351170568561873
0 0.04842105263157895 0.24581939799331104 0.03894736842105263 0.03511705685618729
0 0.04842105263157895 0.26421404682274247 0.037894736842105266 0.033444816053511704
0 0.056842105263157895 0.3060200668896321 0.03894736842105263 0.04013377926421405
0 0.06947368421052631 0.40468227424749165 0.07368421052631578 0.07190635451505016
0 0.3778947368421053 0.43478260869565216 0.11578947368421053 0.05518394648829431
0 0.8568421052631578 0.46153846153846156 0.12421052631578948 0.08862876254180602
0 0.3463157894736842 0.5468227424749164 0.13578947368421052 0.08695652173913043
