0 0.18947368421052632 0.15719063545150502 0.056842105263157895 0.05351170568561873
0 0.05578947368421053 0.22909698996655517 0.02736842105263158 0.02508361204013378
0 0.05052631578947368 0.24581939799331104 0.035789473684210524 0.03678929765886288
0 0.049473684210526316 0.26421404682274247 0.035789473684210524 0.033444816053511704
0 0.05789473684210526 0.30267558528428096 0.03684210526315789 0.033444816053511704
0 0.07263157894736842 0.40468227424749165 0.061052631578947365 0.07023411371237458
0 0.37894736842105264 0.43478260869565216 0.11263157894736842 0.05518394648829431
0 0.8526315789473684 0.4665551839464883 0.1168421052631579 0.08695652173913043
0 0.3936842105263158 0.49331103678929766 0.15157894736842106 0.07190635451505016
0 0.3410526315789474 0.5418060200668896 0.12947368421052632 0.08695652173913043
