0 0.4978947368421053 0.5334448160535117 0.44526315789473686 0.2391304347826087
0 0.7621052631578947 0.8444816053511706 0.23578947368421052 0.15719063545150502
0 0.029473684210526315 0.15217391304347827 0.04842105263157895 0.023411371237458192
0 0.008421052631578947 0.38294314381270905 0.056842105263157895 0.06354515050167224
0 0.15894736842105264 0.4214046822742475 0.09578947368421052 0.06688963210702341
0 0.3778947368421053 0.43645484949832775 0.11894736842105263 0.06354515050167224
0 0.8705263157894737 0.4531772575250836 0.09894736842105263 0.08361204013377926
0 0.4442105263157895 0.5117056856187291 0.12947368421052632 0.04180602006688963
0 0.9189473684210526 0.5050167224080268 0.08 0.06688963210702341
0 0.3263157894736842 0.5384615384615384 0.11894736842105263 0.0802675585284281
