0 0.031578947368421054 0.15384615384615385 0.045263157894736845 0.023411371237458192
0 0.18736842105263157 0.1588628762541806 0.05789473684210526 0.05351170568561873
0 0.05157894736842105 0.20066889632107024 0.028421052631578948 0.02508361204013378
0 0.04631578947368421 0.22240802675585283 0.03263157894736842 0.028428093645484948
0 0.049473684210526316 0.24749163879598662 0.035789473684210524 0.03177257525083612
0 0.05052631578947368 0.2608695652173913 0.03684210526315789 0.033444816053511704
0 0.2094736842105263 0.4214046822742475 0.1368421052631579 0.09531772575250837
0 0.37684210526315787 0.4331103678929766 0.12526315789473685 0.07023411371237458
0 0.9863157894736843 0.451505016722408 0.01263157894736842 0.06688963210702341
0 0.16105263157894736 0.49331103678929766 0.11263157894736842 0.08528428093645485
