0 0.0010526315789473684 0.4297658862876254 0.33789473684210525 0.22073578595317725
0 0.031578947368421054 0.15217391304347827 0.04421052631578947 0.023411371237458192
0 0.1863157894736842 0.1588628762541806 0.05473684210526316 0.05351170568561873
0 0.02736842105263158 0.2959866220735786 0.045263157894736845 0.0451505016722408
0 0.010526315789473684 0.3896321070234114 0.05263157894736842 0.04180602006688963
0 0.1168421052631579 0.39297658862876256 0.08526315789473685 0.05518394648829431
0 0.3831578947368421 0.43812709030100333 0.10842105263157895 0.048494983277591976
0 0.38 0.47491638795986624 0.11789473684210526 0.07859531772575251
0 0.4789473684210526 0.5484949832775919 0.09894736842105263 0.0903010033444816
0 0.7705263157894737 0.5434782608695652 0.13473684210526315 0.07692307692307693
