0 -0.002105263157894737 0.4080267558528428 0.3031578947368421 0.24581939799331104
0 0.030526315789473683 0.15217391304347827 0.04631578947368421 0.023411371237458192
0 0.18526315789473685 0.15719063545150502 0.056842105263157895 0.05518394648829431
0 0.02631578947368421 0.29264214046822745 0.0431578947368421 0.04013377926421405
0 0.004210526315789474 0.3762541806020067 0.05368421052631579 0.04013377926421405
0 0.11157894736842106 0.38461538461538464 0.08421052631578947 0.061872909698996656
0 0.3778947368421053 0.43645484949832775 0.12105263157894737 0.051839464882943144
0 0.3589473684210526 0.47157190635451507 0.11578947368421053 0.08193979933110368
0 0.4421052631578947 0.5518394648829431 0.10736842105263159 0.08528428093645485
0 0.7442105263157894 0.5434782608695652 0.13473684210526315 0.07525083612040134
