0 0.002105263157894737 0.431438127090301 0.3368421052631579 0.22073578595317725
0 0.031578947368421054 0.15217391304347827 0.04421052631578947 0.023411371237458192
0 0.18526315789473685 0.15719063545150502 0.05578947368421053 0.05518394648829431
0 0.02736842105263158 0.2976588628762542 0.04631578947368421 0.043478260869565216
0 0.010526315789473684 0.3896321070234114 0.05263157894736842 0.043478260869565216
0 0.1168421052631579 0.39297658862876256 0.08526315789473685 0.05518394648829431
0 0.3831578947368421 0.43812709030100333 0.10842105263157895 0.048494983277591976
0 0.38 0.47491638795986624 0.11789473684210526 0.07859531772575251
0 0.47789473684210526 0.5468227424749164 0.1 0.0903010033444816
0 0.7694736842105263 0.5434782608695652 0.13473684210526315 0.07692307692307693
