0 -0.010526315789473684 0.3896321070234114 0.26526315789473687 0.2391304347826087
0 0.029473684210526315 0.1505016722408027 0.04736842105263158 0.023411371237458192
0 0.18526315789473685 0.15719063545150502 0.05789473684210526 0.05518394648829431
0 0.02526315789473684 0.2826086956521739 0.04105263157894737 0.043478260869565216
0 0.003157894736842105 0.3595317725752508 0.03263157894736842 0.05016722408026756
0 0.09368421052631579 0.36454849498327757 0.07157894736842105 0.061872909698996656
0 0.3873684210526316 0.4331103678929766 0.11157894736842106 0.07023411371237458
0 0.31157894736842107 0.4531772575250836 0.11263157894736842 0.08193979933110368
0 0.38105263157894737 0.5518394648829431 0.1168421052631579 0.08361204013377926
0 0.6915789473684211 0.5468227424749164 0.1336842105263158 0.08361204013377926
