0 -0.011578947368421053 0.4013377926421405 0.28210526315789475 0.23076923076923078
0 0.031578947368421054 0.15217391304347827 0.04421052631578947 0.023411371237458192
0 0.1863157894736842 0.1588628762541806 0.056842105263157895 0.05351170568561873
0 0.02631578947368421 0.28595317725752506 0.04 0.04180602006688963
0 0.004210526315789474 0.362876254180602 0.029473684210526315 0.048494983277591976
0 0.09894736842105263 0.3745819397993311 0.07578947368421053 0.056856187290969896
0 0.38526315789473686 0.43478260869565216 0.11263157894736842 0.06856187290969899
0 0.3231578947368421 0.4665551839464883 0.11157894736842106 0.0802675585284281
0 0.40210526315789474 0.5501672240802675 0.10631578947368421 0.08361204013377926
0 0.7 0.5468227424749164 0.13894736842105262 0.07859531772575251
