0 0.18842105263157893 0.1588628762541806 0.056842105263157895 0.051839464882943144
0 0.0431578947368421 0.1956521739130435 0.030526315789473683 0.028428093645484948
0 0.002105263157894737 0.22408026755852842 0.014736842105263158 0.026755852842809364
0 0.04421052631578947 0.225752508361204 0.031578947368421054 0.028428093645484948
0 0.04842105263157895 0.2408026755852843 0.03368421052631579 0.03177257525083612
0 0.13894736842105262 0.3879598662207358 0.09157894736842105 0.08695652173913043
0 0.3778947368421053 0.43478260869565216 0.12105263157894737 0.06856187290969899
0 0.08315789473684211 0.45652173913043476 0.09473684210526316 0.1020066889632107
0 0.8947368421052632 0.47324414715719065 0.09894736842105263 0.0903010033444816
0 0.47578947368421054 0.49331103678929766 0.13578947368421052 0.08695652173913043
