0 0.18842105263157893 0.15719063545150502 0.056842105263157895 0.05351170568561873
0 0.04 0.1956521739130435 0.031578947368421054 0.026755852842809364
0 0.004210526315789474 0.22240802675585283 0.02 0.028428093645484948
0 0.045263157894736845 0.22742474916387959 0.030526315789473683 0.026755852842809364
0 0.04842105263157895 0.23745819397993312 0.030526315789473683 0.030100334448160536
0 0.11052631578947368 0.36622073578595316 0.09052631578947369 0.0903010033444816
0 0.37894736842105264 0.43645484949832775 0.11789473684210526 0.06020066889632107
0 0.061052631578947365 0.4414715719063545 0.08526315789473685 0.08193979933110368
0 0.42210526315789476 0.4882943143812709 0.13263157894736843 0.08862876254180602
0 0.84 0.4899665551839465 0.11368421052631579 0.08361204013377926
