0 0.18947368421052632 0.16220735785953178 0.05157894736842105 0.043478260869565216
0 0.024210526315789474 0.1939799331103679 0.03263157894736842 0.030100334448160536
0 0.00631578947368421 0.21739130434782608 0.02 0.028428093645484948
0 0.0431578947368421 0.22408026755852842 0.031578947368421054 0.028428093645484948
0 0.04736842105263158 0.24247491638795987 0.03263157894736842 0.03678929765886288
0 0.07684210526315789 0.33277591973244147 0.06947368421052631 0.07357859531772576
0 0.023157894736842106 0.40468227424749165 0.07052631578947369 0.06354515050167224
0 0.38 0.43478260869565216 0.11894736842105263 0.06521739130434782
0 0.2905263157894737 0.4698996655518395 0.1368421052631579 0.07692307692307693
0 0.7105263157894737 0.5100334448160535 0.12210526315789473 0.08528428093645485
