0 0.034736842105263156 0.15384615384615385 0.04105263157894737 0.021739130434782608
0 0.18947368421052632 0.16220735785953178 0.05157894736842105 0.043478260869565216
0 0.021052631578947368 0.1939799331103679 0.031578947368421054 0.030100334448160536
0 0.007368421052631579 0.21739130434782608 0.021052631578947368 0.030100334448160536
0 0.0431578947368421 0.22240802675585283 0.031578947368421054 0.030100334448160536
0 0.049473684210526316 0.24247491638795987 0.031578947368421054 0.03511705685618729
0 0.07263157894736842 0.32441471571906355 0.05894736842105263 0.07190635451505016
0 0.022105263157894735 0.39297658862876256 0.061052631578947365 0.07859531772575251
0 0.37684210526315787 0.4331103678929766 0.1231578947368421 0.06856187290969899
0 0.25684210526315787 0.45652173913043476 0.12421052631578948 0.09197324414715718
0 0.66 0.5150501672240803 0.12105263157894737 0.08361204013377926
