0 0.034736842105263156 0.15384615384615385 0.04105263157894737 0.021739130434782608
0 0.18842105263157893 0.1605351170568562 0.05157894736842105 0.043478260869565216
0 0.015789473684210527 0.19230769230769232 0.03684210526315789 0.03177257525083612
0 0.04736842105263158 0.22240802675585283 0.029473684210526315 0.030100334448160536
0 0.05052631578947368 0.2408026755852843 0.03368421052631579 0.038461538461538464
0 0.06526315789473684 0.31605351170568563 0.05894736842105263 0.05852842809364549
0 0.016842105263157894 0.3862876254180602 0.05578947368421053 0.061872909698996656
0 0.3778947368421053 0.43478260869565216 0.1231578947368421 0.06688963210702341
0 0.23684210526315788 0.44648829431438125 0.11263157894736842 0.0802675585284281
0 0.6326315789473684 0.5183946488294314 0.11368421052631579 0.07692307692307693
