0 0.2031578947368421 0.42474916387959866 0.13789473684210526 0.12709030100334448
0 0.03368421052631579 0.15217391304347827 0.042105263157894736 0.021739130434782608
0 0.18947368421052632 0.15719063545150502 0.05473684210526316 0.05351170568561873
0 0.014736842105263158 0.1956521739130435 0.035789473684210524 0.028428093645484948
0 0.045263157894736845 0.22073578595317725 0.031578947368421054 0.030100334448160536
0 0.05052631578947368 0.24247491638795987 0.034736842105263156 0.03511705685618729
0 0.061052631578947365 0.3060200668896321 0.05473684210526316 0.05852842809364549
0 0.010526315789473684 0.3762541806020067 0.05263157894736842 0.07692307692307693
0 0.3778947368421053 0.43478260869565216 0.1231578947368421 0.06856187290969899
0 0.5747368421052632 0.5183946488294314 0.11789473684210526 0.07525083612040134
