0 0.1957894736842105 0.42474916387959866 0.12631578947368421 0.12207357859531773
0 0.03368421052631579 0.15384615384615385 0.04105263157894737 0.021739130434782608
0 0.18842105263157893 0.16220735785953178 0.05368421052631579 0.043478260869565216
0 0.011578947368421053 0.1956521739130435 0.037894736842105266 0.028428093645484948
0 0.04421052631578947 0.22073578595317725 0.031578947368421054 0.030100334448160536
0 0.05052631578947368 0.2391304347826087 0.034736842105263156 0.038461538461538464
0 0.05789473684210526 0.3010033444816054 0.05263157894736842 0.06688963210702341
0 0.010526315789473684 0.3695652173913043 0.04736842105263158 0.07692307692307693
0 0.38 0.43478260869565216 0.12 0.06688963210702341
0 0.5389473684210526 0.5183946488294314 0.11578947368421053 0.0802675585284281
