0 0.03368421052631579 0.15551839464882944 0.04105263157894737 0.020066889632107024
0 0.18947368421052632 0.1605351170568562 0.05263157894736842 0.043478260869565216
0 0.011578947368421053 0.19732441471571907 0.03684210526315789 0.028428093645484948
0 0.04421052631578947 0.21906354515050167 0.031578947368421054 0.028428093645484948
0 0.049473684210526316 0.23745819397993312 0.037894736842105266 0.04180602006688963
0 0.05789473684210526 0.2976588628762542 0.05052631578947368 0.06354515050167224
0 0.008421052631578947 0.36454849498327757 0.049473684210526316 0.06354515050167224
0 0.1863157894736842 0.4197324414715719 0.1031578947368421 0.0903010033444816
0 0.38 0.43645484949832775 0.12 0.06688963210702341
0 0.5231578947368422 0.5167224080267558 0.11368421052631579 0.07692307692307693
