0 0.47789473684210526 0.6672240802675585 0.5042105263157894 0.3210702341137124
0 0.0 0.3394648829431438 0.07052631578947369 0.17892976588628762
0 0.42105263157894735 0.5635451505016722 0.18210526315789474 0.10033444816053512
0 0.7536842105263157 0.68561872909699 0.1694736842105263 0.10535117056856187
0 0.03368421052631579 0.15384615384615385 0.042105263157894736 0.021739130434782608
0 0.19052631578947368 0.15719063545150502 0.05368421052631579 0.05518394648829431
0 0.017894736842105262 0.19732441471571907 0.03263157894736842 0.033444816053511704
0 0.04105263157894737 0.1956521739130435 0.02631578947368421 0.028428093645484948
0 0.08210526315789474 0.41471571906354515 0.06315789473684211 0.05518394648829431
0 0.37684210526315787 0.43478260869565216 0.12526315789473685 0.06521739130434782
