0 0.48 0.6705685618729097 0.5031578947368421 0.3177257525083612
0 0.0 0.3394648829431438 0.07052631578947369 0.1806020066889632
0 0.7547368421052632 0.68561872909699 0.16842105263157894 0.10869565217391304
0 0.03368421052631579 0.15384615384615385 0.042105263157894736 0.021739130434782608
0 0.19052631578947368 0.15719063545150502 0.05368421052631579 0.05518394648829431
0 0.017894736842105262 0.1956521739130435 0.03263157894736842 0.03511705685618729
0 0.04105263157894737 0.1956521739130435 0.02631578947368421 0.028428093645484948
0 0.08105263157894736 0.41471571906354515 0.06421052631578947 0.056856187290969896
0 0.37684210526315787 0.43478260869565216 0.12526315789473685 0.06521739130434782
0 0.4284210526315789 0.5735785953177257 0.14842105263157895 0.08193979933110368
