0 0.30105263157894735 0.5936454849498328 0.4094736842105263 0.31270903010033446
0 0.03263157894736842 0.15217391304347827 0.04421052631578947 0.021739130434782608
0 0.19052631578947368 0.1588628762541806 0.05052631578947368 0.046822742474916385
0 0.018947368421052633 0.19063545150501673 0.031578947368421054 0.033444816053511704
0 0.04842105263157895 0.24247491638795987 0.04842105263157895 0.056856187290969896
0 0.05578947368421053 0.3879598662207358 0.05789473684210526 0.061872909698996656
0 0.37684210526315787 0.43645484949832775 0.12421052631578948 0.06521739130434782
0 0.9642105263157895 0.4397993311036789 0.034736842105263156 0.0903010033444816
0 0.2968421052631579 0.5016722408026756 0.1231578947368421 0.08695652173913043
0 0.5389473684210526 0.6036789297658863 0.14105263157894737 0.0802675585284281
