0 0.24526315789473685 0.5785953177257525 0.3863157894736842 0.2809364548494983
0 0.03263157894736842 0.15217391304347827 0.04421052631578947 0.021739130434782608
0 0.18947368421052632 0.1588628762541806 0.05052631578947368 0.046822742474916385
0 0.015789473684210527 0.18896321070234115 0.030526315789473683 0.03678929765886288
0 0.04842105263157895 0.23745819397993312 0.04842105263157895 0.048494983277591976
0 0.05368421052631579 0.3795986622073579 0.05263157894736842 0.06521739130434782
0 0.37684210526315787 0.43478260869565216 0.1231578947368421 0.07023411371237458
0 0.9442105263157895 0.4280936454849498 0.056842105263157895 0.11204013377926421
0 0.26105263157894737 0.4916387959866221 0.11473684210526315 0.07692307692307693
0 0.4726315789473684 0.5785953177257525 0.13578947368421052 0.07525083612040134
