0 0.3 0.5953177257525084 0.41157894736842104 0.3110367892976589
0 0.03263157894736842 0.15217391304347827 0.0431578947368421 0.021739130434782608
0 0.19052631578947368 0.1588628762541806 0.05052631578947368 0.046822742474916385
0 0.018947368421052633 0.19063545150501673 0.031578947368421054 0.033444816053511704
0 0.04842105263157895 0.24247491638795987 0.04736842105263158 0.056856187290969896
0 0.05578947368421053 0.3879598662207358 0.05894736842105263 0.06354515050167224
0 0.3757894736842105 0.43645484949832775 0.12526315789473685 0.06354515050167224
0 0.9642105263157895 0.43812709030100333 0.034736842105263156 0.09197324414715718
0 0.29789473684210527 0.5016722408026756 0.12210526315789473 0.08528428093645485
0 0.5389473684210526 0.6020066889632107 0.14 0.0802675585284281
