0 0.24526315789473685 0.5769230769230769 0.3863157894736842 0.2826086956521739
0 0.03263157894736842 0.15217391304347827 0.04421052631578947 0.021739130434782608
0 0.19052631578947368 0.1588628762541806 0.049473684210526316 0.0451505016722408
0 0.015789473684210527 0.18729096989966554 0.030526315789473683 0.03678929765886288
0 0.04842105263157895 0.23745819397993312 0.04842105263157895 0.048494983277591976
0 0.05263157894736842 0.3795986622073579 0.05368421052631579 0.06521739130434782
0 0.3778947368421053 0.43478260869565216 0.12210526315789473 0.07023411371237458
0 0.9442105263157895 0.4280936454849498 0.056842105263157895 0.11371237458193979
0 0.26210526315789473 0.4899665551839465 0.11368421052631579 0.07859531772575251
0 0.47368421052631576 0.580267558528428 0.13473684210526315 0.07190635451505016
