0 0.15157894736842106 0.5351170568561873 0.3526315789473684 0.2692307692307692
0 0.8789473684210526 0.7341137123745819 0.11894736842105263 0.16387959866220736
0 0.034736842105263156 0.15384615384615385 0.03894736842105263 0.021739130434782608
0 0.007368421052631579 0.17558528428093645 0.023157894736842106 0.033444816053511704
0 0.18947368421052632 0.15719063545150502 0.05368421052631579 0.05351170568561873
0 0.049473684210526316 0.22408026755852842 0.045263157894736845 0.05518394648829431
0 0.042105263157894736 0.36454849498327757 0.056842105263157895 0.05852842809364549
0 0.37684210526315787 0.43478260869565216 0.1231578947368421 0.06521739130434782
0 0.2094736842105263 0.46153846153846156 0.10842105263157895 0.06688963210702341
0 0.9231578947368421 0.45819397993311034 0.07789473684210527 0.08862876254180602
0 0.38526315789473686 0.5451505016722408 0.12210526315789473 0.07525083612040134
