0 0.15263157894736842 0.5367892976588629 0.35368421052631577 0.26755852842809363
0 0.8789473684210526 0.7324414715719063 0.11894736842105263 0.16555183946488294
0 0.034736842105263156 0.15384615384615385 0.04 0.021739130434782608
0 0.00631578947368421 0.17558528428093645 0.024210526315789474 0.03511705685618729
0 0.18947368421052632 0.15719063545150502 0.05368421052631579 0.05351170568561873
0 0.049473684210526316 0.22408026755852842 0.045263157894736845 0.05518394648829431
0 0.04105263157894737 0.36454849498327757 0.05578947368421053 0.05852842809364549
0 0.37684210526315787 0.43478260869565216 0.1231578947368421 0.06521739130434782
0 0.2094736842105263 0.46153846153846156 0.10947368421052632 0.06688963210702341
0 0.9231578947368421 0.459866220735786 0.07789473684210527 0.08695652173913043
0 0.38421052631578945 0.5451505016722408 0.1231578947368421 0.07525083612040134
