0 0.16526315789473683 0.5501672240802675 0.3736842105263158 0.2608695652173913
0 0.911578947368421 0.7424749163879598 0.08315789473684211 0.14046822742474915
0 0.034736842105263156 0.15384615384615385 0.04 0.021739130434782608
0 0.008421052631578947 0.17558528428093645 0.022105263157894735 0.033444816053511704
0 0.18947368421052632 0.15551839464882944 0.05368421052631579 0.05518394648829431
0 0.04842105263157895 0.225752508361204 0.04842105263157895 0.05518394648829431
0 0.042105263157894736 0.36622073578595316 0.056842105263157895 0.056856187290969896
0 0.3778947368421053 0.43645484949832775 0.12210526315789473 0.06688963210702341
0 0.9294736842105263 0.44481605351170567 0.07263157894736842 0.09197324414715718
0 0.22842105263157894 0.4698996655518395 0.09894736842105263 0.06856187290969899
0 0.40210526315789474 0.5518394648829431 0.12526315789473685 0.0802675585284281
