0 0.14842105263157895 0.5284280936454849 0.33263157894736844 0.2809364548494983
0 0.8505263157894737 0.7140468227424749 0.15368421052631578 0.1488294314381271
0 0.03368421052631579 0.15384615384615385 0.042105263157894736 0.021739130434782608
0 0.003157894736842105 0.17224080267558528 0.02631578947368421 0.038461538461538464
0 0.19052631578947368 0.1588628762541806 0.05052631578947368 0.046822742474916385
0 0.05052631578947368 0.22240802675585283 0.04421052631578947 0.0451505016722408
0 0.04 0.3612040133779264 0.05473684210526316 0.06521739130434782
0 0.37684210526315787 0.43478260869565216 0.1231578947368421 0.06521739130434782
0 0.2063157894736842 0.46153846153846156 0.09894736842105263 0.06354515050167224
0 0.9189473684210526 0.45819397993311034 0.08210526315789474 0.0903010033444816
0 0.3778947368421053 0.5434782608695652 0.11157894736842106 0.06856187290969899
