0 0.1431578947368421 0.5150501672240803 0.32210526315789473 0.27759197324414714
0 0.8189473684210526 0.7140468227424749 0.17894736842105263 0.1488294314381271
0 0.03368421052631579 0.15384615384615385 0.04105263157894737 0.021739130434782608
0 0.002105263157894737 0.17391304347826086 0.02736842105263158 0.03678929765886288
0 0.18842105263157893 0.15719063545150502 0.05368421052631579 0.046822742474916385
0 0.05052631578947368 0.22240802675585283 0.0431578947368421 0.043478260869565216
0 0.04 0.3612040133779264 0.05263157894736842 0.06354515050167224
0 0.3778947368421053 0.4331103678929766 0.12105263157894737 0.06856187290969899
0 0.19473684210526315 0.45484949832775917 0.1031578947368421 0.07023411371237458
0 0.9147368421052632 0.45819397993311034 0.08526315789473685 0.08862876254180602
0 0.35157894736842105 0.5317725752508361 0.12105263157894737 0.07023411371237458
