0 0.09789473684210526 0.5083612040133779 0.3452631578947368 0.25418060200668896
0 0.7578947368421053 0.6956521739130435 0.22105263157894736 0.13210702341137123
0 0.03368421052631579 0.15217391304347827 0.04105263157894737 0.021739130434782608
0 0.0010526315789473684 0.17391304347826086 0.02631578947368421 0.03177257525083612
0 0.18842105263157893 0.1588628762541806 0.05263157894736842 0.0451505016722408
0 0.05052631578947368 0.21739130434782608 0.04105263157894737 0.043478260869565216
0 0.03684210526315789 0.35451505016722407 0.049473684210526316 0.06521739130434782
0 0.3778947368421053 0.43645484949832775 0.12105263157894737 0.06688963210702341
0 0.9052631578947369 0.46321070234113715 0.09368421052631579 0.08361204013377926
0 0.3231578947368421 0.5117056856187291 0.11052631578947368 0.08528428093645485
