0 0.07789473684210527 0.4983277591973244 0.3157894736842105 0.25585284280936454
0 0.7157894736842105 0.6688963210702341 0.1863157894736842 0.13210702341137123
0 0.03368421052631579 0.15217391304347827 0.04105263157894737 0.021739130434782608
0 0.002105263157894737 0.17224080267558528 0.024210526315789474 0.03177257525083612
0 0.18736842105263157 0.1588628762541806 0.05368421052631579 0.0451505016722408
0 0.05157894736842105 0.2157190635451505 0.04 0.04180602006688963
0 0.03894736842105263 0.3528428093645485 0.0431578947368421 0.05016722408026756
0 0.3778947368421053 0.43478260869565216 0.12210526315789473 0.06688963210702341
0 0.8936842105263157 0.46321070234113715 0.10421052631578948 0.08695652173913043
0 0.29894736842105263 0.5083612040133779 0.10842105263157895 0.06354515050167224
