0 0.10736842105263159 0.5167224080267558 0.35157894736842105 0.2608695652173913
0 0.7884210526315789 0.7023411371237458 0.21052631578947367 0.14381270903010032
0 0.03368421052631579 0.15217391304347827 0.042105263157894736 0.021739130434782608
0 0.0010526315789473684 0.17391304347826086 0.028421052631578948 0.03678929765886288
0 0.18842105263157893 0.15719063545150502 0.05263157894736842 0.046822742474916385
0 0.05052631578947368 0.21906354515050167 0.0431578947368421 0.043478260869565216
0 0.037894736842105266 0.35785953177257523 0.05263157894736842 0.06856187290969899
0 0.3778947368421053 0.4331103678929766 0.12210526315789473 0.06856187290969899
0 0.18526315789473685 0.4498327759197324 0.09894736842105263 0.06856187290969899
0 0.9105263157894737 0.45819397993311034 0.08842105263157894 0.08862876254180602
0 0.34 0.5217391304347826 0.11263157894736842 0.08193979933110368
