0 0.08947368421052632 0.5083612040133779 0.32526315789473687 0.24247491638795987
0 0.7242105263157895 0.68561872909699 0.2073684210526316 0.13712374581939799
0 0.03368421052631579 0.15217391304347827 0.04105263157894737 0.021739130434782608
0 0.002105263157894737 0.17224080267558528 0.024210526315789474 0.03177257525083612
0 0.18842105263157893 0.1588628762541806 0.05263157894736842 0.0451505016722408
0 0.05052631578947368 0.2157190635451505 0.04105263157894737 0.043478260869565216
0 0.035789473684210524 0.3528428093645485 0.049473684210526316 0.06688963210702341
0 0.3778947368421053 0.43478260869565216 0.12105263157894737 0.06688963210702341
0 0.8957894736842106 0.46153846153846156 0.10210526315789474 0.08862876254180602
0 0.3042105263157895 0.5083612040133779 0.12 0.08695652173913043
