0 0.031578947368421054 0.4899665551839465 0.3126315789473684 0.23244147157190637
0 0.6305263157894737 0.6321070234113713 0.17894736842105263 0.11872909698996656
0 0.03263157894736842 0.15217391304347827 0.04105263157894737 0.021739130434782608
0 0.0010526315789473684 0.17558528428093645 0.017894736842105262 0.02508361204013378
0 0.18842105263157893 0.15719063545150502 0.05263157894736842 0.0451505016722408
0 0.05263157894736842 0.2140468227424749 0.035789473684210524 0.04180602006688963
0 0.035789473684210524 0.3394648829431438 0.04 0.051839464882943144
0 0.3757894736842105 0.4331103678929766 0.1231578947368421 0.07023411371237458
0 0.2557894736842105 0.48327759197324416 0.10947368421052632 0.06688963210702341
0 0.8842105263157894 0.4682274247491639 0.11052631578947368 0.07859531772575251
