0 0.00631578947368421 0.4297658862876254 0.21473684210526317 0.22240802675585283
0 0.46842105263157896 0.5702341137123745 0.15578947368421053 0.09698996655518395
0 0.03263157894736842 0.15384615384615385 0.042105263157894736 0.023411371237458192
0 0.18842105263157893 0.15719063545150502 0.05368421052631579 0.05351170568561873
0 0.05052631578947368 0.19899665551839466 0.03263157894736842 0.038461538461538464
0 0.030526315789473683 0.3277591973244147 0.04 0.05016722408026756
0 0.09894736842105263 0.3896321070234114 0.07578947368421053 0.05351170568561873
0 0.37684210526315787 0.4331103678929766 0.1231578947368421 0.07023411371237458
0 0.1831578947368421 0.4414715719063545 0.09157894736842105 0.08528428093645485
0 0.8663157894736843 0.4698996655518395 0.11052631578947368 0.08193979933110368
