0 0.009473684210526316 0.45484949832775917 0.2894736842105263 0.2391304347826087
0 0.5536842105263158 0.6103678929765887 0.17473684210526316 0.10702341137123746
0 0.03263157894736842 0.15384615384615385 0.042105263157894736 0.021739130434782608
0 0.002105263157894737 0.17391304347826086 0.016842105263157894 0.026755852842809364
0 0.18842105263157893 0.15719063545150502 0.05473684210526316 0.05351170568561873
0 0.05368421052631579 0.20903010033444816 0.031578947368421054 0.04013377926421405
0 0.03263157894736842 0.33444816053511706 0.04 0.05351170568561873
0 0.11894736842105263 0.40635451505016723 0.08210526315789474 0.06020066889632107
0 0.3778947368421053 0.4331103678929766 0.12210526315789473 0.06856187290969899
0 0.8757894736842106 0.47157190635451507 0.11368421052631579 0.07692307692307693
