0 0.00631578947368421 0.4297658862876254 0.21473684210526317 0.22240802675585283
0 0.4673684210526316 0.5702341137123745 0.1568421052631579 0.09698996655518395
0 0.03263157894736842 0.15384615384615385 0.042105263157894736 0.023411371237458192
0 0.18842105263157893 0.15551839464882944 0.05263157894736842 0.048494983277591976
0 0.05052631578947368 0.19899665551839466 0.03263157894736842 0.038461538461538464
0 0.030526315789473683 0.3277591973244147 0.04 0.05016722408026756
0 0.09894736842105263 0.3896321070234114 0.07578947368421053 0.05351170568561873
0 0.3778947368421053 0.4331103678929766 0.12210526315789473 0.06856187290969899
0 0.1831578947368421 0.4414715719063545 0.09157894736842105 0.08528428093645485
0 0.8673684210526316 0.47157190635451507 0.10947368421052632 0.0802675585284281
