0 0.004210526315789474 0.42642140468227424 0.20526315789473684 0.22073578595317725
0 0.4463157894736842 0.5652173913043478 0.16210526315789472 0.10033444816053512
0 0.031578947368421054 0.15384615384615385 0.0431578947368421 0.023411371237458192
0 0.18842105263157893 0.15551839464882944 0.05368421052631579 0.05518394648829431
0 0.05052631578947368 0.19732441471571907 0.031578947368421054 0.038461538461538464
0 0.02526315789473684 0.32608695652173914 0.04421052631578947 0.038461538461538464
0 0.09368421052631579 0.38461538461538464 0.07473684210526316 0.05852842809364549
0 0.37684210526315787 0.4331103678929766 0.1231578947368421 0.07023411371237458
0 0.17684210526315788 0.43645484949832775 0.08736842105263158 0.09364548494983277
0 0.8663157894736843 0.4698996655518395 0.11052631578947368 0.08193979933110368
