0 -0.004210526315789474 0.3862876254180602 0.13894736842105262 0.20234113712374582
0 0.8042105263157895 0.8695652173913043 0.20105263157894737 0.13043478260869565
0 0.03263157894736842 0.1505016722408027 0.042105263157894736 0.02508361204013378
0 0.037894736842105266 0.18561872909698995 0.034736842105263156 0.04180602006688963
0 0.02736842105263158 0.31438127090301005 0.034736842105263156 0.0451505016722408
0 0.06736842105263158 0.35451505016722407 0.05894736842105263 0.061872909698996656
0 0.12526315789473685 0.3963210702341137 0.07578947368421053 0.08528428093645485
0 0.37894736842105264 0.43478260869565216 0.12210526315789473 0.07023411371237458
0 0.8515789473684211 0.47491638795986624 0.12105263157894737 0.08193979933110368
0 0.32842105263157895 0.5150501672240803 0.13052631578947368 0.0903010033444816
