0 -0.004210526315789474 0.38461538461538464 0.1336842105263158 0.19230769230769232
0 0.7757894736842105 0.8612040133779264 0.22210526315789475 0.13879598662207357
0 0.03368421052631579 0.1505016722408027 0.042105263157894736 0.02508361204013378
0 0.18736842105263157 0.15551839464882944 0.05368421052631579 0.056856187290969896
0 0.037894736842105266 0.18729096989966554 0.03263157894736842 0.038461538461538464
0 0.02736842105263158 0.31270903010033446 0.034736842105263156 0.0451505016722408
0 0.06421052631578947 0.3528428093645485 0.06210526315789474 0.06020066889632107
0 0.12631578947368421 0.3963210702341137 0.06631578947368422 0.08361204013377926
0 0.3778947368421053 0.43478260869565216 0.12105263157894737 0.06856187290969899
0 0.8526315789473684 0.47324414715719065 0.12 0.08193979933110368
0 0.3231578947368421 0.5016722408026756 0.11578947368421053 0.08528428093645485
