0 -0.009473684210526316 0.40301003344481606 0.15052631578947367 0.19899665551839466
0 0.8136842105263158 0.882943143812709 0.1863157894736842 0.11538461538461539
0 0.03263157894736842 0.15217391304347827 0.042105263157894736 0.023411371237458192
0 0.03894736842105263 0.18896321070234115 0.034736842105263156 0.04180602006688963
0 0.02736842105263158 0.31605351170568563 0.035789473684210524 0.043478260869565216
0 0.06947368421052631 0.35785953177257523 0.06631578947368422 0.05852842809364549
0 0.1336842105263158 0.3996655518394649 0.07473684210526316 0.07859531772575251
0 0.37684210526315787 0.431438127090301 0.1231578947368421 0.07190635451505016
0 0.8526315789473684 0.4765886287625418 0.12210526315789473 0.0802675585284281
0 0.3410526315789474 0.5234113712374582 0.1431578947368421 0.08862876254180602
