0 0.031578947368421054 0.15551839464882944 0.045263157894736845 0.023411371237458192
0 0.002105263157894737 0.1806020066889632 0.02 0.020066889632107024
0 0.18842105263157893 0.1605351170568562 0.05157894736842105 0.043478260869565216
0 0.18947368421052632 0.15719063545150502 0.05473684210526316 0.051839464882943144
0 0.015789473684210527 0.1939799331103679 0.034736842105263156 0.03511705685618729
0 0.04842105263157895 0.20066889632107024 0.02526315789473684 0.02508361204013378
0 0.004210526315789474 0.2408026755852843 0.03263157894736842 0.033444816053511704
0 0.988421052631579 0.31605351170568563 0.010526315789473684 0.0451505016722408
0 0.37684210526315787 0.4331103678929766 0.12421052631578948 0.06856187290969899
0 0.3957894736842105 0.43478260869565216 0.11578947368421053 0.06354515050167224
0 0.38 0.44481605351170567 0.11578947368421053 0.06688963210702341
