0 0.08736842105263158 0.7491638795986622 0.17894736842105263 0.11872909698996656
0 0.46842105263157896 0.794314381270903 0.24947368421052632 0.19063545150501673
0 0.030526315789473683 0.15551839464882944 0.04736842105263158 0.021739130434782608
0 0.021052631578947368 0.19230769230769232 0.028421052631578948 0.03177257525083612
0 0.03368421052631579 0.33444816053511706 0.0431578947368421 0.04180602006688963
0 -0.0010526315789473684 0.4280936454849498 0.07684210526315789 0.06856187290969899
0 0.37684210526315787 0.43478260869565216 0.12421052631578948 0.06688963210702341
0 0.8473684210526315 0.47324414715719065 0.12105263157894737 0.08528428093645485
0 0.9210526315789473 0.5183946488294314 0.08 0.09531772575250837
0 0.9778947368421053 0.7357859531772575 0.02 0.1488294314381271
