0 0.0010526315789473684 0.7474916387959866 0.14842105263157895 0.12374581939799331
0 0.8905263157894737 0.7408026755852842 0.11157894736842106 0.13210702341137123
0 0.29578947368421055 0.8010033444816054 0.2326315789473684 0.1705685618729097
0 0.029473684210526315 0.15551839464882944 0.049473684210526316 0.021739130434782608
0 0.018947368421052633 0.18729096989966554 0.031578947368421054 0.03511705685618729
0 0.03263157894736842 0.3177257525083612 0.03894736842105263 0.043478260869565216
0 0.009473684210526316 0.41471571906354515 0.07578947368421053 0.06020066889632107
0 0.3757894736842105 0.43645484949832775 0.12526315789473685 0.06688963210702341
0 0.8473684210526315 0.47324414715719065 0.12105263157894737 0.08695652173913043
0 0.9210526315789473 0.5183946488294314 0.08 0.09531772575250837
