0 0.023157894736842106 0.7575250836120402 0.19157894736842104 0.10702341137123746
0 0.4031578947368421 0.794314381270903 0.2168421052631579 0.1806020066889632
0 0.030526315789473683 0.15551839464882944 0.04736842105263158 0.021739130434782608
0 0.018947368421052633 0.18896321070234115 0.031578947368421054 0.033444816053511704
0 0.034736842105263156 0.32274247491638797 0.03894736842105263 0.04013377926421405
0 0.0 0.4230769230769231 0.07894736842105263 0.06354515050167224
0 0.37684210526315787 0.43478260869565216 0.12421052631578948 0.06688963210702341
0 0.8473684210526315 0.47324414715719065 0.12105263157894737 0.08528428093645485
0 0.9210526315789473 0.520066889632107 0.08 0.09364548494983277
0 0.9452631578947368 0.7508361204013378 0.05473684210526316 0.12207357859531773
