0 0.8726315789473684 0.7441471571906354 0.12631578947368421 0.1254180602006689
0 0.24210526315789474 0.7993311036789298 0.24842105263157896 0.17224080267558528
0 0.030526315789473683 0.15551839464882944 0.04842105263157895 0.021739130434782608
0 0.018947368421052633 0.18729096989966554 0.030526315789473683 0.03511705685618729
0 0.05157894736842105 0.24581939799331104 0.016842105263157894 0.03678929765886288
0 0.030526315789473683 0.31438127090301005 0.042105263157894736 0.04180602006688963
0 0.011578947368421053 0.4096989966555184 0.08 0.06354515050167224
0 0.3757894736842105 0.43478260869565216 0.12526315789473685 0.06688963210702341
0 0.8473684210526315 0.47324414715719065 0.12210526315789473 0.08528428093645485
0 0.9210526315789473 0.5183946488294314 0.08 0.09531772575250837
0 0.002105263157894737 0.7525083612040134 0.11368421052631579 0.10869565217391304
