0 0.0010526315789473684 0.7491638795986622 0.14842105263157895 0.12207357859531773
0 0.8905263157894737 0.7424749163879598 0.11157894736842106 0.13043478260869565
0 0.29473684210526313 0.802675585284281 0.23473684210526316 0.1705685618729097
0 0.029473684210526315 0.15551839464882944 0.049473684210526316 0.021739130434782608
0 0.017894736842105262 0.18729096989966554 0.03263157894736842 0.03511705685618729
0 0.03263157894736842 0.31605351170568563 0.03894736842105263 0.0451505016722408
0 0.008421052631578947 0.41471571906354515 0.07684210526315789 0.06020066889632107
0 0.37684210526315787 0.43645484949832775 0.12421052631578948 0.06688963210702341
0 0.8473684210526315 0.47324414715719065 0.12105263157894737 0.08695652173913043
0 0.9210526315789473 0.5183946488294314 0.08 0.09531772575250837
