0 0.005263157894736842 0.7558528428093646 0.16421052631578947 0.11371237458193979
0 0.9126315789473685 0.7424749163879598 0.08315789473684211 0.14046822742474915
0 0.3431578947368421 0.7976588628762542 0.23473684210526316 0.17725752508361203
0 0.030526315789473683 0.15551839464882944 0.04842105263157895 0.021739130434782608
0 0.018947368421052633 0.18729096989966554 0.031578947368421054 0.03511705685618729
0 0.03368421052631579 0.32274247491638797 0.04 0.04013377926421405
0 0.007368421052631579 0.41638795986622074 0.07578947368421053 0.06020066889632107
0 0.37684210526315787 0.43478260869565216 0.12421052631578948 0.06688963210702341
0 0.8473684210526315 0.47324414715719065 0.12105263157894737 0.08695652173913043
0 0.9210526315789473 0.5183946488294314 0.08 0.09531772575250837
