0 0.6326315789473684 0.7508361204013378 0.19894736842105262 0.14046822742474915
0 0.03368421052631579 0.15384615384615385 0.042105263157894736 0.021739130434782608
0 0.03263157894736842 0.21906354515050167 0.028421052631578948 0.028428093645484948
0 0.061052631578947365 0.2826086956521739 0.03368421052631579 0.026755852842809364
0 0.009473684210526316 0.3010033444816054 0.034736842105263156 0.033444816053511704
0 0.04842105263157895 0.33612040133779264 0.04736842105263158 0.043478260869565216
0 -0.0010526315789473684 0.431438127090301 0.07578947368421053 0.07190635451505016
0 0.3778947368421053 0.43478260869565216 0.12210526315789473 0.06688963210702341
0 0.848421052631579 0.47157190635451507 0.12 0.08862876254180602
0 0.9221052631578948 0.5183946488294314 0.08 0.09531772575250837
