0 0.5757894736842105 0.7558528428093646 0.1936842105263158 0.12876254180602006
0 0.03263157894736842 0.15384615384615385 0.0431578947368421 0.023411371237458192
0 0.03368421052631579 0.2157190635451505 0.028421052631578948 0.028428093645484948
0 0.05894736842105263 0.2792642140468227 0.03684210526315789 0.028428093645484948
0 0.009473684210526316 0.2959866220735786 0.034736842105263156 0.033444816053511704
0 0.05894736842105263 0.3210702341137124 0.037894736842105266 0.046822742474916385
0 0.005263157894736842 0.42474916387959866 0.07894736842105263 0.07023411371237458
0 0.37684210526315787 0.43645484949832775 0.1231578947368421 0.06688963210702341
0 0.8463157894736842 0.47324414715719065 0.12105263157894737 0.08862876254180602
0 0.9210526315789473 0.5183946488294314 0.08105263157894736 0.09531772575250837
