0 0.608421052631579 0.754180602006689 0.19473684210526315 0.13210702341137123
0 0.03263157894736842 0.15384615384615385 0.0431578947368421 0.023411371237458192
0 0.03263157894736842 0.21906354515050167 0.029473684210526315 0.026755852842809364
0 0.06 0.2809364548494983 0.035789473684210524 0.028428093645484948
0 0.007368421052631579 0.2976588628762542 0.037894736842105266 0.033444816053511704
0 0.05368421052631579 0.33277591973244147 0.0431578947368421 0.043478260869565216
0 0.0010526315789473684 0.4280936454849498 0.07789473684210527 0.07023411371237458
0 0.37684210526315787 0.43478260869565216 0.1231578947368421 0.06688963210702341
0 0.8463157894736842 0.47324414715719065 0.12105263157894737 0.08862876254180602
0 0.9210526315789473 0.5183946488294314 0.08105263157894736 0.09531772575250837
