0 0.5189473684210526 0.7474916387959866 0.1831578947368421 0.14046822742474915
0 0.031578947368421054 0.15384615384615385 0.045263157894736845 0.023411371237458192
0 0.035789473684210524 0.2157190635451505 0.02526315789473684 0.028428093645484948
0 0.05894736842105263 0.2792642140468227 0.035789473684210524 0.030100334448160536
0 0.009473684210526316 0.29264214046822745 0.035789473684210524 0.03511705685618729
0 0.05789473684210526 0.3210702341137124 0.03684210526315789 0.046822742474916385
0 0.01263157894736842 0.41304347826086957 0.07789473684210527 0.06354515050167224
0 0.37684210526315787 0.43478260869565216 0.1231578947368421 0.06688963210702341
0 0.8473684210526315 0.47324414715719065 0.11894736842105263 0.08695652173913043
0 0.92 0.5183946488294314 0.08105263157894736 0.09531772575250837
