0 0.3126315789473684 0.754180602006689 0.18421052631578946 0.12374581939799331
0 0.030526315789473683 0.15551839464882944 0.04631578947368421 0.023411371237458192
0 0.03368421052631579 0.20234113712374582 0.02631578947368421 0.023411371237458192
0 0.06 0.27759197324414714 0.03368421052631579 0.030100334448160536
0 0.06 0.29264214046822745 0.035789473684210524 0.03678929765886288
0 0.05789473684210526 0.31270903010033446 0.037894736842105266 0.038461538461538464
0 0.042105263157894736 0.38461538461538464 0.05789473684210526 0.06688963210702341
0 0.37684210526315787 0.43478260869565216 0.1231578947368421 0.06688963210702341
0 0.8473684210526315 0.47324414715719065 0.11894736842105263 0.08695652173913043
0 0.92 0.5183946488294314 0.08105263157894736 0.09531772575250837
