0 0.24210526315789474 0.7525083612040134 0.18210526315789474 0.13712374581939799
0 0.03263157894736842 0.15384615384615385 0.0431578947368421 0.021739130434782608
0 0.034736842105263156 0.20066889632107024 0.024210526315789474 0.02508361204013378
0 0.05894736842105263 0.27424749163879597 0.034736842105263156 0.03177257525083612
0 0.05894736842105263 0.29264214046822745 0.03684210526315789 0.04013377926421405
0 0.05789473684210526 0.31270903010033446 0.03684210526315789 0.038461538461538464
0 -0.0010526315789473684 0.3528428093645485 0.031578947368421054 0.048494983277591976
0 0.04736842105263158 0.38294314381270905 0.05789473684210526 0.056856187290969896
0 0.3778947368421053 0.43478260869565216 0.12210526315789473 0.06688963210702341
0 0.8473684210526315 0.47324414715719065 0.11894736842105263 0.08695652173913043
0 0.92 0.5183946488294314 0.08105263157894736 0.09531772575250837
