0 0.01368421052631579 0.7575250836120402 0.19052631578947368 0.12709030100334448
0 0.8652631578947368 0.7207357859531772 0.13473684210526315 0.19063545150501673
0 0.031578947368421054 0.1956521739130435 0.024210526315789474 0.02508361204013378
0 0.01263157894736842 0.2725752508361204 0.030526315789473683 0.028428093645484948
0 0.061052631578947365 0.2725752508361204 0.03368421052631579 0.03177257525083612
0 0.06 0.29431438127090304 0.034736842105263156 0.03511705685618729
0 0.061052631578947365 0.36454849498327757 0.042105263157894736 0.03511705685618729
0 0.37894736842105264 0.43645484949832775 0.12105263157894737 0.06521739130434782
0 0.8473684210526315 0.47324414715719065 0.12 0.08862876254180602
0 0.92 0.5167224080267558 0.08210526315789474 0.09866220735785954
