0 0.002105263157894737 0.745819397993311 0.07473684210526316 0.17224080267558528
0 0.4326315789473684 0.7491638795986622 0.21473684210526317 0.10702341137123746
0 0.015789473684210527 0.24247491638795987 0.030526315789473683 0.03177257525083612
0 0.061052631578947365 0.2508361204013378 0.030526315789473683 0.028428093645484948
0 0.06 0.26588628762541805 0.034736842105263156 0.03511705685618729
0 0.06210526315789474 0.2959866220735786 0.034736842105263156 0.03511705685618729
0 0.07052631578947369 0.3177257525083612 0.034736842105263156 0.03511705685618729
0 0.0010526315789473684 0.342809364548495 0.037894736842105266 0.046822742474916385
0 0.37684210526315787 0.43478260869565216 0.1231578947368421 0.06688963210702341
0 0.8473684210526315 0.47324414715719065 0.12 0.08862876254180602
0 0.9210526315789473 0.5183946488294314 0.08 0.09531772575250837
