0 0.021052631578947368 0.225752508361204 0.02631578947368421 0.02508361204013378
0 0.061052631578947365 0.2408026755852843 0.031578947368421054 0.03511705685618729
0 0.06 0.26755852842809363 0.03263157894736842 0.03678929765886288
0 0.06947368421052631 0.2976588628762542 0.034736842105263156 0.03511705685618729
0 0.07473684210526316 0.31270903010033446 0.03263157894736842 0.03177257525083612
0 0.9694736842105263 0.3177257525083612 0.029473684210526315 0.05016722408026756
0 0.3778947368421053 0.43645484949832775 0.12210526315789473 0.06354515050167224
0 0.848421052631579 0.47324414715719065 0.1168421052631579 0.08862876254180602
0 0.92 0.5183946488294314 0.08105263157894736 0.09364548494983277
0 0.003157894736842105 0.7408026755852842 0.10105263157894737 0.10535117056856187
