0 0.003157894736842105 0.7424749163879598 0.1431578947368421 0.12374581939799331
0 0.021052631578947368 0.22742474916387959 0.02736842105263158 0.02508361204013378
0 0.06 0.2391304347826087 0.03368421052631579 0.03511705685618729
0 0.061052631578947365 0.26755852842809363 0.03263157894736842 0.03511705685618729
0 0.06842105263157895 0.2976588628762542 0.035789473684210524 0.03511705685618729
0 0.07368421052631578 0.31270903010033446 0.034736842105263156 0.03177257525083612
0 0.968421052631579 0.32274247491638797 0.030526315789473683 0.043478260869565216
0 0.3778947368421053 0.43645484949832775 0.12210526315789473 0.061872909698996656
0 0.8473684210526315 0.47324414715719065 0.11894736842105263 0.08862876254180602
0 0.92 0.5167224080267558 0.08105263157894736 0.09531772575250837
