0 0.021052631578947368 0.22240802675585283 0.02631578947368421 0.02508361204013378
0 0.061052631578947365 0.24414715719063546 0.031578947368421054 0.033444816053511704
0 0.061052631578947365 0.2692307692307692 0.03263157894736842 0.03511705685618729
0 0.06842105263157895 0.29431438127090304 0.035789473684210524 0.038461538461538464
0 0.00631578947368421 0.32441471571906355 0.04105263157894737 0.03678929765886288
0 0.07473684210526316 0.31270903010033446 0.03368421052631579 0.033444816053511704
0 0.002105263157894737 0.35785953177257523 0.022105263157894735 0.07023411371237458
0 0.3778947368421053 0.43645484949832775 0.12210526315789473 0.06354515050167224
0 0.848421052631579 0.47324414715719065 0.11789473684210526 0.0903010033444816
0 0.92 0.5183946488294314 0.08105263157894736 0.09531772575250837
