0 0.021052631578947368 0.22073578595317725 0.02736842105263158 0.023411371237458192
0 0.06315789473684211 0.23076923076923078 0.02736842105263158 0.023411371237458192
0 0.06 0.24414715719063546 0.03263157894736842 0.033444816053511704
0 0.06 0.26588628762541805 0.03368421052631579 0.03511705685618729
0 0.07052631578947369 0.2976588628762542 0.034736842105263156 0.03511705685618729
0 0.007368421052631579 0.32441471571906355 0.04 0.03678929765886288
0 0.07578947368421053 0.31270903010033446 0.03368421052631579 0.03177257525083612
0 0.3778947368421053 0.43478260869565216 0.12210526315789473 0.06521739130434782
0 0.8473684210526315 0.47324414715719065 0.11789473684210526 0.0903010033444816
0 0.9210526315789473 0.5183946488294314 0.08 0.09531772575250837
