0 0.022105263157894735 0.21906354515050167 0.02631578947368421 0.023411371237458192
0 0.06315789473684211 0.22742474916387959 0.028421052631578948 0.02508361204013378
0 0.06 0.24414715719063546 0.03263157894736842 0.033444816053511704
0 0.06 0.26755852842809363 0.03368421052631579 0.03511705685618729
0 0.07052631578947369 0.2976588628762542 0.035789473684210524 0.033444816053511704
0 0.007368421052631579 0.3210702341137124 0.03894736842105263 0.03678929765886288
0 0.07578947368421053 0.31270903010033446 0.03263157894736842 0.03177257525083612
0 0.0 0.3494983277591973 0.035789473684210524 0.08193979933110368
0 0.3778947368421053 0.43645484949832775 0.12210526315789473 0.06354515050167224
0 0.848421052631579 0.47324414715719065 0.1168421052631579 0.0903010033444816
0 0.9210526315789473 0.5183946488294314 0.08 0.09531772575250837
