0 0.023157894736842106 0.22073578595317725 0.024210526315789474 0.023411371237458192
0 0.06210526315789474 0.22742474916387959 0.028421052631578948 0.02508361204013378
0 0.06 0.24414715719063546 0.03263157894736842 0.03177257525083612
0 0.05894736842105263 0.2692307692307692 0.035789473684210524 0.033444816053511704
0 0.07052631578947369 0.2959866220735786 0.035789473684210524 0.03511705685618729
0 0.008421052631578947 0.3193979933110368 0.037894736842105266 0.038461538461538464
0 0.07789473684210527 0.31270903010033446 0.031578947368421054 0.03177257525083612
0 -0.0010526315789473684 0.3494983277591973 0.03368421052631579 0.08361204013377926
0 0.3778947368421053 0.43645484949832775 0.12210526315789473 0.06354515050167224
0 0.848421052631579 0.47324414715719065 0.1168421052631579 0.0903010033444816
0 0.9210526315789473 0.520066889632107 0.08 0.09364548494983277
