0 0.031578947368421054 0.15384615384615385 0.045263157894736845 0.021739130434782608
0 0.023157894736842106 0.20066889632107024 0.02631578947368421 0.023411371237458192
0 0.05473684210526316 0.24581939799331104 0.03368421052631579 0.026755852842809364
0 0.018947368421052633 0.2692307692307692 0.030526315789473683 0.033444816053511704
0 0.021052631578947368 0.2959866220735786 0.029473684210526315 0.03177257525083612
0 0.07263157894736842 0.29264214046822745 0.034736842105263156 0.03511705685618729
0 0.0 0.32441471571906355 0.045263157894736845 0.08528428093645485
0 0.37894736842105264 0.43645484949832775 0.12210526315789473 0.06354515050167224
0 0.8473684210526315 0.47324414715719065 0.11789473684210526 0.0903010033444816
0 0.92 0.5183946488294314 0.08105263157894736 0.09698996655518395
