0 0.030526315789473683 0.15384615384615385 0.04631578947368421 0.023411371237458192
0 0.018947368421052633 0.1939799331103679 0.02736842105263158 0.021739130434782608
0 0.05894736842105263 0.20066889632107024 0.024210526315789474 0.026755852842809364
0 0.056842105263157895 0.22909698996655517 0.02736842105263158 0.023411371237458192
0 0.05368421052631579 0.2408026755852843 0.030526315789473683 0.02508361204013378
0 0.022105263157894735 0.27424749163879597 0.02736842105263158 0.030100334448160536
0 0.07052631578947369 0.27591973244147155 0.03368421052631579 0.03177257525083612
0 0.07578947368421053 0.28762541806020064 0.031578947368421054 0.03177257525083612
0 0.0 0.32274247491638797 0.049473684210526316 0.08193979933110368
0 0.37894736842105264 0.43645484949832775 0.12210526315789473 0.06354515050167224
0 0.8473684210526315 0.47324414715719065 0.1168421052631579 0.0903010033444816
0 0.92 0.5183946488294314 0.08105263157894736 0.09698996655518395
