0 0.031578947368421054 0.15384615384615385 0.04631578947368421 0.021739130434782608
0 0.016842105263157894 0.19230769230769232 0.02736842105263158 0.021739130434782608
0 0.05894736842105263 0.20066889632107024 0.024210526315789474 0.026755852842809364
0 0.05473684210526316 0.22909698996655517 0.028421052631578948 0.023411371237458192
0 0.05578947368421053 0.2391304347826087 0.02736842105263158 0.02508361204013378
0 0.022105263157894735 0.2725752508361204 0.02736842105263158 0.030100334448160536
0 0.07263157894736842 0.27759197324414714 0.03368421052631579 0.030100334448160536
0 0.0 0.32608695652173914 0.049473684210526316 0.07525083612040134
0 0.37894736842105264 0.43645484949832775 0.12210526315789473 0.06354515050167224
0 0.8473684210526315 0.47157190635451507 0.11789473684210526 0.09197324414715718
0 0.92 0.5183946488294314 0.08105263157894736 0.09698996655518395
