0 0.031578947368421054 0.15384615384615385 0.04631578947368421 0.021739130434782608
0 0.05789473684210526 0.19899665551839466 0.024210526315789474 0.02508361204013378
0 0.05368421052631579 0.22909698996655517 0.028421052631578948 0.021739130434782608
0 0.05368421052631579 0.2408026755852843 0.029473684210526315 0.02508361204013378
0 0.022105263157894735 0.2725752508361204 0.02736842105263158 0.030100334448160536
0 0.07263157894736842 0.27759197324414714 0.03368421052631579 0.028428093645484948
0 0.0 0.32441471571906355 0.049473684210526316 0.07859531772575251
0 0.37894736842105264 0.43645484949832775 0.12210526315789473 0.06354515050167224
0 0.8473684210526315 0.47157190635451507 0.1168421052631579 0.09197324414715718
0 0.92 0.5183946488294314 0.08105263157894736 0.09698996655518395
