0 0.031578947368421054 0.15384615384615385 0.045263157894736845 0.021739130434782608
0 0.05789473684210526 0.19732441471571907 0.02526315789473684 0.02508361204013378
0 0.05368421052631579 0.22742474916387959 0.028421052631578948 0.023411371237458192
0 0.05473684210526316 0.2391304347826087 0.028421052631578948 0.02508361204013378
0 0.022105263157894735 0.2709030100334448 0.02736842105263158 0.033444816053511704
0 0.07263157894736842 0.27591973244147155 0.034736842105263156 0.030100334448160536
0 0.0 0.32441471571906355 0.049473684210526316 0.07692307692307693
0 0.37894736842105264 0.43645484949832775 0.12210526315789473 0.06354515050167224
0 0.8473684210526315 0.47157190635451507 0.11789473684210526 0.09197324414715718
0 0.92 0.5167224080267558 0.08105263157894736 0.09698996655518395
