0 0.8231578947368421 0.7441471571906354 0.16631578947368422 0.13712374581939799
0 0.03368421052631579 0.15384615384615385 0.042105263157894736 0.020066889632107024
0 0.05157894736842105 0.1956521739130435 0.030526315789473683 0.026755852842809364
0 0.05263157894736842 0.22240802675585283 0.030526315789473683 0.02508361204013378
0 0.024210526315789474 0.2491638795986622 0.029473684210526315 0.030100334448160536
0 0.023157894736842106 0.26755852842809363 0.02631578947368421 0.028428093645484948
0 0.07263157894736842 0.2692307692307692 0.030526315789473683 0.030100334448160536
0 0.37894736842105264 0.43645484949832775 0.12210526315789473 0.06354515050167224
0 0.8473684210526315 0.47324414715719065 0.11789473684210526 0.0903010033444816
0 0.92 0.5167224080267558 0.08105263157894736 0.09531772575250837
