0 0.7884210526315789 0.7391304347826086 0.1863157894736842 0.15217391304347827
0 0.03368421052631579 0.15384615384615385 0.042105263157894736 0.020066889632107024
0 0.05157894736842105 0.1956521739130435 0.029473684210526315 0.026755852842809364
0 0.05263157894736842 0.22240802675585283 0.031578947368421054 0.02508361204013378
0 0.024210526315789474 0.2491638795986622 0.028421052631578948 0.030100334448160536
0 0.024210526315789474 0.2692307692307692 0.02631578947368421 0.026755852842809364
0 0.07263157894736842 0.26755852842809363 0.030526315789473683 0.03177257525083612
0 0.0 0.31438127090301005 0.049473684210526316 0.09698996655518395
0 0.37894736842105264 0.43645484949832775 0.12105263157894737 0.06354515050167224
0 0.8463157894736842 0.47157190635451507 0.11894736842105263 0.0903010033444816
0 0.92 0.5167224080267558 0.08210526315789474 0.09531772575250837
