0 0.8747368421052631 0.7274247491638796 0.12526315789473685 0.1806020066889632
0 0.03263157894736842 0.15217391304347827 0.0431578947368421 0.021739130434782608
0 0.05263157894736842 0.1956521739130435 0.028421052631578948 0.02508361204013378
0 0.05263157894736842 0.22408026755852842 0.031578947368421054 0.02508361204013378
0 0.024210526315789474 0.24749163879598662 0.029473684210526315 0.030100334448160536
0 0.023157894736842106 0.2725752508361204 0.02736842105263158 0.026755852842809364
0 0.07157894736842105 0.2692307692307692 0.03368421052631579 0.03177257525083612
0 0.37894736842105264 0.43645484949832775 0.12210526315789473 0.06354515050167224
0 0.8473684210526315 0.47324414715719065 0.1168421052631579 0.0903010033444816
0 0.92 0.5167224080267558 0.08105263157894736 0.09531772575250837
