0 0.8505263157894737 0.7341137123745819 0.1463157894736842 0.1454849498327759
0 0.03263157894736842 0.15217391304347827 0.0431578947368421 0.021739130434782608
0 0.05368421052631579 0.1956521739130435 0.028421052631578948 0.02508361204013378
0 0.05263157894736842 0.22408026755852842 0.030526315789473683 0.02508361204013378
0 0.024210526315789474 0.2491638795986622 0.028421052631578948 0.028428093645484948
0 0.023157894736842106 0.2709030100334448 0.02631578947368421 0.026755852842809364
0 0.07263157894736842 0.2692307692307692 0.03368421052631579 0.03177257525083612
0 0.37894736842105264 0.43645484949832775 0.12210526315789473 0.06354515050167224
0 0.8473684210526315 0.47324414715719065 0.1168421052631579 0.0903010033444816
0 0.92 0.5167224080267558 0.08105263157894736 0.09531772575250837
