0 0.58 0.7224080267558528 0.16631578947368422 0.12374581939799331
0 0.04736842105263158 0.18227424749163879 0.02736842105263158 0.020066889632107024
0 0.049473684210526316 0.1956521739130435 0.029473684210526315 0.026755852842809364
0 0.05157894736842105 0.21906354515050167 0.028421052631578948 0.023411371237458192
0 0.024210526315789474 0.2491638795986622 0.030526315789473683 0.030100334448160536
0 0.07052631578947369 0.2525083612040134 0.03263157894736842 0.026755852842809364
0 0.07473684210526316 0.26421404682274247 0.028421052631578948 0.026755852842809364
0 0.37684210526315787 0.43478260869565216 0.1231578947368421 0.06521739130434782
0 0.8452631578947368 0.47324414715719065 0.12210526315789473 0.0903010033444816
0 0.9189473684210526 0.5150501672240803 0.08315789473684211 0.09866220735785954
