0 0.3831578947368421 0.7090301003344481 0.14736842105263157 0.11705685618729098
0 0.042105263157894736 0.17725752508361203 0.028421052631578948 0.021739130434782608
0 0.049473684210526316 0.19899665551839466 0.028421052631578948 0.02508361204013378
0 0.05052631578947368 0.22073578595317725 0.02631578947368421 0.023411371237458192
0 0.02526315789473684 0.24749163879598662 0.029473684210526315 0.028428093645484948
0 0.07052631578947369 0.24749163879598662 0.030526315789473683 0.026755852842809364
0 0.004210526315789474 0.3010033444816054 0.0431578947368421 0.07190635451505016
0 0.37684210526315787 0.43478260869565216 0.1231578947368421 0.06521739130434782
0 0.8421052631578947 0.47324414715719065 0.12526315789473685 0.0903010033444816
0 0.9189473684210526 0.5150501672240803 0.08315789473684211 0.09866220735785954
