0 0.031578947368421054 0.15551839464882944 0.04631578947368421 0.021739130434782608
0 0.002105263157894737 0.17892976588628762 0.018947368421052633 0.01839464882943144
0 0.18947368421052632 0.1605351170568562 0.05157894736842105 0.04180602006688963
0 0.017894736842105262 0.1956521739130435 0.03368421052631579 0.03177257525083612
0 0.045263157894736845 0.19899665551839466 0.02736842105263158 0.026755852842809364
0 0.007368421052631579 0.22408026755852842 0.02736842105263158 0.03678929765886288
0 0.004210526315789474 0.2391304347826087 0.03263157894736842 0.033444816053511704
0 0.37684210526315787 0.4331103678929766 0.1231578947368421 0.06856187290969899
0 0.3957894736842105 0.43478260869565216 0.11578947368421053 0.06354515050167224
0 0.38 0.44481605351170567 0.11578947368421053 0.06688963210702341
