0 0.002105263157894737 0.3963210702341137 0.20526315789473684 0.21906354515050167
0 0.6231578947368421 0.5334448160535117 0.21263157894736842 0.10535117056856187
0 0.8642105263157894 0.5033444816053512 0.1368421052631579 0.12374581939799331
0 0.5989473684210527 0.5652173913043478 0.17684210526315788 0.09866220735785954
0 0.1705263157894737 0.7725752508361204 0.2094736842105263 0.13377926421404682
0 0.031578947368421054 0.15384615384615385 0.045263157894736845 0.023411371237458192
0 0.18736842105263157 0.15719063545150502 0.05578947368421053 0.05351170568561873
0 0.061052631578947365 0.33277591973244147 0.06 0.05852842809364549
0 0.3778947368421053 0.43478260869565216 0.12526315789473685 0.06856187290969899
0 0.22842105263157894 0.4431438127090301 0.11157894736842106 0.0903010033444816
0 0.3936842105263158 0.5351170568561873 0.13473684210526315 0.09531772575250837
