0 -0.002105263157894737 0.3729096989966555 0.16105263157894736 0.20903010033444816
0 0.8294736842105264 0.5250836120401338 0.14947368421052631 0.11036789297658862
0 0.003157894736842105 0.7792642140468228 0.17578947368421052 0.12709030100334448
0 0.030526315789473683 0.15384615384615385 0.04631578947368421 0.023411371237458192
0 0.18842105263157893 0.15551839464882944 0.05368421052631579 0.05518394648829431
0 0.05578947368421053 0.31270903010033446 0.049473684210526316 0.05852842809364549
0 0.37894736842105264 0.43478260869565216 0.12421052631578948 0.06688963210702341
0 0.19789473684210526 0.43478260869565216 0.11368421052631579 0.0903010033444816
0 0.3431578947368421 0.5267558528428093 0.13157894736842105 0.08361204013377926
0 0.5578947368421052 0.568561872909699 0.14736842105263157 0.08361204013377926
