0 -0.002105263157894737 0.3779264214046823 0.16736842105263158 0.21237458193979933
0 0.34 0.5250836120401338 0.16210526315789472 0.10869565217391304
0 0.8315789473684211 0.520066889632107 0.15052631578947367 0.11036789297658862
0 0.007368421052631579 0.7876254180602007 0.21473684210526317 0.13210702341137123
0 0.031578947368421054 0.15384615384615385 0.045263157894736845 0.021739130434782608
0 0.18842105263157893 0.15551839464882944 0.05368421052631579 0.05518394648829431
0 0.061052631578947365 0.3193979933110368 0.045263157894736845 0.0451505016722408
0 0.3778947368421053 0.4331103678929766 0.12526315789473685 0.06856187290969899
0 0.20210526315789473 0.43812709030100333 0.10736842105263159 0.0903010033444816
0 0.5631578947368421 0.568561872909699 0.14947368421052631 0.08528428093645485
