0 -0.0010526315789473684 0.38127090301003347 0.18105263157894738 0.20903010033444816
0 0.8421052631578947 0.5133779264214047 0.14736842105263157 0.11204013377926421
0 0.5726315789473684 0.560200668896321 0.16842105263157894 0.1020066889632107
0 0.05263157894736842 0.7892976588628763 0.21368421052631578 0.13210702341137123
0 0.031578947368421054 0.15384615384615385 0.045263157894736845 0.023411371237458192
0 0.18842105263157893 0.15551839464882944 0.05473684210526316 0.05518394648829431
0 0.05789473684210526 0.3177257525083612 0.05473684210526316 0.05518394648829431
0 0.3778947368421053 0.4331103678929766 0.12631578947368421 0.06856187290969899
0 0.20526315789473684 0.4397993311036789 0.11263157894736842 0.0903010033444816
0 0.3631578947368421 0.5351170568561873 0.1336842105263158 0.09698996655518395
