0 -0.004210526315789474 0.36789297658862874 0.15263157894736842 0.20735785953177258
0 0.3231578947368421 0.5234113712374582 0.15894736842105264 0.10535117056856187
0 0.8178947368421052 0.5234113712374582 0.15157894736842106 0.11538461538461539
0 0.5347368421052632 0.5535117056856187 0.15894736842105264 0.1020066889632107
0 0.0 0.7775919732441472 0.13894736842105262 0.13043478260869565
0 0.030526315789473683 0.15384615384615385 0.04631578947368421 0.023411371237458192
0 0.18842105263157893 0.15551839464882944 0.05473684210526316 0.05518394648829431
0 0.056842105263157895 0.31438127090301005 0.045263157894736845 0.0451505016722408
0 0.37894736842105264 0.43478260869565216 0.1231578947368421 0.06688963210702341
0 0.18526315789473685 0.4297658862876254 0.10947368421052632 0.09531772575250837
