0 -0.003157894736842105 0.3729096989966555 0.16105263157894736 0.20903010033444816
0 0.828421052631579 0.5234113712374582 0.15157894736842106 0.11204013377926421
0 0.003157894736842105 0.7792642140468228 0.17684210526315788 0.12709030100334448
0 0.030526315789473683 0.15384615384615385 0.04631578947368421 0.023411371237458192
0 0.18842105263157893 0.15719063545150502 0.05473684210526316 0.05351170568561873
0 0.05789473684210526 0.31605351170568563 0.045263157894736845 0.048494983277591976
0 0.37894736842105264 0.43478260869565216 0.12421052631578948 0.06688963210702341
0 0.19789473684210526 0.4331103678929766 0.11578947368421053 0.09197324414715718
0 0.34210526315789475 0.5284280936454849 0.13052631578947368 0.09866220735785954
0 0.5578947368421052 0.5668896321070234 0.14526315789473684 0.08361204013377926
