0 -0.009473684210526316 0.362876254180602 0.14842105263157895 0.20066889632107024
0 0.8094736842105263 0.5234113712374582 0.15473684210526314 0.11872909698996656
0 -0.002105263157894737 0.7976588628762542 0.09789473684210526 0.12040133779264214
0 0.029473684210526315 0.15384615384615385 0.04736842105263158 0.023411371237458192
0 0.18842105263157893 0.15551839464882944 0.05473684210526316 0.056856187290969896
0 0.05473684210526316 0.31270903010033446 0.045263157894736845 0.0451505016722408
0 0.18105263157894738 0.4230769230769231 0.10736842105263159 0.08528428093645485
0 0.3778947368421053 0.43478260869565216 0.1231578947368421 0.06688963210702341
0 0.31473684210526315 0.5217391304347826 0.14210526315789473 0.09197324414715718
0 0.5305263157894737 0.5635451505016722 0.14421052631578948 0.08528428093645485
