0 -0.00631578947368421 0.3193979933110368 0.08 0.20066889632107024
0 0.030526315789473683 0.15551839464882944 0.04631578947368421 0.021739130434782608
0 0.18842105263157893 0.15551839464882944 0.056842105263157895 0.05518394648829431
0 0.04736842105263158 0.2842809364548495 0.04421052631578947 0.0451505016722408
0 0.1231578947368421 0.39297658862876256 0.09157894736842105 0.07859531772575251
0 0.37684210526315787 0.4331103678929766 0.12526315789473685 0.06856187290969899
0 0.21263157894736842 0.5033444816053512 0.14526315789473684 0.08193979933110368
0 0.9621052631578947 0.4983277591973244 0.037894736842105266 0.08528428093645485
0 0.7031578947368421 0.5535117056856187 0.15894736842105264 0.08361204013377926
0 0.4105263157894737 0.5618729096989966 0.1368421052631579 0.08528428093645485
