0 -0.003157894736842105 0.3277591973244147 0.08526315789473685 0.20066889632107024
0 0.7221052631578947 0.540133779264214 0.17157894736842105 0.10535117056856187
0 0.031578947368421054 0.15384615384615385 0.04421052631578947 0.021739130434782608
0 0.18736842105263157 0.15551839464882944 0.05789473684210526 0.05518394648829431
0 0.049473684210526316 0.28929765886287623 0.0431578947368421 0.04180602006688963
0 0.13473684210526315 0.3996655518394649 0.09263157894736843 0.07357859531772576
0 0.37684210526315787 0.4331103678929766 0.12526315789473685 0.06856187290969899
0 0.23789473684210527 0.5050167224080268 0.1368421052631579 0.08193979933110368
0 0.9736842105263158 0.48494983277591974 0.02526315789473684 0.10869565217391304
0 0.4368421052631579 0.568561872909699 0.13894736842105262 0.07692307692307693
