0 -0.004210526315789474 0.32274247491638797 0.08105263157894736 0.2040133779264214
0 0.7157894736842105 0.5434782608695652 0.15894736842105264 0.10033444816053512
0 0.030526315789473683 0.15551839464882944 0.04631578947368421 0.021739130434782608
0 0.18842105263157893 0.15551839464882944 0.056842105263157895 0.05518394648829431
0 0.04736842105263158 0.28929765886287623 0.045263157894736845 0.043478260869565216
0 0.12842105263157894 0.3963210702341137 0.09578947368421052 0.08193979933110368
0 0.37684210526315787 0.4331103678929766 0.12526315789473685 0.06856187290969899
0 0.22526315789473683 0.5066889632107023 0.1368421052631579 0.0802675585284281
0 0.968421052631579 0.49331103678929766 0.030526315789473683 0.09364548494983277
0 0.42 0.5668896321070234 0.14421052631578948 0.07692307692307693
