0 0.6757894736842105 0.5501672240802675 0.16210526315789472 0.10869565217391304
0 0.9157894736842105 0.7341137123745819 0.08315789473684211 0.1806020066889632
0 0.030526315789473683 0.15384615384615385 0.04631578947368421 0.021739130434782608
0 0.18842105263157893 0.15719063545150502 0.05578947368421053 0.05518394648829431
0 0.04842105263157895 0.2809364548494983 0.042105263157894736 0.0451505016722408
0 0.11368421052631579 0.3862876254180602 0.09263157894736843 0.08862876254180602
0 0.3778947368421053 0.4331103678929766 0.1231578947368421 0.07023411371237458
0 0.19789473684210526 0.49665551839464883 0.13473684210526315 0.08862876254180602
0 0.9389473684210526 0.5100334448160535 0.06315789473684211 0.09698996655518395
0 0.391578947368421 0.5501672240802675 0.1336842105263158 0.08528428093645485
