0 0.6357894736842106 0.5551839464882943 0.16631578947368422 0.09698996655518395
0 0.8210526315789474 0.7508361204013378 0.1726315789473684 0.15384615384615385
0 0.029473684210526315 0.15384615384615385 0.04736842105263158 0.021739130434782608
0 0.18842105263157893 0.15719063545150502 0.056842105263157895 0.05518394648829431
0 0.04736842105263158 0.2725752508361204 0.03894736842105263 0.04013377926421405
0 0.10736842105263159 0.3779264214046823 0.07578947368421053 0.06521739130434782
0 0.37684210526315787 0.4331103678929766 0.12526315789473685 0.07023411371237458
0 0.1726315789473684 0.4916387959866221 0.12736842105263158 0.08528428093645485
0 0.911578947368421 0.5117056856187291 0.08947368421052632 0.10033444816053512
0 0.3663157894736842 0.5501672240802675 0.13052631578947368 0.08193979933110368
