0 0.8442105263157895 0.5133779264214047 0.1463157894736842 0.11204013377926421
0 0.5484210526315789 0.5568561872909699 0.1705263157894737 0.09197324414715718
0 0.611578947368421 0.7525083612040134 0.1694736842105263 0.12207357859531773
0 0.031578947368421054 0.15384615384615385 0.04421052631578947 0.021739130434782608
0 0.18842105263157893 0.15719063545150502 0.056842105263157895 0.056856187290969896
0 0.04631578947368421 0.26588628762541805 0.03684210526315789 0.03511705685618729
0 0.08526315789473685 0.35785953177257523 0.06631578947368422 0.07190635451505016
0 0.37684210526315787 0.431438127090301 0.12526315789473685 0.07190635451505016
0 0.12526315789473685 0.47157190635451507 0.12 0.09197324414715718
0 0.29368421052631577 0.5367892976588629 0.13894736842105262 0.08361204013377926
