0 0.6210526315789474 0.5568561872909699 0.1705263157894737 0.09866220735785954
0 0.7863157894736842 0.7558528428093646 0.18421052631578946 0.14381270903010032
0 0.030526315789473683 0.15384615384615385 0.04736842105263158 0.021739130434782608
0 0.18736842105263157 0.15719063545150502 0.056842105263157895 0.05518394648829431
0 0.04736842105263158 0.2709030100334448 0.04 0.038461538461538464
0 0.09894736842105263 0.3779264214046823 0.07894736842105263 0.061872909698996656
0 0.3757894736842105 0.4331103678929766 0.12736842105263158 0.06856187290969899
0 0.1631578947368421 0.4866220735785953 0.13052631578947368 0.0903010033444816
0 0.9073684210526316 0.5117056856187291 0.09263157894736843 0.09866220735785954
0 0.3410526315789474 0.5501672240802675 0.1463157894736842 0.08695652173913043
