0 0.588421052631579 0.5618729096989966 0.1736842105263158 0.09364548494983277
0 0.7189473684210527 0.7558528428093646 0.17894736842105263 0.12709030100334448
0 0.031578947368421054 0.15384615384615385 0.04631578947368421 0.021739130434782608
0 0.18736842105263157 0.15551839464882944 0.056842105263157895 0.056856187290969896
0 0.04631578947368421 0.26755852842809363 0.037894736842105266 0.04013377926421405
0 0.09157894736842105 0.3695652173913043 0.07684210526315789 0.0802675585284281
0 0.3778947368421053 0.43478260869565216 0.12421052631578948 0.06688963210702341
0 0.14736842105263157 0.479933110367893 0.12631578947368421 0.08361204013377926
0 0.8768421052631579 0.5217391304347826 0.12736842105263158 0.08695652173913043
0 0.3178947368421053 0.5418060200668896 0.15052631578947367 0.0903010033444816
