0 0.5421052631578948 0.5535117056856187 0.1568421052631579 0.09866220735785954
0 0.5778947368421052 0.7424749163879598 0.1631578947368421 0.12709030100334448
0 0.030526315789473683 0.15384615384615385 0.045263157894736845 0.023411371237458192
0 0.18842105263157893 0.15551839464882944 0.056842105263157895 0.056856187290969896
0 0.04631578947368421 0.26421404682274247 0.03684210526315789 0.03678929765886288
0 0.08105263157894736 0.35618729096989965 0.06947368421052631 0.07190635451505016
0 0.3778947368421053 0.431438127090301 0.12421052631578948 0.07190635451505016
0 0.12210526315789473 0.4682274247491639 0.11368421052631579 0.09364548494983277
0 0.2831578947368421 0.5234113712374582 0.1431578947368421 0.09197324414715718
0 0.8378947368421052 0.5267558528428093 0.14947368421052631 0.08695652173913043
