0 0.5421052631578948 0.5535117056856187 0.1568421052631579 0.09866220735785954
0 0.5768421052631579 0.7424749163879598 0.1631578947368421 0.1254180602006689
0 0.031578947368421054 0.15384615384615385 0.04421052631578947 0.021739130434782608
0 0.18842105263157893 0.15719063545150502 0.056842105263157895 0.056856187290969896
0 0.04631578947368421 0.26421404682274247 0.03684210526315789 0.03678929765886288
0 0.08105263157894736 0.35618729096989965 0.06947368421052631 0.07190635451505016
0 0.3757894736842105 0.431438127090301 0.12526315789473685 0.07190635451505016
0 0.12105263157894737 0.4682274247491639 0.11473684210526315 0.09364548494983277
0 0.2831578947368421 0.5234113712374582 0.14210526315789473 0.09197324414715718
0 0.8378947368421052 0.5267558528428093 0.14947368421052631 0.08695652173913043
