0 0.11368421052631579 0.7575250836120402 0.1631578947368421 0.11538461538461539
0 0.030526315789473683 0.15384615384615385 0.04631578947368421 0.023411371237458192
0 0.18947368421052632 0.15551839464882944 0.05578947368421053 0.056856187290969896
0 0.0431578947368421 0.23411371237458195 0.03263157894736842 0.038461538461538464
0 0.06 0.32441471571906355 0.05368421052631579 0.06354515050167224
0 0.05894736842105263 0.431438127090301 0.08315789473684211 0.07859531772575251
0 0.3778947368421053 0.43478260869565216 0.12421052631578948 0.07023411371237458
0 0.17894736842105263 0.49498327759197325 0.12526315789473685 0.08361204013377926
0 0.4073684210526316 0.5501672240802675 0.1463157894736842 0.08862876254180602
0 0.7073684210526315 0.5518394648829431 0.16 0.08193979933110368
