0 0.1431578947368421 0.7006688963210702 0.2336842105263158 0.13712374581939799
0 0.8421052631578947 0.7759197324414716 0.1631578947368421 0.20066889632107024
0 0.031578947368421054 0.15217391304347827 0.045263157894736845 0.021739130434782608
0 0.18842105263157893 0.15719063545150502 0.05789473684210526 0.05351170568561873
0 0.01368421052631579 0.19063545150501673 0.034736842105263156 0.03177257525083612
0 0.002105263157894737 0.3177257525083612 0.034736842105263156 0.05351170568561873
0 0.01263157894736842 0.3729096989966555 0.05894736842105263 0.07357859531772576
0 0.37684210526315787 0.4331103678929766 0.12526315789473685 0.06856187290969899
0 0.08842105263157894 0.44816053511705684 0.09578947368421052 0.07692307692307693
0 0.29894736842105263 0.5367892976588629 0.1368421052631579 0.08528428093645485
