0 0.18421052631578946 0.7023411371237458 0.23894736842105263 0.13210702341137123
0 0.8747368421052631 0.7775919732441472 0.13052631578947368 0.18896321070234115
0 0.03263157894736842 0.15217391304347827 0.04421052631578947 0.021739130434782608
0 0.18842105263157893 0.15719063545150502 0.05789473684210526 0.05351170568561873
0 0.016842105263157894 0.19063545150501673 0.03263157894736842 0.033444816053511704
0 0.0010526315789473684 0.3277591973244147 0.03684210526315789 0.051839464882943144
0 0.01263157894736842 0.3712374581939799 0.06315789473684211 0.07190635451505016
0 0.37684210526315787 0.4331103678929766 0.12631578947368421 0.06856187290969899
0 0.09263157894736843 0.4498327759197324 0.10421052631578948 0.08528428093645485
0 0.3136842105263158 0.5367892976588629 0.13473684210526315 0.08862876254180602
