0 0.09263157894736843 0.7006688963210702 0.2431578947368421 0.1354515050167224
0 0.8105263157894737 0.7876254180602007 0.1936842105263158 0.1705685618729097
0 0.03263157894736842 0.15217391304347827 0.04421052631578947 0.021739130434782608
0 0.18947368421052632 0.15719063545150502 0.056842105263157895 0.05351170568561873
0 0.01263157894736842 0.18896321070234115 0.034736842105263156 0.03177257525083612
0 0.002105263157894737 0.31270903010033446 0.03368421052631579 0.05518394648829431
0 0.011578947368421053 0.36789297658862874 0.05578947368421053 0.07859531772575251
0 0.37684210526315787 0.4331103678929766 0.12526315789473685 0.07023411371237458
0 0.08421052631578947 0.4414715719063545 0.09368421052631579 0.08361204013377926
0 0.2863157894736842 0.5267558528428093 0.14210526315789473 0.08695652173913043
