0 0.20842105263157895 0.7040133779264214 0.24421052631578946 0.14381270903010032
0 0.9084210526315789 0.7642140468227425 0.08842105263157894 0.205685618729097
0 0.03263157894736842 0.15217391304347827 0.0431578947368421 0.021739130434782608
0 0.18842105263157893 0.15719063545150502 0.05789473684210526 0.05351170568561873
0 0.018947368421052633 0.19230769230769232 0.031578947368421054 0.03177257525083612
0 0.002105263157894737 0.3294314381270903 0.034736842105263156 0.056856187290969896
0 0.01263157894736842 0.3762541806020067 0.06421052631578947 0.07190635451505016
0 0.3778947368421053 0.43478260869565216 0.12421052631578948 0.06688963210702341
0 0.1 0.44816053511705684 0.10210526315789474 0.11036789297658862
0 0.32210526315789473 0.5434782608695652 0.13894736842105262 0.07859531772575251
