0 0.00631578947368421 0.7023411371237458 0.26842105263157895 0.13879598662207357
0 0.7378947368421053 0.7993311036789298 0.23684210526315788 0.14046822742474915
0 0.034736842105263156 0.15384615384615385 0.04105263157894737 0.020066889632107024
0 0.18947368421052632 0.15719063545150502 0.056842105263157895 0.05351170568561873
0 0.010526315789473684 0.18896321070234115 0.03368421052631579 0.030100334448160536
0 0.002105263157894737 0.3093645484949833 0.03263157894736842 0.056856187290969896
0 0.007368421052631579 0.35451505016722407 0.05368421052631579 0.07023411371237458
0 0.3778947368421053 0.4331103678929766 0.1231578947368421 0.06856187290969899
0 0.07263157894736842 0.431438127090301 0.09263157894736843 0.09197324414715718
0 0.27052631578947367 0.5234113712374582 0.1336842105263158 0.08528428093645485
