0 -0.007368421052631579 0.6956521739130435 0.1957894736842105 0.13879598662207357
0 0.6705263157894736 0.7976588628762542 0.22421052631578947 0.1605351170568562
0 0.03368421052631579 0.15384615384615385 0.04105263157894737 0.020066889632107024
0 0.18947368421052632 0.15719063545150502 0.056842105263157895 0.05351170568561873
0 0.008421052631578947 0.18896321070234115 0.017894736842105262 0.033444816053511704
0 0.0010526315789473684 0.3076923076923077 0.03263157894736842 0.05518394648829431
0 0.007368421052631579 0.34782608695652173 0.04842105263157895 0.07692307692307693
0 0.06 0.4280936454849498 0.09157894736842105 0.08361204013377926
0 0.3778947368421053 0.4331103678929766 0.12421052631578948 0.06856187290969899
0 0.2505263157894737 0.5150501672240803 0.12947368421052632 0.09364548494983277
