0 0.002105263157894737 0.6989966555183946 0.1463157894736842 0.14046822742474915
0 0.6294736842105263 0.7993311036789298 0.22631578947368422 0.1688963210702341
0 0.03368421052631579 0.15217391304347827 0.042105263157894736 0.021739130434782608
0 0.18947368421052632 0.15719063545150502 0.056842105263157895 0.05351170568561873
0 0.007368421052631579 0.18561872909698995 0.017894736842105262 0.03511705685618729
0 0.0010526315789473684 0.30434782608695654 0.03368421052631579 0.05518394648829431
0 0.00631578947368421 0.34448160535117056 0.04736842105263158 0.08193979933110368
0 0.05894736842105263 0.42642140468227424 0.08736842105263158 0.0802675585284281
0 0.3778947368421053 0.43478260869565216 0.12421052631578948 0.06688963210702341
0 0.24105263157894738 0.5133779264214047 0.13263157894736843 0.09364548494983277
