0 0.05578947368421053 0.697324414715719 0.24105263157894738 0.13879598662207357
0 0.7684210526315789 0.794314381270903 0.22842105263157894 0.15719063545150502
0 0.034736842105263156 0.15384615384615385 0.04105263157894737 0.020066889632107024
0 0.18947368421052632 0.15719063545150502 0.056842105263157895 0.05351170568561873
0 0.01263157894736842 0.18896321070234115 0.03368421052631579 0.030100334448160536
0 0.002105263157894737 0.3093645484949833 0.03263157894736842 0.05852842809364549
0 0.00631578947368421 0.35618729096989965 0.05894736842105263 0.07190635451505016
0 0.3778947368421053 0.4331103678929766 0.12421052631578948 0.07023411371237458
0 0.07473684210526316 0.43478260869565216 0.09473684210526316 0.08862876254180602
0 0.27473684210526317 0.5267558528428093 0.14 0.08695652173913043
