0 0.031578947368421054 0.15384615384615385 0.04631578947368421 0.021739130434782608
0 0.002105263157894737 0.1806020066889632 0.018947368421052633 0.01839464882943144
0 0.18947368421052632 0.1605351170568562 0.05157894736842105 0.04180602006688963
0 0.016842105263157894 0.1956521739130435 0.034736842105263156 0.03177257525083612
0 0.045263157894736845 0.19899665551839466 0.02736842105263158 0.026755852842809364
0 0.007368421052631579 0.22240802675585283 0.02736842105263158 0.038461538461538464
0 0.004210526315789474 0.2391304347826087 0.03263157894736842 0.033444816053511704
0 0.37684210526315787 0.4331103678929766 0.12421052631578948 0.06856187290969899
0 0.39473684210526316 0.4331103678929766 0.1168421052631579 0.06521739130434782
0 0.37894736842105264 0.4431438127090301 0.1168421052631579 0.06856187290969899
