0 -0.0010526315789473684 0.7441471571906354 0.21157894736842106 0.13377926421404682
0 0.030526315789473683 0.15384615384615385 0.04736842105263158 0.021739130434782608
0 0.18842105263157893 0.1588628762541806 0.05473684210526316 0.04180602006688963
0 0.018947368421052633 0.24581939799331104 0.02736842105263158 0.03177257525083612
0 0.06736842105263158 0.26588628762541805 0.030526315789473683 0.030100334448160536
0 0.9726315789473684 0.3411371237458194 0.02631578947368421 0.038461538461538464
0 0.003157894736842105 0.38461538461538464 0.09894736842105263 0.09197324414715718
0 0.3778947368421053 0.43478260869565216 0.12210526315789473 0.06521739130434782
0 0.9073684210526316 0.5117056856187291 0.09263157894736843 0.09531772575250837
0 0.16631578947368422 0.6003344481605352 0.10210526315789474 0.056856187290969896
