0 0.031578947368421054 0.15384615384615385 0.045263157894736845 0.021739130434782608
0 0.003157894736842105 0.17892976588628762 0.018947368421052633 0.01839464882943144
0 0.18947368421052632 0.1605351170568562 0.05157894736842105 0.04180602006688963
0 0.018947368421052633 0.1956521739130435 0.03368421052631579 0.033444816053511704
0 0.04421052631578947 0.19899665551839466 0.028421052631578948 0.026755852842809364
0 0.007368421052631579 0.22240802675585283 0.02631578947368421 0.038461538461538464
0 0.005263157894736842 0.23745819397993312 0.031578947368421054 0.03511705685618729
0 0.3778947368421053 0.4331103678929766 0.12421052631578948 0.06856187290969899
0 0.39473684210526316 0.4331103678929766 0.1168421052631579 0.06521739130434782
0 0.38 0.44481605351170567 0.11578947368421053 0.06688963210702341
