0 -0.003157894736842105 0.40635451505016723 0.1936842105263158 0.20066889632107024
0 0.7315789473684211 0.5250836120401338 0.17157894736842105 0.12709030100334448
0 0.029473684210526315 0.15384615384615385 0.04842105263157895 0.021739130434782608
0 0.18736842105263157 0.15719063545150502 0.056842105263157895 0.05518394648829431
0 0.024210526315789474 0.36622073578595316 0.056842105263157895 0.051839464882943144
0 0.3778947368421053 0.4331103678929766 0.12421052631578948 0.07190635451505016
0 0.22105263157894736 0.44481605351170567 0.1 0.0903010033444816
0 0.8168421052631579 0.4916387959866221 0.029473684210526315 0.046822742474916385
0 0.5526315789473685 0.5 0.12210526315789473 0.0802675585284281
0 0.36736842105263157 0.5468227424749164 0.12736842105263158 0.07859531772575251
