0 -0.00631578947368421 0.3729096989966555 0.13894736842105262 0.1956521739130435
0 0.671578947368421 0.5334448160535117 0.1463157894736842 0.11872909698996656
0 0.030526315789473683 0.15384615384615385 0.04631578947368421 0.023411371237458192
0 0.18842105263157893 0.15719063545150502 0.05578947368421053 0.05518394648829431
0 0.016842105263157894 0.3377926421404682 0.04736842105263158 0.048494983277591976
0 0.17789473684210527 0.4230769230769231 0.08736842105263158 0.08695652173913043
0 0.37894736842105264 0.43478260869565216 0.12105263157894737 0.07023411371237458
0 0.7663157894736842 0.4983277591973244 0.037894736842105266 0.043478260869565216
0 0.4968421052631579 0.49665551839464883 0.12210526315789473 0.07859531772575251
0 0.29789473684210527 0.5234113712374582 0.11368421052631579 0.0903010033444816
