0 -0.005263157894736842 0.3745819397993311 0.1368421052631579 0.1939799331103679
0 0.6736842105263158 0.5334448160535117 0.14526315789473684 0.12040133779264214
0 0.030526315789473683 0.15384615384615385 0.045263157894736845 0.023411371237458192
0 0.18842105263157893 0.15719063545150502 0.05578947368421053 0.05518394648829431
0 0.016842105263157894 0.3377926421404682 0.04736842105263158 0.048494983277591976
0 0.17684210526315788 0.4230769230769231 0.08736842105263158 0.08862876254180602
0 0.38 0.43478260869565216 0.12 0.07023411371237458
0 0.7663157894736842 0.4983277591973244 0.03684210526315789 0.043478260869565216
0 0.4968421052631579 0.49665551839464883 0.12105263157894737 0.0802675585284281
0 0.29789473684210527 0.5234113712374582 0.11263157894736842 0.0903010033444816
