0 -0.002105263157894737 0.3795986622073579 0.061052631578947365 0.15384615384615385
0 0.5136842105263157 0.5585284280936454 0.16 0.09698996655518395
0 0.030526315789473683 0.15384615384615385 0.04842105263157895 0.023411371237458192
0 0.18736842105263157 0.15719063545150502 0.05789473684210526 0.05518394648829431
0 0.01368421052631579 0.2976588628762542 0.03684210526315789 0.04180602006688963
0 0.12105263157894737 0.3896321070234114 0.06631578947368422 0.08695652173913043
0 0.3778947368421053 0.43478260869565216 0.11894736842105263 0.061872909698996656
0 0.18526315789473685 0.5033444816053512 0.10736842105263159 0.0802675585284281
0 0.38526315789473686 0.4899665551839465 0.11052631578947368 0.07525083612040134
0 0.6642105263157895 0.5117056856187291 0.035789473684210524 0.043478260869565216
