0 -0.002105263157894737 0.3795986622073579 0.061052631578947365 0.15384615384615385
0 0.5136842105263157 0.5585284280936454 0.16 0.09531772575250837
0 0.029473684210526315 0.15384615384615385 0.049473684210526316 0.023411371237458192
0 0.18736842105263157 0.15719063545150502 0.05789473684210526 0.05518394648829431
0 0.01368421052631579 0.2976588628762542 0.03684210526315789 0.04180602006688963
0 0.12105263157894737 0.3896321070234114 0.06631578947368422 0.08695652173913043
0 0.3778947368421053 0.43478260869565216 0.11894736842105263 0.061872909698996656
0 0.18421052631578946 0.5016722408026756 0.10842105263157895 0.08193979933110368
0 0.38421052631578945 0.4916387959866221 0.11052631578947368 0.07357859531772576
0 0.6642105263157895 0.5117056856187291 0.034736842105263156 0.043478260869565216
