0 0.9 0.4983277591973244 0.09473684210526316 0.11872909698996656
0 0.391578947368421 0.5551839464882943 0.15578947368421053 0.1020066889632107
0 0.92 0.7391304347826086 0.07894736842105263 0.17558528428093645
0 0.18736842105263157 0.15551839464882944 0.05789473684210526 0.05518394648829431
0 0.015789473684210527 0.2725752508361204 0.031578947368421054 0.03511705685618729
0 0.08210526315789474 0.3612040133779264 0.06210526315789474 0.05852842809364549
0 0.3757894736842105 0.43478260869565216 0.12526315789473685 0.06856187290969899
0 0.11473684210526315 0.47157190635451507 0.09894736842105263 0.09364548494983277
0 0.3063157894736842 0.47157190635451507 0.10947368421052632 0.08193979933110368
0 0.588421052631579 0.5133779264214047 0.03894736842105263 0.043478260869565216
