0 0.8505263157894737 0.5083612040133779 0.13263157894736843 0.11872909698996656
0 0.7873684210526316 0.7709030100334449 0.21052631578947367 0.17892976588628762
0 0.030526315789473683 0.15384615384615385 0.04736842105263158 0.023411371237458192
0 0.18736842105263157 0.15719063545150502 0.05789473684210526 0.05351170568561873
0 0.015789473684210527 0.2608695652173913 0.031578947368421054 0.04013377926421405
0 0.06842105263157895 0.342809364548495 0.05578947368421053 0.07190635451505016
0 0.37894736842105264 0.43478260869565216 0.12105263157894737 0.06856187290969899
0 0.0863157894736842 0.45484949832775917 0.08421052631578947 0.07190635451505016
0 0.2631578947368421 0.459866220735786 0.10736842105263159 0.09197324414715718
0 0.5368421052631579 0.5033444816053512 0.05473684210526316 0.061872909698996656
0 0.3357894736842105 0.5518394648829431 0.1431578947368421 0.08695652173913043
