0 0.3368421052631579 0.5468227424749164 0.1705263157894737 0.09197324414715718
0 0.8294736842105264 0.745819397993311 0.1694736842105263 0.17224080267558528
0 0.031578947368421054 0.15384615384615385 0.04631578947368421 0.023411371237458192
0 0.18736842105263157 0.15719063545150502 0.05789473684210526 0.05351170568561873
0 0.07368421052631578 0.3494983277591973 0.056842105263157895 0.06856187290969899
0 0.37684210526315787 0.43478260869565216 0.1231578947368421 0.06856187290969899
0 0.09157894736842105 0.45819397993311034 0.09052631578947369 0.09531772575250837
0 0.27789473684210525 0.46488294314381273 0.1031578947368421 0.0903010033444816
0 0.5442105263157895 0.5033444816053512 0.05368421052631579 0.061872909698996656
0 0.8652631578947368 0.5117056856187291 0.12947368421052632 0.1020066889632107
