0 0.6884210526315789 0.7709030100334449 0.21052631578947367 0.1806020066889632
0 0.030526315789473683 0.15384615384615385 0.04736842105263158 0.023411371237458192
0 0.18736842105263157 0.15719063545150502 0.05789473684210526 0.05351170568561873
0 0.014736842105263158 0.2508361204013378 0.030526315789473683 0.03177257525083612
0 0.06210526315789474 0.33277591973244147 0.05368421052631579 0.06688963210702341
0 0.37894736842105264 0.43478260869565216 0.12 0.06856187290969899
0 0.06526315789473684 0.43645484949832775 0.08315789473684211 0.08862876254180602
0 0.23894736842105263 0.451505016722408 0.09894736842105263 0.07525083612040134
0 0.5052631578947369 0.5 0.05157894736842105 0.06354515050167224
0 0.8136842105263158 0.520066889632107 0.14736842105263157 0.09531772575250837
0 0.28526315789473683 0.5451505016722408 0.14210526315789473 0.08193979933110368
