0 0.31473684210526315 0.5518394648829431 0.15473684210526314 0.08361204013377926
0 0.8378947368421052 0.5100334448160535 0.13473684210526315 0.11036789297658862
0 0.7642105263157895 0.7625418060200669 0.19894736842105262 0.1505016722408027
0 0.030526315789473683 0.15384615384615385 0.04842105263157895 0.023411371237458192
0 0.18736842105263157 0.15719063545150502 0.05789473684210526 0.05351170568561873
0 0.015789473684210527 0.25752508361204013 0.031578947368421054 0.043478260869565216
0 0.06842105263157895 0.3411371237458194 0.05473684210526316 0.06020066889632107
0 0.37894736842105264 0.43478260869565216 0.12210526315789473 0.06856187290969899
0 0.08105263157894736 0.451505016722408 0.08210526315789474 0.07023411371237458
0 0.2557894736842105 0.46321070234113715 0.10631578947368421 0.08695652173913043
0 0.5263157894736842 0.5016722408026756 0.05473684210526316 0.06354515050167224
