0 0.631578947368421 0.7642140468227425 0.1863157894736842 0.14046822742474915
0 0.031578947368421054 0.15384615384615385 0.045263157894736845 0.023411371237458192
0 0.015789473684210527 0.24581939799331104 0.028421052631578948 0.033444816053511704
0 0.06 0.3277591973244147 0.049473684210526316 0.06688963210702341
0 0.05894736842105263 0.431438127090301 0.07157894736842105 0.06354515050167224
0 0.37894736842105264 0.43645484949832775 0.12 0.06688963210702341
0 0.22421052631578947 0.451505016722408 0.09473684210526316 0.06688963210702341
0 0.4926315789473684 0.5 0.034736842105263156 0.03678929765886288
0 0.4789473684210526 0.5016722408026756 0.05578947368421053 0.05518394648829431
0 0.7842105263157895 0.5234113712374582 0.15789473684210525 0.09364548494983277
0 0.26 0.540133779264214 0.1368421052631579 0.0802675585284281
