0 0.6326315789473684 0.7642140468227425 0.1863157894736842 0.14214046822742474
0 0.031578947368421054 0.15384615384615385 0.04631578947368421 0.023411371237458192
0 0.18842105263157893 0.15551839464882944 0.056842105263157895 0.05351170568561873
0 0.015789473684210527 0.24581939799331104 0.028421052631578948 0.033444816053511704
0 0.06 0.3277591973244147 0.049473684210526316 0.06688963210702341
0 0.05894736842105263 0.431438127090301 0.07157894736842105 0.06354515050167224
0 0.37894736842105264 0.43645484949832775 0.12 0.06688963210702341
0 0.22421052631578947 0.451505016722408 0.09368421052631579 0.06856187290969899
0 0.4926315789473684 0.5 0.034736842105263156 0.03678929765886288
0 0.4789473684210526 0.5016722408026756 0.05578947368421053 0.05518394648829431
0 0.7842105263157895 0.5234113712374582 0.1568421052631579 0.09364548494983277
0 0.25894736842105265 0.5418060200668896 0.13789473684210526 0.07859531772575251
