0 0.7621052631578947 0.5217391304347826 0.14842105263157895 0.11538461538461539
0 0.5673684210526316 0.774247491638796 0.18 0.13043478260869565
0 0.030526315789473683 0.15384615384615385 0.04736842105263158 0.023411371237458192
0 0.18736842105263157 0.15551839464882944 0.05789473684210526 0.05351170568561873
0 0.015789473684210527 0.24414715719063546 0.028421052631578948 0.03177257525083612
0 0.05789473684210526 0.3210702341137124 0.045263157894736845 0.038461538461538464
0 0.37684210526315787 0.43645484949832775 0.12105263157894737 0.06521739130434782
0 0.2094736842105263 0.44816053511705684 0.09368421052631579 0.07023411371237458
0 0.4631578947368421 0.4882943143812709 0.049473684210526316 0.06020066889632107
0 0.22842105263157894 0.5367892976588629 0.1336842105263158 0.08193979933110368
