0 0.8010526315789473 0.5133779264214047 0.14210526315789473 0.12709030100334448
0 0.66 0.7842809364548495 0.19894736842105262 0.1605351170568562
0 0.031578947368421054 0.15384615384615385 0.04631578947368421 0.023411371237458192
0 0.015789473684210527 0.24749163879598662 0.029473684210526315 0.03177257525083612
0 0.06210526315789474 0.3311036789297659 0.05052631578947368 0.06521739130434782
0 0.06526315789473684 0.431438127090301 0.07157894736842105 0.07190635451505016
0 0.38 0.43478260869565216 0.12 0.06856187290969899
0 0.23473684210526316 0.4531772575250836 0.09368421052631579 0.07190635451505016
0 0.4905263157894737 0.5 0.05894736842105263 0.05852842809364549
0 0.27263157894736845 0.5434782608695652 0.13578947368421052 0.08361204013377926
