0 0.7210526315789474 0.5384615384615384 0.14 0.1020066889632107
0 0.4663157894736842 0.7692307692307693 0.18 0.13043478260869565
0 0.030526315789473683 0.15384615384615385 0.045263157894736845 0.023411371237458192
0 0.014736842105263158 0.23745819397993312 0.028421052631578948 0.033444816053511704
0 0.05473684210526316 0.3093645484949833 0.04421052631578947 0.0451505016722408
0 0.03263157894736842 0.411371237458194 0.06947368421052631 0.05852842809364549
0 0.19157894736842104 0.431438127090301 0.08526315789473685 0.06856187290969899
0 0.3778947368421053 0.43645484949832775 0.12421052631578948 0.06354515050167224
0 0.4284210526315789 0.48494983277591974 0.05578947368421053 0.061872909698996656
0 0.18421052631578946 0.5167224080267558 0.1368421052631579 0.08361204013377926
