0 0.42736842105263156 0.7675585284280937 0.17894736842105263 0.13712374581939799
0 0.031578947368421054 0.15551839464882944 0.045263157894736845 0.023411371237458192
0 0.014736842105263158 0.22909698996655517 0.028421052631578948 0.026755852842809364
0 0.05473684210526316 0.3060200668896321 0.0431578947368421 0.048494983277591976
0 0.02526315789473684 0.4080267558528428 0.07157894736842105 0.06020066889632107
0 0.18526315789473685 0.4297658862876254 0.08842105263157894 0.07190635451505016
0 0.3778947368421053 0.43645484949832775 0.12210526315789473 0.06020066889632107
0 0.41789473684210526 0.49665551839464883 0.04 0.04180602006688963
0 0.17157894736842105 0.5150501672240803 0.12947368421052632 0.08193979933110368
0 0.7042105263157895 0.5384615384615384 0.1463157894736842 0.09531772575250837
