0 0.7210526315789474 0.5384615384615384 0.14105263157894737 0.1020066889632107
0 0.4694736842105263 0.7692307692307693 0.17473684210526316 0.12876254180602006
0 0.031578947368421054 0.15384615384615385 0.045263157894736845 0.021739130434782608
0 0.014736842105263158 0.23578595317725753 0.028421052631578948 0.03511705685618729
0 0.05473684210526316 0.3093645484949833 0.0431578947368421 0.0451505016722408
0 0.03263157894736842 0.411371237458194 0.06947368421052631 0.05852842809364549
0 0.19157894736842104 0.4331103678929766 0.08526315789473685 0.06856187290969899
0 0.37684210526315787 0.43645484949832775 0.12421052631578948 0.06354515050167224
0 0.42947368421052634 0.48494983277591974 0.05473684210526316 0.06354515050167224
0 0.18421052631578946 0.5167224080267558 0.13578947368421052 0.08193979933110368
