0 0.35578947368421054 0.7658862876254181 0.17684210526315788 0.14381270903010032
0 0.030526315789473683 0.15551839464882944 0.045263157894736845 0.023411371237458192
0 0.014736842105263158 0.22742474916387959 0.02736842105263158 0.026755852842809364
0 0.05052631578947368 0.2993311036789298 0.04421052631578947 0.03678929765886288
0 0.02736842105263158 0.3996655518394649 0.05578947368421053 0.07525083612040134
0 0.16736842105263158 0.4230769230769231 0.08526315789473685 0.07190635451505016
0 0.3778947368421053 0.43645484949832775 0.11894736842105263 0.06688963210702341
0 0.3957894736842105 0.49331103678929766 0.04 0.04180602006688963
0 0.14105263157894737 0.5016722408026756 0.14105263157894737 0.08695652173913043
0 0.6652631578947369 0.5451505016722408 0.15263157894736842 0.0903010033444816
