0 0.5915789473684211 0.540133779264214 0.15473684210526314 0.1020066889632107
0 0.21263157894736842 0.7892976588628763 0.19157894736842104 0.13879598662207357
0 0.031578947368421054 0.15384615384615385 0.045263157894736845 0.021739130434782608
0 0.18736842105263157 0.15719063545150502 0.05894736842105263 0.05351170568561873
0 0.014736842105263158 0.22073578595317725 0.02631578947368421 0.028428093645484948
0 0.05157894736842105 0.28762541806020064 0.042105263157894736 0.04180602006688963
0 0.016842105263157894 0.38294314381270905 0.049473684210526316 0.06856187290969899
0 0.14421052631578948 0.4096989966555184 0.08105263157894736 0.06856187290969899
0 0.36947368421052634 0.4331103678929766 0.13052631578947368 0.07190635451505016
0 0.10210526315789474 0.4882943143812709 0.12210526315789473 0.08193979933110368
