0 0.6126315789473684 0.5434782608695652 0.15052631578947367 0.09866220735785954
0 0.24842105263157896 0.794314381270903 0.1831578947368421 0.1454849498327759
0 0.031578947368421054 0.15384615384615385 0.045263157894736845 0.021739130434782608
0 0.014736842105263158 0.22408026755852842 0.02631578947368421 0.026755852842809364
0 0.049473684210526316 0.2909698996655518 0.045263157894736845 0.043478260869565216
0 0.018947368421052633 0.38461538461538464 0.05157894736842105 0.06521739130434782
0 0.15157894736842106 0.411371237458194 0.07894736842105263 0.06856187290969899
0 0.37473684210526315 0.43478260869565216 0.12421052631578948 0.07023411371237458
0 0.3642105263157895 0.4899665551839465 0.035789473684210524 0.043478260869565216
0 0.11052631578947368 0.4899665551839465 0.12210526315789473 0.08528428093645485
