0 0.41368421052631577 0.6120401337792643 0.1336842105263158 0.13043478260869565
0 0.5326315789473685 0.9147157190635451 0.21052631578947367 0.0802675585284281
0 0.031578947368421054 0.15384615384615385 0.04631578947368421 0.021739130434782608
0 0.02 0.22240802675585283 0.02631578947368421 0.026755852842809364
0 0.11578947368421053 0.3779264214046823 0.07368421052631578 0.06856187290969899
0 0.03368421052631579 0.43645484949832775 0.07157894736842105 0.06688963210702341
0 0.3778947368421053 0.4331103678929766 0.12105263157894737 0.06856187290969899
0 0.9305263157894736 0.5 0.07157894736842105 0.08695652173913043
0 0.3094736842105263 0.5083612040133779 0.11052631578947368 0.09197324414715718
0 0.9336842105263158 0.7357859531772575 0.06736842105263158 0.10535117056856187
