0 0.42736842105263156 0.617056856187291 0.13263157894736843 0.12709030100334448
0 0.5663157894736842 0.9230769230769231 0.22421052631578947 0.07190635451505016
0 0.031578947368421054 0.15384615384615385 0.04736842105263158 0.021739130434782608
0 0.018947368421052633 0.225752508361204 0.02631578947368421 0.026755852842809364
0 0.11789473684210526 0.38294314381270905 0.08 0.06688963210702341
0 0.37894736842105264 0.43478260869565216 0.12105263157894737 0.07023411371237458
0 0.037894736842105266 0.4414715719063545 0.07789473684210527 0.08361204013377926
0 0.9326315789473684 0.5 0.07157894736842105 0.08695652173913043
0 0.32526315789473687 0.5100334448160535 0.10421052631578948 0.09531772575250837
0 0.96 0.7374581939799331 0.03684210526315789 0.1020066889632107
