0 0.4463157894736842 0.6337792642140468 0.13473684210526315 0.12040133779264214
0 0.03263157894736842 0.15384615384615385 0.045263157894736845 0.021739130434782608
0 0.018947368421052633 0.22408026755852842 0.02736842105263158 0.028428093645484948
0 0.12842105263157894 0.3896321070234114 0.07789473684210527 0.08193979933110368
0 0.37894736842105264 0.43478260869565216 0.12210526315789473 0.07023411371237458
0 0.042105263157894736 0.44816053511705684 0.07894736842105263 0.07859531772575251
0 0.9347368421052632 0.49498327759197325 0.06947368421052631 0.09364548494983277
0 0.33052631578947367 0.5183946488294314 0.11578947368421053 0.09531772575250837
0 0.9747368421052631 0.7207357859531772 0.023157894736842106 0.13712374581939799
0 0.6442105263157895 0.9381270903010034 0.17473684210526316 0.06354515050167224
