0 0.4747368421052632 0.6471571906354515 0.1368421052631579 0.12709030100334448
0 0.03263157894736842 0.15384615384615385 0.04631578947368421 0.021739130434782608
0 0.016842105263157894 0.22909698996655517 0.02736842105263158 0.02508361204013378
0 0.06526315789473684 0.32441471571906355 0.04736842105263158 0.06856187290969899
0 0.14 0.3979933110367893 0.07684210526315789 0.07525083612040134
0 0.3778947368421053 0.431438127090301 0.1231578947368421 0.07190635451505016
0 0.05473684210526316 0.459866220735786 0.08210526315789474 0.07357859531772576
0 0.9431578947368421 0.479933110367893 0.05789473684210526 0.11705685618729098
0 0.3568421052631579 0.5351170568561873 0.11789473684210526 0.0903010033444816
0 0.7063157894736842 0.9565217391304348 0.20210526315789473 0.04180602006688963
