0 0.8610526315789474 0.7107023411371237 0.13789473684210526 0.1354515050167224
0 0.4242105263157895 0.9080267558528428 0.2231578947368421 0.08862876254180602
0 0.031578947368421054 0.15384615384615385 0.04736842105263158 0.021739130434782608
0 0.018947368421052633 0.2157190635451505 0.028421052631578948 0.030100334448160536
0 0.09789473684210526 0.36622073578595316 0.06947368421052631 0.07190635451505016
0 0.021052631578947368 0.4230769230769231 0.06842105263157895 0.07023411371237458
0 0.3778947368421053 0.4331103678929766 0.12210526315789473 0.07023411371237458
0 0.27789473684210525 0.49665551839464883 0.10210526315789474 0.08528428093645485
0 0.9147368421052632 0.5050167224080268 0.08526315789473685 0.09531772575250837
0 0.3757894736842105 0.6020066889632107 0.11789473684210526 0.09866220735785954
