0 0.9084210526315789 0.717391304347826 0.08947368421052632 0.14046822742474915
0 0.5010526315789474 0.9080267558528428 0.22 0.09364548494983277
0 0.030526315789473683 0.15384615384615385 0.04736842105263158 0.021739130434782608
0 0.018947368421052633 0.21906354515050167 0.028421052631578948 0.030100334448160536
0 0.11052631578947368 0.3762541806020067 0.07157894736842105 0.06688963210702341
0 0.02736842105263158 0.431438127090301 0.07157894736842105 0.06856187290969899
0 0.37894736842105264 0.4331103678929766 0.12 0.07023411371237458
0 0.30105263157894735 0.5016722408026756 0.10421052631578948 0.0903010033444816
0 0.9210526315789473 0.5083612040133779 0.07789473684210527 0.0903010033444816
0 0.3968421052631579 0.617056856187291 0.13578947368421052 0.10367892976588629
