0 0.39263157894736844 0.6003344481605352 0.11789473684210526 0.11204013377926421
0 0.8821052631578947 0.7090301003344481 0.11368421052631579 0.14214046822742474
0 0.4673684210526316 0.9080267558528428 0.21368421052631578 0.0903010033444816
0 0.03263157894736842 0.15384615384615385 0.04631578947368421 0.021739130434782608
0 0.018947368421052633 0.21739130434782608 0.029473684210526315 0.030100334448160536
0 0.1031578947368421 0.3712374581939799 0.07157894736842105 0.06688963210702341
0 0.022105263157894735 0.42642140468227424 0.06947368421052631 0.07023411371237458
0 0.3778947368421053 0.4331103678929766 0.12105263157894737 0.07190635451505016
0 0.28842105263157897 0.49665551839464883 0.10631578947368421 0.09197324414715718
0 0.9178947368421052 0.5050167224080268 0.08210526315789474 0.09698996655518395
