0 0.8821052631578947 0.7090301003344481 0.11368421052631579 0.14381270903010032
0 0.4673684210526316 0.9063545150501672 0.21473684210526317 0.09197324414715718
0 0.031578947368421054 0.15384615384615385 0.04736842105263158 0.021739130434782608
0 0.018947368421052633 0.21739130434782608 0.029473684210526315 0.030100334448160536
0 0.1031578947368421 0.3712374581939799 0.07157894736842105 0.06856187290969899
0 0.023157894736842106 0.4280936454849498 0.06947368421052631 0.07023411371237458
0 0.3778947368421053 0.4331103678929766 0.12105263157894737 0.07190635451505016
0 0.2873684210526316 0.4983277591973244 0.10736842105263159 0.09364548494983277
0 0.9178947368421052 0.5050167224080268 0.08210526315789474 0.09698996655518395
0 0.3821052631578947 0.6070234113712375 0.13052631578947368 0.10367892976588629
