0 0.8610526315789474 0.7107023411371237 0.13789473684210526 0.13879598662207357
0 0.4231578947368421 0.9080267558528428 0.22526315789473683 0.08862876254180602
0 0.031578947368421054 0.15384615384615385 0.04736842105263158 0.021739130434782608
0 0.018947368421052633 0.2157190635451505 0.028421052631578948 0.030100334448160536
0 0.0968421052631579 0.36789297658862874 0.07052631578947369 0.07190635451505016
0 0.023157894736842106 0.4230769230769231 0.06736842105263158 0.07023411371237458
0 0.3778947368421053 0.4331103678929766 0.12210526315789473 0.07023411371237458
0 0.2768421052631579 0.49498327759197325 0.1031578947368421 0.08528428093645485
0 0.9147368421052632 0.5050167224080268 0.08526315789473685 0.09531772575250837
0 0.37473684210526315 0.6020066889632107 0.12 0.09866220735785954
