0 0.7073684210526315 0.6505016722408027 0.17578947368421052 0.11204013377926421
0 0.17684210526315788 0.8612040133779264 0.21789473684210525 0.13712374581939799
0 0.031578947368421054 0.15384615384615385 0.04842105263157895 0.021739130434782608
0 0.017894736842105262 0.20234113712374582 0.02736842105263158 0.02508361204013378
0 0.06526315789473684 0.33612040133779264 0.061052631578947365 0.06688963210702341
0 0.00631578947368421 0.38127090301003347 0.05157894736842105 0.06354515050167224
0 0.3778947368421053 0.43478260869565216 0.12210526315789473 0.06856187290969899
0 0.2094736842105263 0.45484949832775917 0.09157894736842105 0.07859531772575251
0 0.891578947368421 0.5083612040133779 0.10631578947368421 0.09698996655518395
0 0.2926315789473684 0.5518394648829431 0.10947368421052632 0.08862876254180602
