0 0.7757894736842105 0.6688963210702341 0.18947368421052632 0.13377926421404682
0 0.28526315789473683 0.8695652173913043 0.18947368421052632 0.12374581939799331
0 0.031578947368421054 0.15384615384615385 0.04736842105263158 0.021739130434782608
0 0.018947368421052633 0.21070234113712374 0.028421052631578948 0.03177257525083612
0 0.07789473684210527 0.3511705685618729 0.06631578947368422 0.05852842809364549
0 0.008421052631578947 0.3996655518394649 0.06 0.06856187290969899
0 0.3778947368421053 0.4331103678929766 0.12105263157894737 0.06856187290969899
0 0.23578947368421052 0.4698996655518395 0.09789473684210526 0.08695652173913043
0 0.9042105263157895 0.5066889632107023 0.09368421052631579 0.09531772575250837
0 0.32526315789473687 0.5702341137123745 0.11578947368421053 0.09531772575250837
