0 0.7547368421052632 0.6638795986622074 0.17789473684210527 0.12207357859531773
0 0.24210526315789474 0.8729096989966555 0.19473684210526315 0.12207357859531773
0 0.031578947368421054 0.15384615384615385 0.04736842105263158 0.021739130434782608
0 0.017894736842105262 0.2040133779264214 0.028421052631578948 0.02508361204013378
0 0.07473684210526316 0.34782608695652173 0.06631578947368422 0.06688963210702341
0 0.008421052631578947 0.3879598662207358 0.056842105263157895 0.06354515050167224
0 0.3778947368421053 0.4331103678929766 0.12105263157894737 0.07023411371237458
0 0.22736842105263158 0.4698996655518395 0.09789473684210526 0.07859531772575251
0 0.8957894736842106 0.5066889632107023 0.10210526315789474 0.09866220735785954
0 0.3136842105263158 0.5652173913043478 0.11473684210526315 0.10033444816053512
