0 0.8052631578947368 0.6956521739130435 0.18526315789473685 0.12040133779264214
0 0.35578947368421054 0.8745819397993311 0.20842105263157895 0.1254180602006689
0 0.031578947368421054 0.15384615384615385 0.04736842105263158 0.021739130434782608
0 0.018947368421052633 0.2140468227424749 0.028421052631578948 0.030100334448160536
0 0.08947368421052632 0.35785953177257523 0.06315789473684211 0.061872909698996656
0 0.016842105263157894 0.411371237458194 0.06 0.06020066889632107
0 0.3778947368421053 0.4331103678929766 0.12105263157894737 0.07023411371237458
0 0.2578947368421053 0.47491638795986624 0.09894736842105263 0.0903010033444816
0 0.9084210526315789 0.5050167224080268 0.09052631578947369 0.09698996655518395
0 0.3526315789473684 0.5903010033444817 0.11157894736842106 0.0903010033444816
