0 0.7757894736842105 0.6672240802675585 0.19052631578947368 0.1354515050167224
0 0.28421052631578947 0.8695652173913043 0.19157894736842104 0.12374581939799331
0 0.03263157894736842 0.15384615384615385 0.04631578947368421 0.021739130434782608
0 0.018947368421052633 0.21237458193979933 0.028421052631578948 0.030100334448160536
0 0.07789473684210527 0.3511705685618729 0.06631578947368422 0.05852842809364549
0 0.009473684210526316 0.4013377926421405 0.05894736842105263 0.06688963210702341
0 0.3778947368421053 0.4331103678929766 0.12105263157894737 0.06856187290969899
0 0.23578947368421052 0.4698996655518395 0.09789473684210526 0.08862876254180602
0 0.9042105263157895 0.5066889632107023 0.09368421052631579 0.09698996655518395
0 0.32526315789473687 0.5719063545150501 0.11578947368421053 0.09364548494983277
