0 0.7978947368421052 0.6822742474916388 0.18421052631578946 0.12207357859531773
0 0.32210526315789473 0.882943143812709 0.19789473684210526 0.11036789297658862
0 0.031578947368421054 0.15384615384615385 0.04736842105263158 0.021739130434782608
0 0.018947368421052633 0.2140468227424749 0.028421052631578948 0.028428093645484948
0 0.08421052631578947 0.3528428093645485 0.06526315789473684 0.061872909698996656
0 0.014736842105263158 0.40635451505016723 0.05894736842105263 0.061872909698996656
0 0.3778947368421053 0.4331103678929766 0.12105263157894737 0.06856187290969899
0 0.24736842105263157 0.47491638795986624 0.09894736842105263 0.08528428093645485
0 0.9063157894736842 0.5066889632107023 0.09263157894736843 0.09364548494983277
0 0.3389473684210526 0.5819397993311036 0.11578947368421053 0.09698996655518395
