0 0.7073684210526315 0.6505016722408027 0.17684210526315788 0.11204013377926421
0 0.17789473684210527 0.8612040133779264 0.2168421052631579 0.13712374581939799
0 0.031578947368421054 0.15384615384615385 0.04842105263157895 0.021739130434782608
0 0.017894736842105262 0.2040133779264214 0.02736842105263158 0.023411371237458192
0 0.06526315789473684 0.33612040133779264 0.06 0.06688963210702341
0 0.00631578947368421 0.38294314381270905 0.05157894736842105 0.06354515050167224
0 0.3778947368421053 0.43478260869565216 0.12210526315789473 0.06856187290969899
0 0.20842105263157895 0.45652173913043476 0.09157894736842105 0.07859531772575251
0 0.891578947368421 0.5083612040133779 0.10631578947368421 0.09698996655518395
0 0.29157894736842105 0.5518394648829431 0.11052631578947368 0.08862876254180602
