0 0.011578947368421053 0.8411371237458194 0.1968421052631579 0.1505016722408027
0 0.03368421052631579 0.15551839464882944 0.04631578947368421 0.020066889632107024
0 0.009473684210526316 0.1939799331103679 0.022105263157894735 0.02508361204013378
0 0.05473684210526316 0.32274247491638797 0.05578947368421053 0.07859531772575251
0 0.002105263157894737 0.362876254180602 0.034736842105263156 0.048494983277591976
0 0.3778947368421053 0.43478260869565216 0.12105263157894737 0.06688963210702341
0 0.1694736842105263 0.44481605351170567 0.0863157894736842 0.07692307692307693
0 0.2431578947368421 0.5217391304347826 0.1031578947368421 0.09364548494983277
0 0.8842105263157894 0.5100334448160535 0.11368421052631579 0.09531772575250837
0 0.6178947368421053 0.6187290969899666 0.15157894736842106 0.08695652173913043
