0 0.8831578947368421 0.46153846153846156 0.12 0.1454849498327759
0 0.009473684210526316 0.842809364548495 0.19894736842105262 0.1505016722408027
0 0.03263157894736842 0.15551839464882944 0.045263157894736845 0.020066889632107024
0 0.009473684210526316 0.1939799331103679 0.022105263157894735 0.02508361204013378
0 0.05578947368421053 0.32441471571906355 0.05473684210526316 0.07692307692307693
0 0.002105263157894737 0.3612040133779264 0.034736842105263156 0.048494983277591976
0 0.3778947368421053 0.43478260869565216 0.12105263157894737 0.06688963210702341
0 0.1694736842105263 0.4431438127090301 0.0863157894736842 0.07859531772575251
0 0.2431578947368421 0.5217391304347826 0.1031578947368421 0.09364548494983277
0 0.6178947368421053 0.617056856187291 0.15157894736842106 0.08862876254180602
