0 0.6557894736842105 0.6237458193979933 0.1631578947368421 0.10367892976588629
0 0.08105263157894736 0.8494983277591973 0.1968421052631579 0.14214046822742474
0 0.031578947368421054 0.15384615384615385 0.04842105263157895 0.021739130434782608
0 0.01368421052631579 0.19899665551839466 0.028421052631578948 0.02508361204013378
0 0.061052631578947365 0.3277591973244147 0.056842105263157895 0.07525083612040134
0 0.004210526315789474 0.3712374581939799 0.04631578947368421 0.0451505016722408
0 0.3778947368421053 0.4331103678929766 0.12210526315789473 0.07023411371237458
0 0.18736842105263157 0.4498327759197324 0.08736842105263158 0.07023411371237458
0 0.9221052631578948 0.44648829431438125 0.07684210526315789 0.07859531772575251
0 0.8852631578947369 0.5133779264214047 0.11368421052631579 0.09197324414715718
0 0.26421052631578945 0.5351170568561873 0.1031578947368421 0.08862876254180602
