0 0.6336842105263157 0.617056856187291 0.16 0.09531772575250837
0 0.0431578947368421 0.8494983277591973 0.19473684210526315 0.14381270903010032
0 0.03263157894736842 0.15384615384615385 0.04631578947368421 0.021739130434782608
0 0.056842105263157895 0.32608695652173914 0.05789473684210526 0.07525083612040134
0 0.003157894736842105 0.36622073578595316 0.03263157894736842 0.046822742474916385
0 0.3778947368421053 0.43478260869565216 0.12105263157894737 0.06688963210702341
0 0.17894736842105263 0.44481605351170567 0.08526315789473685 0.07190635451505016
0 0.9178947368421052 0.44648829431438125 0.08 0.08193979933110368
0 0.25473684210526315 0.5284280936454849 0.1 0.08695652173913043
0 0.8852631578947369 0.5117056856187291 0.11368421052631579 0.09364548494983277
