0 0.6705263157894736 0.6354515050167224 0.17684210526315788 0.11036789297658862
0 0.10736842105263159 0.8545150501672241 0.2073684210526316 0.14381270903010032
0 0.031578947368421054 0.15384615384615385 0.04842105263157895 0.021739130434782608
0 0.014736842105263158 0.19899665551839466 0.028421052631578948 0.02508361204013378
0 0.06210526315789474 0.33277591973244147 0.05894736842105263 0.06521739130434782
0 0.004210526315789474 0.3762541806020067 0.04631578947368421 0.06354515050167224
0 0.3778947368421053 0.4331103678929766 0.12210526315789473 0.07023411371237458
0 0.19157894736842104 0.4498327759197324 0.09157894736842105 0.07525083612040134
0 0.9357894736842105 0.44816053511705684 0.06736842105263158 0.07525083612040134
0 0.8873684210526316 0.5083612040133779 0.11368421052631579 0.09531772575250837
0 0.2736842105263158 0.5367892976588629 0.10421052631578948 0.09197324414715718
