0 0.88 0.45484949832775917 0.1231578947368421 0.1505016722408027
0 0.6031578947368421 0.6036789297658863 0.14947368421052631 0.09866220735785954
0 0.005263157894736842 0.8461538461538461 0.16526315789473683 0.1354515050167224
0 0.03263157894736842 0.15551839464882944 0.045263157894736845 0.020066889632107024
0 0.008421052631578947 0.1956521739130435 0.02526315789473684 0.02508361204013378
0 0.05263157894736842 0.3110367892976589 0.05263157894736842 0.061872909698996656
0 0.0010526315789473684 0.3612040133779264 0.035789473684210524 0.048494983277591976
0 0.16210526315789472 0.431438127090301 0.08421052631578947 0.06856187290969899
0 0.37894736842105264 0.43478260869565216 0.12 0.06688963210702341
0 0.23473684210526316 0.5167224080267558 0.09894736842105263 0.08695652173913043
0 0.9757894736842105 0.7324414715719063 0.022105263157894735 0.15384615384615385
