0 0.5757894736842105 0.5936454849498328 0.16421052631578947 0.09698996655518395
0 0.002105263157894737 0.8411371237458194 0.13473684210526315 0.13210702341137123
0 0.03368421052631579 0.15551839464882944 0.04421052631578947 0.020066889632107024
0 0.00631578947368421 0.1939799331103679 0.024210526315789474 0.02508361204013378
0 0.05157894736842105 0.3076923076923077 0.049473684210526316 0.06521739130434782
0 0.15789473684210525 0.4280936454849498 0.08 0.07023411371237458
0 0.37894736842105264 0.43478260869565216 0.12 0.06688963210702341
0 0.888421052631579 0.4431438127090301 0.10947368421052632 0.09531772575250837
0 0.22631578947368422 0.5083612040133779 0.1 0.08862876254180602
0 0.8810526315789474 0.5100334448160535 0.11473684210526315 0.09364548494983277
0 0.9589473684210527 0.7408026755852842 0.037894736842105266 0.13210702341137123
