0 0.8736842105263158 0.7274247491638796 0.12736842105263158 0.18227424749163879
0 0.03368421052631579 0.15551839464882944 0.0431578947368421 0.020066889632107024
0 0.005263157894736842 0.1939799331103679 0.021052631578947368 0.021739130434782608
0 0.045263157894736845 0.3010033444816054 0.04736842105263158 0.07190635451505016
0 0.13894736842105262 0.41638795986622074 0.07578947368421053 0.08193979933110368
0 0.3778947368421053 0.43478260869565216 0.12105263157894737 0.06688963210702341
0 0.871578947368421 0.4498327759197324 0.1231578947368421 0.08193979933110368
0 0.2 0.49665551839464883 0.09473684210526316 0.0802675585284281
0 0.8810526315789474 0.5133779264214047 0.11473684210526315 0.0903010033444816
0 0.5252631578947369 0.5735785953177257 0.14105263157894737 0.08862876254180602
