0 0.5768421052631579 0.5919732441471572 0.16105263157894736 0.09866220735785954
0 0.0010526315789473684 0.8411371237458194 0.13473684210526315 0.13210702341137123
0 0.03368421052631579 0.15551839464882944 0.04421052631578947 0.020066889632107024
0 0.00631578947368421 0.1939799331103679 0.024210526315789474 0.02508361204013378
0 0.05157894736842105 0.3093645484949833 0.05052631578947368 0.06354515050167224
0 0.15789473684210525 0.42642140468227424 0.08 0.07190635451505016
0 0.37894736842105264 0.43478260869565216 0.12 0.06688963210702341
0 0.8873684210526316 0.4431438127090301 0.11052631578947368 0.09531772575250837
0 0.22631578947368422 0.5083612040133779 0.1 0.08862876254180602
0 0.8810526315789474 0.5100334448160535 0.11473684210526315 0.09197324414715718
0 0.9578947368421052 0.7408026755852842 0.03894736842105263 0.13210702341137123
