0 0.0 0.8361204013377926 0.10736842105263159 0.1354515050167224
0 0.03368421052631579 0.15551839464882944 0.04421052631578947 0.020066889632107024
0 0.00631578947368421 0.19230769230769232 0.023157894736842106 0.02508361204013378
0 0.04736842105263158 0.3076923076923077 0.049473684210526316 0.06354515050167224
0 0.14842105263157895 0.4230769230769231 0.08105263157894736 0.07357859531772576
0 0.37894736842105264 0.43478260869565216 0.12 0.06688963210702341
0 0.88 0.44481605351170567 0.12105263157894737 0.09197324414715718
0 0.21789473684210525 0.5033444816053512 0.09789473684210526 0.08528428093645485
0 0.8810526315789474 0.5100334448160535 0.11473684210526315 0.09364548494983277
0 0.5621052631578948 0.5936454849498328 0.14842105263157895 0.08528428093645485
0 0.9294736842105263 0.7441471571906354 0.07157894736842105 0.11872909698996656
