0 0.9052631578947369 0.7408026755852842 0.09157894736842105 0.1488294314381271
0 0.0 0.7993311036789298 0.06736842105263158 0.1688963210702341
0 0.03368421052631579 0.15551839464882944 0.0431578947368421 0.020066889632107024
0 0.005263157894736842 0.19230769230769232 0.023157894736842106 0.02508361204013378
0 0.04842105263157895 0.30434782608695654 0.045263157894736845 0.06521739130434782
0 -0.003157894736842105 0.3394648829431438 0.035789473684210524 0.08193979933110368
0 0.14421052631578948 0.4197324414715719 0.07473684210526316 0.07357859531772576
0 0.37894736842105264 0.43478260869565216 0.12 0.06688963210702341
0 0.8747368421052631 0.44816053511705684 0.12631578947368421 0.08862876254180602
0 0.2073684210526316 0.5016722408026756 0.09894736842105263 0.0802675585284281
0 0.8810526315789474 0.5100334448160535 0.11578947368421053 0.09197324414715718
0 0.5452631578947369 0.5852842809364549 0.14 0.08528428093645485
