0 0.8263157894736842 0.7140468227424749 0.17473684210526316 0.14214046822742474
0 0.03368421052631579 0.15551839464882944 0.04421052631578947 0.020066889632107024
0 0.0010526315789473684 0.19230769230769232 0.02 0.023411371237458192
0 0.045263157894736845 0.2976588628762542 0.0431578947368421 0.03177257525083612
0 0.12526315789473685 0.40301003344481606 0.07368421052631578 0.06521739130434782
0 0.3778947368421053 0.43478260869565216 0.12105263157894737 0.06688963210702341
0 0.8736842105263158 0.4498327759197324 0.11368421052631579 0.07859531772575251
0 0.18421052631578946 0.479933110367893 0.09052631578947369 0.08361204013377926
0 0.8821052631578947 0.5133779264214047 0.11263157894736842 0.08862876254180602
0 0.5 0.5652173913043478 0.12842105263157894 0.0802675585284281
