0 0.94 0.725752508361204 0.061052631578947365 0.20066889632107024
0 0.03263157894736842 0.15384615384615385 0.04631578947368421 0.021739130434782608
0 0.04736842105263158 0.23745819397993312 0.03263157894736842 0.04013377926421405
0 0.05473684210526316 0.3193979933110368 0.049473684210526316 0.046822742474916385
0 0.06526315789473684 0.3896321070234114 0.06526315789473684 0.061872909698996656
0 0.38 0.4331103678929766 0.12 0.07190635451505016
0 0.23473684210526316 0.4498327759197324 0.09789473684210526 0.07357859531772576
0 0.828421052631579 0.46153846153846156 0.12842105263157894 0.08695652173913043
0 0.8810526315789474 0.5133779264214047 0.11263157894736842 0.08862876254180602
0 0.4378947368421053 0.5501672240802675 0.12947368421052632 0.08862876254180602
