0 0.8621052631578947 0.7391304347826086 0.14 0.18729096989966554
0 0.031578947368421054 0.15384615384615385 0.04631578947368421 0.021739130434782608
0 0.18947368421052632 0.15719063545150502 0.056842105263157895 0.051839464882943144
0 0.05157894736842105 0.22240802675585283 0.02736842105263158 0.03177257525083612
0 0.05368421052631579 0.3110367892976589 0.04631578947368421 0.046822742474916385
0 0.056842105263157895 0.38127090301003347 0.06210526315789474 0.05518394648829431
0 0.20842105263157895 0.431438127090301 0.09263157894736843 0.06521739130434782
0 0.37894736842105264 0.4331103678929766 0.12105263157894737 0.07190635451505016
0 0.8273684210526315 0.46153846153846156 0.13052631578947368 0.08695652173913043
0 0.8810526315789474 0.5150501672240803 0.11368421052631579 0.08695652173913043
0 0.39789473684210525 0.5351170568561873 0.11473684210526315 0.08695652173913043
