0 0.03368421052631579 0.15384615384615385 0.04421052631578947 0.021739130434782608
0 0.04842105263157895 0.2391304347826087 0.030526315789473683 0.038461538461538464
0 0.05894736842105263 0.3210702341137124 0.045263157894736845 0.0451505016722408
0 0.06947368421052631 0.3963210702341137 0.06947368421052631 0.06688963210702341
0 0.37894736842105264 0.4331103678929766 0.12 0.07190635451505016
0 0.24105263157894738 0.451505016722408 0.1031578947368421 0.06856187290969899
0 0.828421052631579 0.46153846153846156 0.12842105263157894 0.08695652173913043
0 0.8810526315789474 0.5133779264214047 0.11263157894736842 0.08862876254180602
0 0.4494736842105263 0.5585284280936454 0.13263157894736843 0.09197324414715718
0 0.9757894736842105 0.7307692307692307 0.023157894736842106 0.1588628762541806
