0 0.8178947368421052 0.7207357859531772 0.17894736842105263 0.14046822742474915
0 0.031578947368421054 0.15384615384615385 0.04736842105263158 0.023411371237458192
0 0.18842105263157893 0.15719063545150502 0.05789473684210526 0.051839464882943144
0 0.05052631578947368 0.22408026755852842 0.028421052631578948 0.033444816053511704
0 0.05368421052631579 0.30434782608695654 0.04421052631578947 0.0451505016722408
0 0.05157894736842105 0.36789297658862874 0.05789473684210526 0.05518394648829431
0 0.19263157894736843 0.42642140468227424 0.08842105263157894 0.06856187290969899
0 0.37894736842105264 0.4331103678929766 0.12105263157894737 0.07190635451505016
0 0.8273684210526315 0.46153846153846156 0.12947368421052632 0.08695652173913043
0 0.3684210526315789 0.520066889632107 0.1168421052631579 0.08862876254180602
0 0.8810526315789474 0.5133779264214047 0.11263157894736842 0.08862876254180602
