0 0.716842105263158 0.6806020066889632 0.17684210526315788 0.1454849498327759
0 0.031578947368421054 0.15384615384615385 0.04631578947368421 0.023411371237458192
0 0.18842105263157893 0.15719063545150502 0.05789473684210526 0.051839464882943144
0 0.05157894736842105 0.21739130434782608 0.02736842105263158 0.03177257525083612
0 0.05263157894736842 0.29264214046822745 0.042105263157894736 0.04013377926421405
0 0.045263157894736845 0.35451505016722407 0.049473684210526316 0.051839464882943144
0 0.16421052631578947 0.4080267558528428 0.07894736842105263 0.06688963210702341
0 0.38 0.43478260869565216 0.11789473684210526 0.06688963210702341
0 0.828421052631579 0.459866220735786 0.12842105263157894 0.08862876254180602
0 0.32526315789473687 0.49331103678929766 0.1031578947368421 0.08528428093645485
0 0.8810526315789474 0.5133779264214047 0.11263157894736842 0.08862876254180602
