0 0.8452631578947368 0.7341137123745819 0.14842105263157895 0.15551839464882944
0 0.030526315789473683 0.15384615384615385 0.04736842105263158 0.021739130434782608
0 0.18947368421052632 0.15719063545150502 0.056842105263157895 0.051839464882943144
0 0.05052631578947368 0.22408026755852842 0.02736842105263158 0.03177257525083612
0 0.05473684210526316 0.3076923076923077 0.0431578947368421 0.043478260869565216
0 0.05578947368421053 0.3779264214046823 0.05894736842105263 0.048494983277591976
0 0.2 0.4280936454849498 0.08947368421052632 0.06354515050167224
0 0.37894736842105264 0.4331103678929766 0.12105263157894737 0.07190635451505016
0 0.8273684210526315 0.46153846153846156 0.13052631578947368 0.08695652173913043
0 0.3757894736842105 0.5267558528428093 0.12736842105263158 0.08695652173913043
0 0.8810526315789474 0.5133779264214047 0.11263157894736842 0.08862876254180602
