0 0.7926315789473685 0.7073578595317725 0.18526315789473685 0.1454849498327759
0 0.031578947368421054 0.15551839464882944 0.04631578947368421 0.023411371237458192
0 0.18842105263157893 0.15719063545150502 0.05789473684210526 0.051839464882943144
0 0.05052631578947368 0.22240802675585283 0.028421052631578948 0.033444816053511704
0 0.05473684210526316 0.3010033444816054 0.042105263157894736 0.03511705685618729
0 0.05052631578947368 0.36454849498327757 0.05473684210526316 0.05518394648829431
0 0.18421052631578946 0.4214046822742475 0.08947368421052632 0.07357859531772576
0 0.3778947368421053 0.43478260869565216 0.12210526315789473 0.07023411371237458
0 0.8263157894736842 0.46153846153846156 0.13157894736842105 0.08695652173913043
0 0.3568421052631579 0.5167224080267558 0.10947368421052632 0.08193979933110368
0 0.88 0.5133779264214047 0.11368421052631579 0.08862876254180602
