0 0.6578947368421053 0.6488294314381271 0.15473684210526314 0.12709030100334448
0 0.03263157894736842 0.15384615384615385 0.04421052631578947 0.023411371237458192
0 0.18947368421052632 0.15719063545150502 0.056842105263157895 0.051839464882943144
0 0.05368421052631579 0.19732441471571907 0.02526315789473684 0.028428093645484948
0 0.05263157894736842 0.2792642140468227 0.03894736842105263 0.046822742474916385
0 0.03894736842105263 0.3394648829431438 0.045263157894736845 0.048494983277591976
0 0.14526315789473684 0.3979933110367893 0.07473684210526316 0.061872909698996656
0 0.38 0.43478260869565216 0.11789473684210526 0.06688963210702341
0 0.28421052631578947 0.4782608695652174 0.10631578947368421 0.08361204013377926
0 0.828421052631579 0.459866220735786 0.12736842105263158 0.08862876254180602
0 0.88 0.5150501672240803 0.11263157894736842 0.08695652173913043
