0 0.7 0.6655518394648829 0.16631578947368422 0.13712374581939799
0 0.031578947368421054 0.15551839464882944 0.04631578947368421 0.023411371237458192
0 0.18842105263157893 0.15719063545150502 0.05789473684210526 0.051839464882943144
0 0.05578947368421053 0.19899665551839466 0.024210526315789474 0.028428093645484948
0 0.05263157894736842 0.2140468227424749 0.02526315789473684 0.033444816053511704
0 0.05263157894736842 0.28762541806020064 0.04 0.04180602006688963
0 0.04 0.3511705685618729 0.05157894736842105 0.06354515050167224
0 0.16 0.40635451505016723 0.07368421052631578 0.05852842809364549
0 0.38 0.43478260869565216 0.11789473684210526 0.06688963210702341
0 0.8273684210526315 0.459866220735786 0.12947368421052632 0.08862876254180602
0 0.30842105263157893 0.4916387959866221 0.10421052631578948 0.08193979933110368
0 0.8810526315789474 0.5133779264214047 0.11263157894736842 0.08862876254180602
