0 0.6768421052631579 0.6605351170568562 0.1631578947368421 0.13210702341137123
0 0.031578947368421054 0.15384615384615385 0.045263157894736845 0.023411371237458192
0 0.18947368421052632 0.15719063545150502 0.056842105263157895 0.051839464882943144
0 0.05368421052631579 0.19899665551839466 0.024210526315789474 0.026755852842809364
0 0.05157894736842105 0.2809364548494983 0.042105263157894736 0.0451505016722408
0 0.037894736842105266 0.3394648829431438 0.05263157894736842 0.05852842809364549
0 0.15157894736842106 0.40468227424749165 0.07578947368421053 0.05518394648829431
0 0.38 0.43478260869565216 0.11789473684210526 0.06521739130434782
0 0.828421052631579 0.459866220735786 0.12842105263157894 0.08862876254180602
0 0.29157894736842105 0.4882943143812709 0.10842105263157895 0.08361204013377926
0 0.88 0.5150501672240803 0.11263157894736842 0.08695652173913043
