0 0.6168421052631579 0.6337792642140468 0.15157894736842106 0.11705685618729098
0 0.03368421052631579 0.15384615384615385 0.042105263157894736 0.023411371237458192
0 0.18947368421052632 0.15551839464882944 0.05578947368421053 0.051839464882943144
0 0.05263157894736842 0.1956521739130435 0.02526315789473684 0.030100334448160536
0 0.05263157894736842 0.27591973244147155 0.03894736842105263 0.033444816053511704
0 0.03684210526315789 0.33444816053511706 0.04105263157894737 0.048494983277591976
0 0.13263157894736843 0.3879598662207358 0.07052631578947369 0.06354515050167224
0 0.37894736842105264 0.43478260869565216 0.11894736842105263 0.06688963210702341
0 0.26210526315789473 0.4682274247491639 0.10210526315789474 0.07859531772575251
0 0.828421052631579 0.46153846153846156 0.12842105263157894 0.08695652173913043
0 0.88 0.5150501672240803 0.11368421052631579 0.08695652173913043
