0 0.5726315789473684 0.6187290969899666 0.1463157894736842 0.10033444816053512
0 0.03368421052631579 0.15384615384615385 0.04105263157894737 0.021739130434782608
0 0.18947368421052632 0.15551839464882944 0.056842105263157895 0.051839464882943144
0 0.049473684210526316 0.1939799331103679 0.02526315789473684 0.030100334448160536
0 0.05263157894736842 0.2709030100334448 0.04 0.033444816053511704
0 0.03263157894736842 0.3294314381270903 0.04105263157894737 0.046822742474916385
0 0.12210526315789473 0.38127090301003347 0.06947368421052631 0.06354515050167224
0 0.37684210526315787 0.4331103678929766 0.12105263157894737 0.07023411371237458
0 0.24526315789473685 0.46488294314381273 0.09789473684210526 0.0802675585284281
0 0.8263157894736842 0.46153846153846156 0.13157894736842105 0.08862876254180602
0 0.8810526315789474 0.5150501672240803 0.11368421052631579 0.08862876254180602
