0 0.5378947368421053 0.6020066889632107 0.1463157894736842 0.1020066889632107
0 0.034736842105263156 0.15384615384615385 0.04 0.021739130434782608
0 0.049473684210526316 0.19230769230769232 0.02526315789473684 0.028428093645484948
0 0.05263157894736842 0.26755852842809363 0.04 0.033444816053511704
0 0.030526315789473683 0.3193979933110368 0.04105263157894737 0.046822742474916385
0 0.11263157894736842 0.3779264214046823 0.06421052631578947 0.05518394648829431
0 0.3778947368421053 0.4331103678929766 0.12105263157894737 0.06856187290969899
0 0.2294736842105263 0.45484949832775917 0.09578947368421052 0.07357859531772576
0 0.8252631578947368 0.46153846153846156 0.1336842105263158 0.08862876254180602
0 0.8810526315789474 0.5150501672240803 0.11368421052631579 0.08862876254180602
