0 0.5157894736842106 0.5919732441471572 0.14947368421052631 0.10367892976588629
0 0.034736842105263156 0.15384615384615385 0.04 0.021739130434782608
0 0.04842105263157895 0.19230769230769232 0.02631578947368421 0.030100334448160536
0 0.05263157894736842 0.2625418060200669 0.03894736842105263 0.03511705685618729
0 0.030526315789473683 0.31605351170568563 0.042105263157894736 0.043478260869565216
0 0.10736842105263159 0.3745819397993311 0.06315789473684211 0.05518394648829431
0 0.3778947368421053 0.4331103678929766 0.12105263157894737 0.06856187290969899
0 0.21578947368421053 0.4498327759197324 0.09789473684210526 0.07190635451505016
0 0.8252631578947368 0.46153846153846156 0.1336842105263158 0.08862876254180602
0 0.8810526315789474 0.5150501672240803 0.11368421052631579 0.0903010033444816
0 0.9431578947368421 0.7408026755852842 0.056842105263157895 0.1020066889632107
0 0.9442105263157895 0.8745819397993311 0.05578947368421053 0.12709030100334448
