0 0.8852631578947369 0.7107023411371237 0.11263157894736842 0.14715719063545152
0 0.8926315789473684 0.8595317725752508 0.10736842105263159 0.13043478260869565
0 0.05473684210526316 0.25752508361204013 0.035789473684210524 0.04013377926421405
0 0.029473684210526315 0.3110367892976589 0.042105263157894736 0.04180602006688963
0 0.1 0.362876254180602 0.06526315789473684 0.05852842809364549
0 0.3778947368421053 0.4331103678929766 0.12105263157894737 0.06856187290969899
0 0.2 0.43812709030100333 0.09368421052631579 0.08528428093645485
0 0.8252631578947368 0.46153846153846156 0.1336842105263158 0.08862876254180602
0 0.8810526315789474 0.5167224080267558 0.11368421052631579 0.08695652173913043
0 0.4884210526315789 0.5852842809364549 0.13052631578947368 0.0903010033444816
