0 0.8852631578947369 0.7090301003344481 0.11368421052631579 0.1505016722408027
0 0.8926315789473684 0.8595317725752508 0.10736842105263159 0.13043478260869565
0 0.04842105263157895 0.19230769230769232 0.02526315789473684 0.026755852842809364
0 0.05473684210526316 0.25752508361204013 0.035789473684210524 0.04013377926421405
0 0.029473684210526315 0.3110367892976589 0.042105263157894736 0.04180602006688963
0 0.1 0.362876254180602 0.06421052631578947 0.05852842809364549
0 0.3778947368421053 0.4331103678929766 0.12105263157894737 0.06856187290969899
0 0.20105263157894737 0.4397993311036789 0.09263157894736843 0.08528428093645485
0 0.8252631578947368 0.46153846153846156 0.13473684210526315 0.08862876254180602
0 0.8810526315789474 0.5150501672240803 0.11368421052631579 0.08695652173913043
0 0.48736842105263156 0.5852842809364549 0.12947368421052632 0.0903010033444816
