0 0.8263157894736842 0.6939799331103679 0.1705263157894737 0.1705685618729097
0 0.8515789473684211 0.8377926421404682 0.14947368421052631 0.15384615384615385
0 0.045263157894736845 0.17892976588628762 0.02736842105263158 0.023411371237458192
0 0.04842105263157895 0.18896321070234115 0.02526315789473684 0.028428093645484948
0 0.0010526315789473684 0.21739130434782608 0.017894736842105262 0.03177257525083612
0 0.05473684210526316 0.2525083612040134 0.035789473684210524 0.03177257525083612
0 0.029473684210526315 0.30267558528428096 0.034736842105263156 0.033444816053511704
0 0.09263157894736843 0.35451505016722407 0.05894736842105263 0.06856187290969899
0 0.1863157894736842 0.4297658862876254 0.09052631578947369 0.07023411371237458
0 0.3778947368421053 0.4331103678929766 0.12105263157894737 0.07023411371237458
0 0.8242105263157895 0.46153846153846156 0.13578947368421052 0.0903010033444816
0 0.8810526315789474 0.5150501672240803 0.11368421052631579 0.08695652173913043
0 0.44842105263157894 0.5719063545150501 0.13894736842105262 0.09698996655518395
