0 0.7905263157894736 0.6822742474916388 0.21263157894736842 0.16220735785953178
0 0.82 0.8327759197324415 0.18105263157894738 0.15719063545150502
0 0.002105263157894737 0.21906354515050167 0.017894736842105262 0.030100334448160536
0 0.05368421052631579 0.2508361204013378 0.03684210526315789 0.028428093645484948
0 0.030526315789473683 0.2993311036789298 0.03368421052631579 0.03511705685618729
0 0.09052631578947369 0.3528428093645485 0.05894736842105263 0.06521739130434782
0 0.18 0.4230769230769231 0.09368421052631579 0.07859531772575251
0 0.3778947368421053 0.431438127090301 0.12210526315789473 0.07190635451505016
0 0.8242105263157895 0.46153846153846156 0.13578947368421052 0.0903010033444816
0 0.8810526315789474 0.5150501672240803 0.11368421052631579 0.08528428093645485
0 0.43894736842105264 0.560200668896321 0.12526315789473685 0.09698996655518395
