0 0.04631578947368421 0.19063545150501673 0.024210526315789474 0.028428093645484948
0 0.05368421052631579 0.2608695652173913 0.037894736842105266 0.03678929765886288
0 0.030526315789473683 0.31438127090301005 0.04105263157894737 0.04180602006688963
0 0.10421052631578948 0.36789297658862874 0.06526315789473684 0.05351170568561873
0 0.3778947368421053 0.4331103678929766 0.12105263157894737 0.06856187290969899
0 0.2094736842105263 0.44481605351170567 0.09473684210526316 0.07525083612040134
0 0.8252631578947368 0.46153846153846156 0.1336842105263158 0.08862876254180602
0 0.8810526315789474 0.5150501672240803 0.11368421052631579 0.08862876254180602
0 0.5021052631578947 0.5919732441471572 0.1336842105263158 0.09531772575250837
0 0.9157894736842105 0.7374581939799331 0.08526315789473685 0.10367892976588629
0 0.9252631578947368 0.8762541806020067 0.07263157894736842 0.11705685618729098
