0 0.8547368421052631 0.7040133779264214 0.14526315789473684 0.1588628762541806
0 0.8694736842105263 0.8511705685618729 0.13263157894736843 0.14046822742474915
0 0.04736842105263158 0.19230769230769232 0.024210526315789474 0.026755852842809364
0 0.05473684210526316 0.2525083612040134 0.03263157894736842 0.03177257525083612
0 0.028421052631578948 0.3076923076923077 0.03894736842105263 0.043478260869565216
0 0.09789473684210526 0.35785953177257523 0.061052631578947365 0.06020066889632107
0 0.19157894736842104 0.4297658862876254 0.09368421052631579 0.07525083612040134
0 0.3778947368421053 0.4331103678929766 0.12105263157894737 0.07023411371237458
0 0.8242105263157895 0.46153846153846156 0.13578947368421052 0.0903010033444816
0 0.8810526315789474 0.5150501672240803 0.11368421052631579 0.08862876254180602
0 0.46421052631578946 0.5735785953177257 0.1431578947368421 0.09364548494983277
