0 0.6957894736842105 0.6438127090301003 0.1957894736842105 0.13377926421404682
0 0.74 0.7859531772575251 0.2031578947368421 0.17558528428093645
0 0.05157894736842105 0.24414715719063546 0.03894736842105263 0.030100334448160536
0 0.02736842105263158 0.2909698996655518 0.03684210526315789 0.03511705685618729
0 0.07894736842105263 0.3394648829431438 0.056842105263157895 0.06020066889632107
0 0.15578947368421053 0.4096989966555184 0.07473684210526316 0.05852842809364549
0 0.37684210526315787 0.4331103678929766 0.1231578947368421 0.06856187290969899
0 0.8273684210526315 0.46153846153846156 0.13052631578947368 0.0903010033444816
0 0.8810526315789474 0.5150501672240803 0.11368421052631579 0.08695652173913043
0 0.38 0.5434782608695652 0.11368421052631579 0.08193979933110368
