0 0.7705263157894737 0.6672240802675585 0.21157894736842106 0.15384615384615385
0 0.8084210526315789 0.8177257525083612 0.19263157894736843 0.14715719063545152
0 0.04421052631578947 0.18896321070234115 0.028421052631578948 0.033444816053511704
0 0.05368421052631579 0.24749163879598662 0.037894736842105266 0.03177257525083612
0 0.029473684210526315 0.2993311036789298 0.034736842105263156 0.03511705685618729
0 0.08526315789473685 0.3511705685618729 0.05894736842105263 0.06521739130434782
0 0.16842105263157894 0.4197324414715719 0.08947368421052632 0.07692307692307693
0 0.3778947368421053 0.431438127090301 0.12210526315789473 0.07190635451505016
0 0.8242105263157895 0.46153846153846156 0.13578947368421052 0.0903010033444816
0 0.88 0.5150501672240803 0.11473684210526315 0.08695652173913043
0 0.42210526315789476 0.5618729096989966 0.12 0.08695652173913043
