0 0.7421052631578947 0.6622073578595318 0.20421052631578948 0.15384615384615385
0 0.7852631578947369 0.8060200668896321 0.2 0.17224080267558528
0 0.05263157894736842 0.24581939799331104 0.04 0.03177257525083612
0 0.028421052631578948 0.29431438127090304 0.035789473684210524 0.03511705685618729
0 0.08315789473684211 0.34615384615384615 0.05894736842105263 0.07023411371237458
0 0.16526315789473683 0.41638795986622074 0.0863157894736842 0.0802675585284281
0 0.3778947368421053 0.4331103678929766 0.12105263157894737 0.07023411371237458
0 0.8252631578947368 0.46153846153846156 0.13473684210526315 0.0903010033444816
0 0.88 0.5150501672240803 0.11473684210526315 0.08695652173913043
0 0.4073684210526316 0.5518394648829431 0.12631578947368421 0.08862876254180602
