0 0.6368421052631579 0.6086956521739131 0.16842105263157894 0.13712374581939799
0 0.6852631578947368 0.7575250836120402 0.18736842105263157 0.15719063545150502
0 0.056842105263157895 0.23745819397993312 0.030526315789473683 0.028428093645484948
0 0.029473684210526315 0.2809364548494983 0.035789473684210524 0.04180602006688963
0 0.07052631578947369 0.33277591973244147 0.05157894736842105 0.06354515050167224
0 0.13578947368421052 0.40301003344481606 0.07157894736842105 0.056856187290969896
0 0.3778947368421053 0.43478260869565216 0.12105263157894737 0.07023411371237458
0 0.8273684210526315 0.46153846153846156 0.13052631578947368 0.0903010033444816
0 0.3357894736842105 0.5234113712374582 0.11368421052631579 0.08361204013377926
0 0.88 0.5150501672240803 0.11368421052631579 0.08528428093645485
