0 0.611578947368421 0.6086956521739131 0.16526315789473683 0.11705685618729098
0 0.6652631578947369 0.7508361204013378 0.19052631578947368 0.1505016722408027
0 0.06 0.23244147157190637 0.02526315789473684 0.023411371237458192
0 0.030526315789473683 0.27591973244147155 0.031578947368421054 0.03177257525083612
0 0.07052631578947369 0.3294314381270903 0.049473684210526316 0.061872909698996656
0 0.12947368421052632 0.3979933110367893 0.07473684210526316 0.06354515050167224
0 0.3778947368421053 0.4331103678929766 0.12105263157894737 0.07023411371237458
0 0.828421052631579 0.46153846153846156 0.12842105263157894 0.0903010033444816
0 0.3263157894736842 0.5183946488294314 0.10631578947368421 0.0802675585284281
0 0.8810526315789474 0.5150501672240803 0.11368421052631579 0.08528428093645485
0 0.16736842105263158 0.5986622073578596 0.1336842105263158 0.06688963210702341
