0 0.5957894736842105 0.6003344481605352 0.15263157894736842 0.11204013377926421
0 0.6494736842105263 0.7391304347826086 0.1863157894736842 0.14381270903010032
0 0.06 0.23244147157190637 0.02526315789473684 0.023411371237458192
0 0.029473684210526315 0.27424749163879597 0.03368421052631579 0.03177257525083612
0 0.07263157894736842 0.3277591973244147 0.0431578947368421 0.05518394648829431
0 0.12105263157894737 0.39297658862876256 0.07684210526315789 0.07357859531772576
0 0.3778947368421053 0.43478260869565216 0.12210526315789473 0.06688963210702341
0 0.8273684210526315 0.459866220735786 0.12947368421052632 0.09197324414715718
0 0.3136842105263158 0.5117056856187291 0.10736842105263159 0.08193979933110368
0 0.8810526315789474 0.5150501672240803 0.11368421052631579 0.08695652173913043
