0 0.5957894736842105 0.5986622073578596 0.15368421052631578 0.11204013377926421
0 0.6494736842105263 0.7391304347826086 0.1863157894736842 0.14381270903010032
0 0.06 0.23244147157190637 0.02526315789473684 0.023411371237458192
0 0.029473684210526315 0.27424749163879597 0.03368421052631579 0.03177257525083612
0 0.07263157894736842 0.3294314381270903 0.0431578947368421 0.05351170568561873
0 0.12105263157894737 0.39297658862876256 0.07684210526315789 0.07190635451505016
0 0.3778947368421053 0.43478260869565216 0.12210526315789473 0.06688963210702341
0 0.8273684210526315 0.46153846153846156 0.13052631578947368 0.0903010033444816
0 0.3136842105263158 0.5117056856187291 0.10736842105263159 0.08193979933110368
0 0.88 0.5150501672240803 0.11473684210526315 0.08695652173913043
