0 0.4968421052631579 0.5551839464882943 0.1463157894736842 0.10702341137123746
0 0.5684210526315789 0.6956521739130435 0.1694736842105263 0.13712374581939799
0 0.061052631578947365 0.22240802675585283 0.028421052631578948 0.02508361204013378
0 0.028421052631578948 0.2625418060200669 0.037894736842105266 0.038461538461538464
0 0.06315789473684211 0.31270903010033446 0.0431578947368421 0.04180602006688963
0 0.09894736842105263 0.3779264214046823 0.06842105263157895 0.061872909698996656
0 0.3778947368421053 0.4331103678929766 0.12105263157894737 0.06856187290969899
0 0.2557894736842105 0.4782608695652174 0.09894736842105263 0.0802675585284281
0 0.8273684210526315 0.46153846153846156 0.12947368421052632 0.08528428093645485
0 0.8810526315789474 0.5150501672240803 0.11368421052631579 0.08695652173913043
