0 0.5557894736842105 0.6889632107023411 0.1568421052631579 0.1354515050167224
0 0.061052631578947365 0.22073578595317725 0.028421052631578948 0.02508361204013378
0 0.031578947368421054 0.2608695652173913 0.03368421052631579 0.04013377926421405
0 0.06315789473684211 0.3110367892976589 0.042105263157894736 0.04013377926421405
0 0.09578947368421052 0.3745819397993311 0.06526315789473684 0.06020066889632107
0 0.3778947368421053 0.4331103678929766 0.12 0.06856187290969899
0 0.2463157894736842 0.47491638795986624 0.09368421052631579 0.07525083612040134
0 0.8273684210526315 0.46153846153846156 0.12947368421052632 0.08695652173913043
0 0.8810526315789474 0.5150501672240803 0.11368421052631579 0.08528428093645485
0 0.4768421052631579 0.5551839464882943 0.13894736842105262 0.09197324414715718
