0 0.4978947368421053 0.5551839464882943 0.14526315789473684 0.10702341137123746
0 0.5684210526315789 0.6939799331103679 0.1694736842105263 0.1354515050167224
0 0.061052631578947365 0.22240802675585283 0.029473684210526315 0.02508361204013378
0 0.028421052631578948 0.2625418060200669 0.037894736842105266 0.038461538461538464
0 0.06315789473684211 0.31270903010033446 0.0431578947368421 0.04180602006688963
0 0.1 0.3795986622073579 0.06736842105263158 0.06020066889632107
0 0.37684210526315787 0.4331103678929766 0.12210526315789473 0.06856187290969899
0 0.2557894736842105 0.4782608695652174 0.09894736842105263 0.07859531772575251
0 0.8273684210526315 0.46153846153846156 0.12947368421052632 0.08528428093645485
0 0.8810526315789474 0.5150501672240803 0.11368421052631579 0.08528428093645485
