0 0.5326315789473685 0.568561872909699 0.15368421052631578 0.11705685618729098
0 0.6052631578947368 0.7107023411371237 0.16736842105263158 0.13712374581939799
0 0.06 0.22742474916387959 0.024210526315789474 0.023411371237458192
0 0.028421052631578948 0.2692307692307692 0.035789473684210524 0.033444816053511704
0 0.06421052631578947 0.32274247491638797 0.04736842105263158 0.03678929765886288
0 0.10736842105263159 0.38294314381270905 0.07052631578947369 0.05852842809364549
0 0.37894736842105264 0.43478260869565216 0.12 0.06688963210702341
0 0.8263157894736842 0.459866220735786 0.13157894736842105 0.09197324414715718
0 0.2768421052631579 0.49665551839464883 0.10105263157894737 0.07692307692307693
0 0.88 0.5150501672240803 0.11368421052631579 0.08528428093645485
0 0.16842105263157894 0.5986622073578596 0.12947368421052632 0.06521739130434782
