0 0.5505263157894736 0.5785953177257525 0.15789473684210525 0.11872909698996656
0 0.62 0.7190635451505016 0.17473684210526316 0.13377926421404682
0 0.06 0.22742474916387959 0.02526315789473684 0.021739130434782608
0 0.028421052631578948 0.2709030100334448 0.035789473684210524 0.03177257525083612
0 0.06736842105263158 0.32441471571906355 0.04842105263157895 0.038461538461538464
0 0.11157894736842106 0.38461538461538464 0.07052631578947369 0.061872909698996656
0 0.37894736842105264 0.43478260869565216 0.12 0.06688963210702341
0 0.8273684210526315 0.459866220735786 0.13052631578947368 0.09197324414715718
0 0.28526315789473683 0.4983277591973244 0.10842105263157895 0.08361204013377926
0 0.8810526315789474 0.5150501672240803 0.11368421052631579 0.08695652173913043
