0 0.5126315789473684 0.5568561872909699 0.1463157894736842 0.11538461538461539
0 0.5831578947368421 0.7006688963210702 0.1705263157894737 0.13879598662207357
0 0.06 0.22408026755852842 0.02526315789473684 0.023411371237458192
0 0.028421052631578948 0.26588628762541805 0.03684210526315789 0.03678929765886288
0 0.06421052631578947 0.3177257525083612 0.04421052631578947 0.04013377926421405
0 0.10210526315789474 0.38127090301003347 0.07052631578947369 0.05852842809364549
0 0.37894736842105264 0.43478260869565216 0.12 0.06688963210702341
0 0.8273684210526315 0.459866220735786 0.12947368421052632 0.09197324414715718
0 0.26631578947368423 0.4916387959866221 0.10105263157894737 0.07692307692307693
0 0.88 0.5150501672240803 0.11368421052631579 0.08528428093645485
