0 0.46210526315789474 0.5434782608695652 0.14210526315789473 0.10367892976588629
0 0.5410526315789473 0.6739130434782609 0.15578947368421053 0.1354515050167224
0 0.061052631578947365 0.21906354515050167 0.029473684210526315 0.026755852842809364
0 0.034736842105263156 0.2591973244147157 0.031578947368421054 0.038461538461538464
0 0.06210526315789474 0.3093645484949833 0.03894736842105263 0.0451505016722408
0 0.08736842105263158 0.36454849498327757 0.06631578947368422 0.06020066889632107
0 0.37894736842105264 0.4331103678929766 0.11894736842105263 0.06856187290969899
0 0.2326315789473684 0.47157190635451507 0.09789473684210526 0.0802675585284281
0 0.828421052631579 0.46321070234113715 0.12526315789473685 0.08193979933110368
0 0.8810526315789474 0.5150501672240803 0.11368421052631579 0.08695652173913043
