0 0.52 0.6638795986622074 0.15052631578947367 0.14214046822742474
0 0.06210526315789474 0.22073578595317725 0.028421052631578948 0.023411371237458192
0 0.034736842105263156 0.2525083612040134 0.024210526315789474 0.028428093645484948
0 0.034736842105263156 0.2608695652173913 0.030526315789473683 0.038461538461538464
0 0.08736842105263158 0.36622073578595316 0.06526315789473684 0.05351170568561873
0 0.3778947368421053 0.43645484949832775 0.12105263157894737 0.06688963210702341
0 0.22421052631578947 0.4665551839464883 0.09578947368421052 0.0903010033444816
0 0.828421052631579 0.46321070234113715 0.12736842105263158 0.08361204013377926
0 0.8789473684210526 0.5150501672240803 0.11473684210526315 0.0903010033444816
0 0.43894736842105264 0.5451505016722408 0.14842105263157895 0.0903010033444816
