0 0.48526315789473684 0.6438127090301003 0.1368421052631579 0.12040133779264214
0 0.03368421052631579 0.15384615384615385 0.04421052631578947 0.021739130434782608
0 0.18842105263157893 0.15719063545150502 0.05578947368421053 0.051839464882943144
0 0.035789473684210524 0.24581939799331104 0.031578947368421054 0.03177257525083612
0 0.05894736842105263 0.2976588628762542 0.04 0.03678929765886288
0 0.07684210526315789 0.35618729096989965 0.06315789473684211 0.05852842809364549
0 0.37684210526315787 0.43478260869565216 0.1231578947368421 0.06856187290969899
0 0.2 0.4531772575250836 0.08842105263157894 0.07190635451505016
0 0.828421052631579 0.46321070234113715 0.12736842105263158 0.08193979933110368
0 0.3936842105263158 0.5217391304347826 0.1431578947368421 0.09197324414715718
0 0.8810526315789474 0.5150501672240803 0.11368421052631579 0.08862876254180602
