0 0.4968421052631579 0.6538461538461539 0.14 0.12374581939799331
0 0.18842105263157893 0.1588628762541806 0.05578947368421053 0.05016722408026756
0 0.03684210526315789 0.2491638795986622 0.029473684210526315 0.03177257525083612
0 0.061052631578947365 0.2976588628762542 0.03684210526315789 0.03511705685618729
0 0.08 0.3595317725752508 0.06210526315789474 0.06020066889632107
0 0.3778947368421053 0.43645484949832775 0.12105263157894737 0.06688963210702341
0 0.20526315789473684 0.45652173913043476 0.09578947368421052 0.1020066889632107
0 0.8294736842105264 0.46321070234113715 0.12631578947368421 0.08193979933110368
0 0.40421052631578946 0.5267558528428093 0.15052631578947367 0.0903010033444816
0 0.88 0.5150501672240803 0.11473684210526315 0.08862876254180602
