0 0.511578947368421 0.657190635451505 0.1431578947368421 0.1254180602006689
0 0.035789473684210524 0.2508361204013378 0.02526315789473684 0.028428093645484948
0 0.035789473684210524 0.25752508361204013 0.030526315789473683 0.04180602006688963
0 0.06526315789473684 0.3010033444816054 0.03368421052631579 0.033444816053511704
0 0.08315789473684211 0.362876254180602 0.06421052631578947 0.05518394648829431
0 0.37684210526315787 0.43645484949832775 0.1231578947368421 0.06688963210702341
0 0.21368421052631578 0.46321070234113715 0.09894736842105263 0.09364548494983277
0 0.828421052631579 0.46321070234113715 0.12842105263157894 0.08361204013377926
0 0.88 0.5150501672240803 0.11473684210526315 0.0903010033444816
0 0.4242105263157895 0.5334448160535117 0.13894736842105262 0.09364548494983277
