0 0.4010526315789474 0.6020066889632107 0.12526315789473685 0.11371237458193979
0 0.9242105263157895 0.7391304347826086 0.07473684210526316 0.15217391304347827
0 0.18947368421052632 0.15719063545150502 0.05263157894736842 0.0451505016722408
0 0.0431578947368421 0.22742474916387959 0.029473684210526315 0.030100334448160536
0 0.04 0.23745819397993312 0.031578947368421054 0.03511705685618729
0 0.06315789473684211 0.3394648829431438 0.049473684210526316 0.04013377926421405
0 0.15789473684210525 0.42642140468227424 0.07263157894736842 0.06521739130434782
0 0.38 0.43478260869565216 0.1168421052631579 0.06521739130434782
0 0.32210526315789473 0.4765886287625418 0.11578947368421053 0.0903010033444816
0 0.8305263157894737 0.46153846153846156 0.12421052631578948 0.08528428093645485
0 0.8810526315789474 0.5150501672240803 0.11263157894736842 0.08528428093645485
