0 0.04421052631578947 0.22742474916387959 0.030526315789473683 0.030100334448160536
0 0.04 0.23745819397993312 0.031578947368421054 0.03511705685618729
0 0.06421052631578947 0.33444816053511706 0.056842105263157895 0.06354515050167224
0 0.1631578947368421 0.4280936454849498 0.07894736842105263 0.07692307692307693
0 0.38105263157894737 0.43478260869565216 0.1168421052631579 0.06688963210702341
0 0.8305263157894737 0.46153846153846156 0.1231578947368421 0.08528428093645485
0 0.3336842105263158 0.4899665551839465 0.12 0.08695652173913043
0 0.8810526315789474 0.5150501672240803 0.11263157894736842 0.08695652173913043
0 0.4147368421052632 0.6120401337792643 0.12842105263157894 0.09866220735785954
0 0.9652631578947368 0.7491638795986622 0.03263157894736842 0.12207357859531773
