0 0.4368421052631579 0.617056856187291 0.14105263157894737 0.11705685618729098
0 0.18842105263157893 0.15719063545150502 0.056842105263157895 0.051839464882943144
0 0.05052631578947368 0.22408026755852842 0.029473684210526315 0.030100334448160536
0 0.035789473684210524 0.2391304347826087 0.03263157894736842 0.03177257525083612
0 0.056842105263157895 0.28929765886287623 0.04105263157894737 0.04013377926421405
0 0.06526315789473684 0.3394648829431438 0.06210526315789474 0.05852842809364549
0 0.3778947368421053 0.43645484949832775 0.11894736842105263 0.06354515050167224
0 0.1736842105263158 0.4414715719063545 0.09052631578947369 0.0903010033444816
0 0.8294736842105264 0.46321070234113715 0.12631578947368421 0.08361204013377926
0 0.35157894736842105 0.5016722408026756 0.13473684210526315 0.0903010033444816
0 0.8810526315789474 0.5150501672240803 0.11263157894736842 0.08695652173913043
