0 0.8768421052631579 0.7441471571906354 0.12210526315789473 0.1488294314381271
0 0.034736842105263156 0.15551839464882944 0.04105263157894737 0.020066889632107024
0 0.04 0.22742474916387959 0.030526315789473683 0.030100334448160536
0 0.042105263157894736 0.23745819397993312 0.030526315789473683 0.03678929765886288
0 0.05894736842105263 0.33277591973244147 0.04736842105263158 0.04013377926421405
0 0.14526315789473684 0.41304347826086957 0.07157894736842105 0.09364548494983277
0 0.38 0.43478260869565216 0.11789473684210526 0.06354515050167224
0 0.29789473684210527 0.4698996655518395 0.11263157894736842 0.08361204013377926
0 0.828421052631579 0.46153846153846156 0.12526315789473685 0.08695652173913043
0 0.8810526315789474 0.5167224080267558 0.11263157894736842 0.08528428093645485
0 0.3726315789473684 0.5919732441471572 0.12210526315789473 0.10033444816053512
