0 0.8768421052631579 0.7441471571906354 0.1231578947368421 0.15217391304347827
0 0.035789473684210524 0.15384615384615385 0.04 0.021739130434782608
0 0.05894736842105263 0.19899665551839466 0.023157894736842106 0.02508361204013378
0 0.04105263157894737 0.22742474916387959 0.029473684210526315 0.030100334448160536
0 0.05894736842105263 0.33277591973244147 0.04736842105263158 0.04013377926421405
0 0.14526315789473684 0.41304347826086957 0.07157894736842105 0.09364548494983277
0 0.38105263157894737 0.43478260869565216 0.1168421052631579 0.06354515050167224
0 0.29789473684210527 0.4698996655518395 0.11263157894736842 0.08361204013377926
0 0.8294736842105264 0.46153846153846156 0.12526315789473685 0.08695652173913043
0 0.8821052631578947 0.5150501672240803 0.11157894736842106 0.08528428093645485
0 0.3726315789473684 0.5903010033444817 0.12105263157894737 0.10033444816053512
