0 0.8568421052631578 0.7307692307692307 0.14526315789473684 0.13043478260869565
0 0.034736842105263156 0.15551839464882944 0.04105263157894737 0.020066889632107024
0 0.18947368421052632 0.1588628762541806 0.05263157894736842 0.043478260869565216
0 0.042105263157894736 0.225752508361204 0.028421052631578948 0.030100334448160536
0 0.045263157894736845 0.23745819397993312 0.028421052631578948 0.03511705685618729
0 0.05894736842105263 0.32441471571906355 0.04421052631578947 0.04013377926421405
0 0.13578947368421052 0.411371237458194 0.07157894736842105 0.06354515050167224
0 0.38105263157894737 0.43478260869565216 0.11789473684210526 0.06521739130434782
0 0.28526315789473683 0.46321070234113715 0.11263157894736842 0.08695652173913043
0 0.8294736842105264 0.46153846153846156 0.12631578947368421 0.08695652173913043
0 0.8810526315789474 0.5150501672240803 0.11263157894736842 0.08528428093645485
0 0.36210526315789476 0.5819397993311036 0.11789473684210526 0.10033444816053512
