0 0.8063157894736842 0.7073578595317725 0.1694736842105263 0.12876254180602006
0 0.03368421052631579 0.15217391304347827 0.0431578947368421 0.021739130434782608
0 0.05789473684210526 0.19732441471571907 0.024210526315789474 0.026755852842809364
0 0.04421052631578947 0.22408026755852842 0.02736842105263158 0.030100334448160536
0 0.05052631578947368 0.2391304347826087 0.02631578947368421 0.03177257525083612
0 0.05368421052631579 0.3193979933110368 0.04631578947368421 0.04013377926421405
0 0.12210526315789473 0.40468227424749165 0.07473684210526316 0.056856187290969896
0 0.38 0.4331103678929766 0.11789473684210526 0.06856187290969899
0 0.26526315789473687 0.4531772575250836 0.10842105263157895 0.08361204013377926
0 0.8294736842105264 0.459866220735786 0.12631578947368421 0.0903010033444816
0 0.88 0.5150501672240803 0.11263157894736842 0.08695652173913043
0 0.33263157894736844 0.5668896321070234 0.12421052631578948 0.10033444816053512
