0 0.8242105263157895 0.7207357859531772 0.17684210526315788 0.13210702341137123
0 0.03263157894736842 0.15217391304347827 0.0431578947368421 0.021739130434782608
0 0.18947368421052632 0.15719063545150502 0.05263157894736842 0.043478260869565216
0 0.05894736842105263 0.19732441471571907 0.023157894736842106 0.02508361204013378
0 0.04421052631578947 0.225752508361204 0.02631578947368421 0.028428093645484948
0 0.04842105263157895 0.2391304347826087 0.02736842105263158 0.033444816053511704
0 0.05473684210526316 0.3210702341137124 0.045263157894736845 0.043478260869565216
0 0.12842105263157894 0.4080267558528428 0.07473684210526316 0.06020066889632107
0 0.38105263157894737 0.43478260869565216 0.11578947368421053 0.06688963210702341
0 0.27578947368421053 0.45819397993311034 0.11052631578947368 0.07692307692307693
0 0.8294736842105264 0.459866220735786 0.12631578947368421 0.08862876254180602
0 0.8810526315789474 0.5150501672240803 0.11263157894736842 0.08695652173913043
0 0.3526315789473684 0.5719063545150501 0.11368421052631579 0.09364548494983277
