0 0.7294736842105263 0.677257525083612 0.16526315789473683 0.11872909698996656
0 0.03263157894736842 0.15384615384615385 0.04421052631578947 0.023411371237458192
0 0.05368421052631579 0.19732441471571907 0.02631578947368421 0.02508361204013378
0 0.04421052631578947 0.22073578595317725 0.02736842105263158 0.028428093645484948
0 0.04842105263157895 0.31270903010033446 0.045263157894736845 0.03678929765886288
0 0.10736842105263159 0.391304347826087 0.07052631578947369 0.05518394648829431
0 0.3778947368421053 0.43478260869565216 0.11894736842105263 0.06688963210702341
0 0.23684210526315788 0.4397993311036789 0.10210526315789474 0.08193979933110368
0 0.8294736842105264 0.459866220735786 0.12526315789473685 0.08862876254180602
0 0.8810526315789474 0.5150501672240803 0.11263157894736842 0.08528428093645485
0 0.30736842105263157 0.5484949832775919 0.11052631578947368 0.09364548494983277
