0 0.6936842105263158 0.6588628762541806 0.1431578947368421 0.11204013377926421
0 0.03263157894736842 0.15384615384615385 0.0431578947368421 0.023411371237458192
0 0.05368421052631579 0.1956521739130435 0.02526315789473684 0.028428093645484948
0 0.04631578947368421 0.21906354515050167 0.02631578947368421 0.030100334448160536
0 0.05157894736842105 0.2993311036789298 0.037894736842105266 0.03678929765886288
0 0.10210526315789474 0.38127090301003347 0.06526315789473684 0.061872909698996656
0 0.21894736842105264 0.42474916387959866 0.1 0.08528428093645485
0 0.37684210526315787 0.4331103678929766 0.12105263157894737 0.06856187290969899
0 0.828421052631579 0.459866220735786 0.12526315789473685 0.08862876254180602
0 0.8810526315789474 0.5150501672240803 0.11263157894736842 0.08528428093645485
0 0.2873684210526316 0.5384615384615384 0.10631578947368421 0.09364548494983277
