0 0.7757894736842105 0.7040133779264214 0.1726315789473684 0.11872909698996656
0 0.031578947368421054 0.15217391304347827 0.045263157894736845 0.023411371237458192
0 0.056842105263157895 0.19732441471571907 0.02526315789473684 0.02508361204013378
0 0.04421052631578947 0.22408026755852842 0.02631578947368421 0.028428093645484948
0 0.05157894736842105 0.2408026755852843 0.02736842105263158 0.03177257525083612
0 0.05263157894736842 0.3177257525083612 0.045263157894736845 0.03678929765886288
0 0.12 0.3996655518394649 0.07263157894736842 0.06521739130434782
0 0.38 0.4331103678929766 0.1168421052631579 0.06856187290969899
0 0.25684210526315787 0.451505016722408 0.1031578947368421 0.07692307692307693
0 0.8294736842105264 0.459866220735786 0.12526315789473685 0.08862876254180602
0 0.88 0.5150501672240803 0.11263157894736842 0.08528428093645485
0 0.3294736842105263 0.560200668896321 0.10947368421052632 0.10033444816053512
