0 0.7126315789473684 0.6622073578595318 0.15368421052631578 0.11705685618729098
0 0.03263157894736842 0.15384615384615385 0.04421052631578947 0.023411371237458192
0 0.05368421052631579 0.19732441471571907 0.024210526315789474 0.02508361204013378
0 0.045263157894736845 0.22073578595317725 0.02736842105263158 0.030100334448160536
0 0.056842105263157895 0.24749163879598662 0.02736842105263158 0.033444816053511704
0 0.05052631578947368 0.3110367892976589 0.042105263157894736 0.03511705685618729
0 0.10631578947368421 0.38461538461538464 0.06421052631578947 0.061872909698996656
0 0.2305263157894737 0.431438127090301 0.09263157894736843 0.07859531772575251
0 0.3778947368421053 0.4331103678929766 0.11894736842105263 0.06856187290969899
0 0.8294736842105264 0.459866220735786 0.12526315789473685 0.08862876254180602
0 0.8810526315789474 0.5150501672240803 0.11263157894736842 0.08528428093645485
0 0.3021052631578947 0.5434782608695652 0.1 0.09364548494983277
