0 0.7631578947368421 0.6939799331103679 0.15052631578947367 0.11538461538461539
0 0.03263157894736842 0.15384615384615385 0.0431578947368421 0.021739130434782608
0 0.05578947368421053 0.19732441471571907 0.024210526315789474 0.02508361204013378
0 0.04421052631578947 0.22240802675585283 0.02631578947368421 0.028428093645484948
0 0.05052631578947368 0.31438127090301005 0.04421052631578947 0.04013377926421405
0 0.1168421052631579 0.39464882943143814 0.07368421052631578 0.07692307692307693
0 0.37894736842105264 0.43478260869565216 0.11789473684210526 0.06688963210702341
0 0.24736842105263157 0.44648829431438125 0.10105263157894737 0.0802675585284281
0 0.8294736842105264 0.459866220735786 0.12526315789473685 0.08862876254180602
0 0.88 0.5150501672240803 0.11263157894736842 0.08695652173913043
0 0.3178947368421053 0.5518394648829431 0.10842105263157895 0.10535117056856187
