0 0.03263157894736842 0.15217391304347827 0.0431578947368421 0.023411371237458192
0 0.04736842105263158 0.1939799331103679 0.02631578947368421 0.03177257525083612
0 0.05789473684210526 0.23578595317725753 0.029473684210526315 0.043478260869565216
0 0.04421052631578947 0.2909698996655518 0.04105263157894737 0.03511705685618729
0 0.08210526315789474 0.3595317725752508 0.061052631578947365 0.061872909698996656
0 0.18210526315789474 0.4096989966555184 0.08842105263157894 0.07190635451505016
0 0.3778947368421053 0.4331103678929766 0.12 0.07023411371237458
0 0.8294736842105264 0.459866220735786 0.12631578947368421 0.08862876254180602
0 0.24 0.5100334448160535 0.10210526315789474 0.09364548494983277
0 0.8810526315789474 0.5150501672240803 0.11263157894736842 0.08528428093645485
0 0.5852631578947368 0.6237458193979933 0.14210526315789473 0.0903010033444816
