0 0.6294736842105263 0.6337792642140468 0.13473684210526315 0.10367892976588629
0 0.03263157894736842 0.15217391304347827 0.0431578947368421 0.021739130434782608
0 0.04842105263157895 0.1956521739130435 0.02736842105263158 0.03177257525083612
0 0.049473684210526316 0.2157190635451505 0.02526315789473684 0.030100334448160536
0 0.04736842105263158 0.2959866220735786 0.042105263157894736 0.03678929765886288
0 0.08842105263157894 0.3729096989966555 0.06315789473684211 0.06020066889632107
0 0.19263157894736843 0.41471571906354515 0.09578947368421052 0.08361204013377926
0 0.3778947368421053 0.4331103678929766 0.11894736842105263 0.07023411371237458
0 0.8294736842105264 0.46153846153846156 0.12526315789473685 0.08695652173913043
0 0.26 0.5167224080267558 0.10210526315789474 0.09197324414715718
0 0.8810526315789474 0.5150501672240803 0.11263157894736842 0.08528428093645485
