0 0.6031578947368421 0.6187290969899666 0.15157894736842106 0.11204013377926421
0 0.03263157894736842 0.15217391304347827 0.0431578947368421 0.021739130434782608
0 0.049473684210526316 0.19732441471571907 0.02631578947368421 0.030100334448160536
0 0.05157894736842105 0.21739130434782608 0.02526315789473684 0.028428093645484948
0 0.05789473684210526 0.2391304347826087 0.029473684210526315 0.0451505016722408
0 0.04631578947368421 0.29431438127090304 0.04105263157894737 0.033444816053511704
0 0.08315789473684211 0.36622073578595316 0.06421052631578947 0.056856187290969896
0 0.1863157894736842 0.41304347826086957 0.09052631578947369 0.0802675585284281
0 0.3778947368421053 0.4331103678929766 0.11894736842105263 0.07023411371237458
0 0.8294736842105264 0.46153846153846156 0.12631578947368421 0.08695652173913043
0 0.25263157894736843 0.5133779264214047 0.1 0.08862876254180602
0 0.8810526315789474 0.5150501672240803 0.11263157894736842 0.08528428093645485
