0 0.03368421052631579 0.15217391304347827 0.042105263157894736 0.021739130434782608
0 0.04736842105263158 0.19230769230769232 0.02736842105263158 0.030100334448160536
0 0.05263157894736842 0.22073578595317725 0.024210526315789474 0.030100334448160536
0 0.05578947368421053 0.23244147157190637 0.030526315789473683 0.0451505016722408
0 0.0431578947368421 0.28929765886287623 0.042105263157894736 0.03678929765886288
0 0.08105263157894736 0.35785953177257523 0.05894736842105263 0.05852842809364549
0 0.1705263157894737 0.40635451505016723 0.08842105263157894 0.07357859531772576
0 0.3778947368421053 0.4331103678929766 0.12 0.07023411371237458
0 0.8273684210526315 0.459866220735786 0.12947368421052632 0.08862876254180602
0 0.2336842105263158 0.5066889632107023 0.09894736842105263 0.10367892976588629
0 0.8810526315789474 0.5150501672240803 0.11263157894736842 0.08528428093645485
0 0.5705263157894737 0.617056856187291 0.13052631578947368 0.08695652173913043
