0 0.6736842105263158 0.6521739130434783 0.14 0.10367892976588629
0 0.03263157894736842 0.15217391304347827 0.0431578947368421 0.023411371237458192
0 0.05157894736842105 0.19732441471571907 0.02631578947368421 0.028428093645484948
0 0.04736842105263158 0.21739130434782608 0.02736842105263158 0.030100334448160536
0 0.04842105263157895 0.2976588628762542 0.04105263157894737 0.03511705685618729
0 0.0968421052631579 0.38127090301003347 0.06421052631578947 0.056856187290969896
0 0.2094736842105263 0.4230769230769231 0.09789473684210526 0.08361204013377926
0 0.37684210526315787 0.4331103678929766 0.12105263157894737 0.07023411371237458
0 0.8294736842105264 0.459866220735786 0.12421052631578948 0.08862876254180602
0 0.8810526315789474 0.5150501672240803 0.11263157894736842 0.08528428093645485
0 0.2810526315789474 0.5301003344481605 0.09789473684210526 0.10702341137123746
