0 0.03368421052631579 0.15217391304347827 0.042105263157894736 0.023411371237458192
0 0.04736842105263158 0.1939799331103679 0.02631578947368421 0.03177257525083612
0 0.056842105263157895 0.23578595317725753 0.030526315789473683 0.043478260869565216
0 0.04421052631578947 0.2909698996655518 0.04105263157894737 0.03511705685618729
0 0.08210526315789474 0.3612040133779264 0.06 0.06020066889632107
0 0.17789473684210527 0.4096989966555184 0.08842105263157894 0.07190635451505016
0 0.3778947368421053 0.4331103678929766 0.12 0.07023411371237458
0 0.8294736842105264 0.46153846153846156 0.12631578947368421 0.08695652173913043
0 0.24105263157894738 0.5083612040133779 0.10210526315789474 0.09531772575250837
0 0.8810526315789474 0.5150501672240803 0.11263157894736842 0.08528428093645485
0 0.5852631578947368 0.6237458193979933 0.14210526315789473 0.0903010033444816
