0 0.03263157894736842 0.15384615384615385 0.042105263157894736 0.023411371237458192
0 0.04631578947368421 0.1939799331103679 0.02631578947368421 0.026755852842809364
0 0.05578947368421053 0.23411371237458195 0.029473684210526315 0.04180602006688963
0 0.04 0.2792642140468227 0.03894736842105263 0.0451505016722408
0 0.07263157894736842 0.34782608695652173 0.05578947368421053 0.06521739130434782
0 0.15157894736842106 0.39297658862876256 0.08526315789473685 0.07190635451505016
0 0.3778947368421053 0.4331103678929766 0.12 0.07023411371237458
0 0.8273684210526315 0.459866220735786 0.13052631578947368 0.08862876254180602
0 0.21368421052631578 0.48494983277591974 0.09157894736842105 0.0903010033444816
0 0.8810526315789474 0.5150501672240803 0.11368421052631579 0.08528428093645485
0 0.5178947368421053 0.5886287625418061 0.11894736842105263 0.08862876254180602
