0 0.03368421052631579 0.15384615384615385 0.042105263157894736 0.023411371237458192
0 0.04631578947368421 0.19230769230769232 0.02631578947368421 0.028428093645484948
0 0.042105263157894736 0.2842809364548495 0.03894736842105263 0.04013377926421405
0 0.07368421052631578 0.3511705685618729 0.05789473684210526 0.06020066889632107
0 0.1568421052631579 0.3979933110367893 0.08947368421052632 0.07692307692307693
0 0.3778947368421053 0.4331103678929766 0.12 0.07023411371237458
0 0.8273684210526315 0.459866220735786 0.13052631578947368 0.08862876254180602
0 0.21894736842105264 0.49331103678929766 0.0968421052631579 0.0802675585284281
0 0.8810526315789474 0.5150501672240803 0.11263157894736842 0.08528428093645485
0 0.531578947368421 0.596989966555184 0.12842105263157894 0.09197324414715718
