0 0.034736842105263156 0.15384615384615385 0.03894736842105263 0.021739130434782608
0 0.04631578947368421 0.1956521739130435 0.02526315789473684 0.023411371237458192
0 0.05473684210526316 0.22240802675585283 0.02631578947368421 0.03177257525083612
0 0.037894736842105266 0.27591973244147155 0.04 0.03678929765886288
0 0.06842105263157895 0.3411371237458194 0.056842105263157895 0.056856187290969896
0 0.14526315789473684 0.3896321070234114 0.08421052631578947 0.07859531772575251
0 0.3778947368421053 0.4331103678929766 0.12 0.07023411371237458
0 0.2073684210526316 0.479933110367893 0.09052631578947369 0.07859531772575251
0 0.8273684210526315 0.459866220735786 0.12736842105263158 0.08862876254180602
0 0.8810526315789474 0.5150501672240803 0.11263157894736842 0.08528428093645485
0 0.5010526315789474 0.5819397993311036 0.1168421052631579 0.09197324414715718
