0 0.03684210526315789 0.15551839464882944 0.035789473684210524 0.020066889632107024
0 0.04421052631578947 0.19732441471571907 0.02631578947368421 0.023411371237458192
0 0.05052631578947368 0.21739130434782608 0.028421052631578948 0.03177257525083612
0 0.035789473684210524 0.26588628762541805 0.03684210526315789 0.03511705685618729
0 0.06421052631578947 0.32608695652173914 0.05263157894736842 0.06688963210702341
0 0.12105263157894737 0.3762541806020067 0.07684210526315789 0.06688963210702341
0 0.37684210526315787 0.431438127090301 0.12210526315789473 0.07357859531772576
0 0.1831578947368421 0.46153846153846156 0.0863157894736842 0.09531772575250837
0 0.828421052631579 0.46153846153846156 0.12842105263157894 0.08862876254180602
0 0.8810526315789474 0.5150501672240803 0.11263157894736842 0.08528428093645485
0 0.4336842105263158 0.5535117056856187 0.11789473684210526 0.08528428093645485
