0 0.03684210526315789 0.15551839464882944 0.035789473684210524 0.020066889632107024
0 0.0431578947368421 0.18227424749163879 0.02631578947368421 0.020066889632107024
0 0.04631578947368421 0.1939799331103679 0.024210526315789474 0.021739130434782608
0 0.05157894736842105 0.22240802675585283 0.028421052631578948 0.033444816053511704
0 0.03684210526315789 0.2709030100334448 0.03684210526315789 0.03511705685618729
0 0.06736842105263158 0.3394648829431438 0.05368421052631579 0.04180602006688963
0 0.13578947368421052 0.38294314381270905 0.07894736842105263 0.06856187290969899
0 0.37684210526315787 0.4331103678929766 0.12105263157894737 0.07023411371237458
0 0.19263157894736843 0.4698996655518395 0.08526315789473685 0.0802675585284281
0 0.8273684210526315 0.46153846153846156 0.12736842105263158 0.08862876254180602
0 0.8810526315789474 0.5150501672240803 0.11263157894736842 0.08528428093645485
0 0.47157894736842104 0.5668896321070234 0.11157894736842106 0.08695652173913043
