0 0.03684210526315789 0.15551839464882944 0.035789473684210524 0.020066889632107024
0 0.04105263157894737 0.18227424749163879 0.028421052631578948 0.020066889632107024
0 0.0431578947368421 0.1939799331103679 0.02631578947368421 0.023411371237458192
0 0.05263157894736842 0.22073578595317725 0.02736842105263158 0.03511705685618729
0 0.037894736842105266 0.2692307692307692 0.03684210526315789 0.033444816053511704
0 0.06421052631578947 0.3311036789297659 0.056842105263157895 0.06354515050167224
0 0.12736842105263158 0.3795986622073579 0.07789473684210527 0.06521739130434782
0 0.37684210526315787 0.431438127090301 0.12105263157894737 0.07190635451505016
0 0.18947368421052632 0.4665551839464883 0.08315789473684211 0.08528428093645485
0 0.828421052631579 0.459866220735786 0.12736842105263158 0.08862876254180602
0 0.8810526315789474 0.5150501672240803 0.11263157894736842 0.08528428093645485
0 0.45263157894736844 0.5635451505016722 0.11052631578947368 0.08193979933110368
