0 0.035789473684210524 0.15384615384615385 0.037894736842105266 0.021739130434782608
0 0.04421052631578947 0.1956521739130435 0.02736842105263158 0.026755852842809364
0 0.049473684210526316 0.21739130434782608 0.028421052631578948 0.033444816053511704
0 0.034736842105263156 0.26421404682274247 0.037894736842105266 0.03678929765886288
0 0.11578947368421053 0.3712374581939799 0.07473684210526316 0.07023411371237458
0 0.37684210526315787 0.4297658862876254 0.12210526315789473 0.07525083612040134
0 0.17473684210526316 0.459866220735786 0.0863157894736842 0.09698996655518395
0 0.8273684210526315 0.46153846153846156 0.12736842105263158 0.08695652173913043
0 0.8810526315789474 0.5150501672240803 0.11263157894736842 0.08528428093645485
0 0.42 0.5518394648829431 0.11473684210526315 0.07859531772575251
