0 0.02526315789473684 0.17725752508361203 0.030526315789473683 0.020066889632107024
0 0.04421052631578947 0.20066889632107024 0.02736842105263158 0.026755852842809364
0 0.04631578947368421 0.2140468227424749 0.029473684210526315 0.033444816053511704
0 0.03263157894736842 0.25752508361204013 0.03684210526315789 0.038461538461538464
0 0.06421052631578947 0.31438127090301005 0.03894736842105263 0.03678929765886288
0 0.09368421052631579 0.35451505016722407 0.07473684210526316 0.07190635451505016
0 0.1568421052631579 0.43478260869565216 0.07473684210526316 0.07023411371237458
0 0.37894736842105264 0.4331103678929766 0.12105263157894737 0.06856187290969899
0 0.828421052631579 0.46321070234113715 0.12631578947368421 0.08695652173913043
0 0.3684210526315789 0.5250836120401338 0.10631578947368421 0.08361204013377926
0 0.88 0.5150501672240803 0.11263157894736842 0.08528428093645485
