0 0.04 0.20066889632107024 0.028421052631578948 0.028428093645484948
0 0.0431578947368421 0.21237458193979933 0.029473684210526315 0.030100334448160536
0 0.030526315789473683 0.24581939799331104 0.030526315789473683 0.030100334448160536
0 0.06210526315789474 0.29431438127090304 0.035789473684210524 0.03678929765886288
0 0.08105263157894736 0.3311036789297659 0.05578947368421053 0.061872909698996656
0 0.1336842105263158 0.41471571906354515 0.06842105263157895 0.09866220735785954
0 0.38105263157894737 0.43478260869565216 0.11789473684210526 0.06521739130434782
0 0.8294736842105264 0.46321070234113715 0.12631578947368421 0.08695652173913043
0 0.3042105263157895 0.49498327759197325 0.09473684210526316 0.07190635451505016
0 0.88 0.5150501672240803 0.11263157894736842 0.08695652173913043
