0 0.04105263157894737 0.20066889632107024 0.028421052631578948 0.030100334448160536
0 0.04421052631578947 0.21237458193979933 0.028421052631578948 0.03177257525083612
0 0.030526315789473683 0.2491638795986622 0.031578947368421054 0.030100334448160536
0 0.06315789473684211 0.3010033444816054 0.034736842105263156 0.030100334448160536
0 0.08421052631578947 0.3377926421404682 0.06210526315789474 0.06521739130434782
0 0.14421052631578948 0.4180602006688963 0.06736842105263158 0.08862876254180602
0 0.37894736842105264 0.43645484949832775 0.12105263157894737 0.06354515050167224
0 0.8294736842105264 0.46321070234113715 0.12421052631578948 0.08695652173913043
0 0.3231578947368421 0.5033444816053512 0.09894736842105263 0.07525083612040134
0 0.88 0.5150501672240803 0.11263157894736842 0.08695652173913043
