0 0.03684210526315789 0.15719063545150502 0.03684210526315789 0.016722408026755852
0 0.029473684210526315 0.20234113712374582 0.02631578947368421 0.023411371237458192
0 0.02631578947368421 0.21906354515050167 0.02736842105263158 0.026755852842809364
0 0.06210526315789474 0.2525083612040134 0.029473684210526315 0.026755852842809364
0 0.06421052631578947 0.2842809364548495 0.035789473684210524 0.03678929765886288
0 0.08315789473684211 0.36789297658862874 0.06 0.051839464882943144
0 0.1831578947368421 0.42642140468227424 0.07157894736842105 0.06521739130434782
0 0.3778947368421053 0.43478260869565216 0.12210526315789473 0.06688963210702341
0 0.8273684210526315 0.46153846153846156 0.13052631578947368 0.09197324414715718
0 0.88 0.5150501672240803 0.11263157894736842 0.08695652173913043
