0 0.035789473684210524 0.15551839464882944 0.03894736842105263 0.01839464882943144
0 0.03263157894736842 0.20234113712374582 0.02526315789473684 0.023411371237458192
0 0.02631578947368421 0.22073578595317725 0.028421052631578948 0.026755852842809364
0 0.06210526315789474 0.25418060200668896 0.030526315789473683 0.028428093645484948
0 0.06210526315789474 0.2625418060200669 0.034736842105263156 0.038461538461538464
0 0.06526315789473684 0.28595317725752506 0.034736842105263156 0.04180602006688963
0 0.08842105263157894 0.3745819397993311 0.06 0.05518394648829431
0 0.19263157894736843 0.4331103678929766 0.08105263157894736 0.06856187290969899
0 0.3778947368421053 0.4331103678929766 0.12210526315789473 0.06856187290969899
0 0.8273684210526315 0.46321070234113715 0.13052631578947368 0.0903010033444816
0 0.88 0.5150501672240803 0.11263157894736842 0.08695652173913043
