0 0.035789473684210524 0.15551839464882944 0.03894736842105263 0.01839464882943144
0 0.031578947368421054 0.20234113712374582 0.02526315789473684 0.023411371237458192
0 0.02631578947368421 0.21906354515050167 0.028421052631578948 0.028428093645484948
0 0.06210526315789474 0.25585284280936454 0.030526315789473683 0.026755852842809364
0 0.06210526315789474 0.26421404682274247 0.034736842105263156 0.04013377926421405
0 0.06526315789473684 0.2842809364548495 0.034736842105263156 0.04180602006688963
0 0.08736842105263158 0.3695652173913043 0.06315789473684211 0.051839464882943144
0 0.19263157894736843 0.4331103678929766 0.08210526315789474 0.06856187290969899
0 0.3778947368421053 0.4331103678929766 0.12210526315789473 0.06856187290969899
0 0.8273684210526315 0.46153846153846156 0.13052631578947368 0.0903010033444816
0 0.88 0.5150501672240803 0.11263157894736842 0.08528428093645485
