0 0.034736842105263156 0.15551839464882944 0.03894736842105263 0.01839464882943144
0 0.00631578947368421 0.17224080267558528 0.02 0.01839464882943144
0 0.02631578947368421 0.20066889632107024 0.02736842105263158 0.026755852842809364
0 0.061052631578947365 0.24749163879598662 0.030526315789473683 0.026755852842809364
0 0.06315789473684211 0.2709030100334448 0.035789473684210524 0.038461538461538464
0 0.08105263157894736 0.3595317725752508 0.056842105263157895 0.05518394648829431
0 0.16842105263157894 0.4180602006688963 0.07578947368421053 0.07525083612040134
0 0.3778947368421053 0.43478260869565216 0.12210526315789473 0.06688963210702341
0 0.828421052631579 0.46153846153846156 0.12842105263157894 0.09197324414715718
0 0.88 0.5150501672240803 0.11263157894736842 0.08695652173913043
