0 0.6126315789473684 0.725752508361204 0.19473684210526315 0.12876254180602006
0 0.003157894736842105 0.8862876254180602 0.15157894736842106 0.11371237458193979
0 0.4494736842105263 0.8578595317725752 0.15894736842105264 0.1354515050167224
0 0.030526315789473683 0.15384615384615385 0.04736842105263158 0.021739130434782608
0 0.008421052631578947 0.24247491638795987 0.035789473684210524 0.03177257525083612
0 0.06736842105263158 0.24414715719063546 0.03368421052631579 0.03177257525083612
0 0.05263157894736842 0.28762541806020064 0.03894736842105263 0.03678929765886288
0 0.002105263157894737 0.4080267558528428 0.08315789473684211 0.09866220735785954
0 0.37684210526315787 0.43478260869565216 0.12421052631578948 0.06688963210702341
0 0.8273684210526315 0.459866220735786 0.13157894736842105 0.0903010033444816
0 0.8789473684210526 0.5150501672240803 0.11578947368421053 0.08695652173913043
