0 0.5168421052631579 0.717391304347826 0.19263157894736843 0.14046822742474915
0 0.32526315789473687 0.8528428093645485 0.19894736842105262 0.13712374581939799
0 0.03263157894736842 0.15719063545150502 0.0431578947368421 0.020066889632107024
0 0.01263157894736842 0.23578595317725753 0.030526315789473683 0.03177257525083612
0 0.06736842105263158 0.2408026755852843 0.03263157894736842 0.030100334448160536
0 0.01368421052631579 0.3896321070234114 0.08105263157894736 0.0903010033444816
0 0.37684210526315787 0.43478260869565216 0.12421052631578948 0.06688963210702341
0 0.8273684210526315 0.46153846153846156 0.13263157894736843 0.08862876254180602
0 0.8789473684210526 0.5150501672240803 0.11578947368421053 0.08695652173913043
0 -0.002105263157894737 0.8846153846153846 0.05789473684210526 0.11872909698996656
