0 0.6410526315789473 0.7307692307692307 0.2063157894736842 0.12374581939799331
0 0.002105263157894737 0.8913043478260869 0.18105263157894738 0.10702341137123746
0 0.47789473684210526 0.8662207357859532 0.1568421052631579 0.1254180602006689
0 0.030526315789473683 0.15551839464882944 0.04842105263157895 0.021739130434782608
0 0.007368421052631579 0.24581939799331104 0.02736842105263158 0.028428093645484948
0 0.06736842105263158 0.24581939799331104 0.03368421052631579 0.03177257525083612
0 0.05157894736842105 0.28929765886287623 0.04105263157894737 0.03511705685618729
0 -0.0010526315789473684 0.4096989966555184 0.08315789473684211 0.1020066889632107
0 0.3757894736842105 0.43478260869565216 0.12526315789473685 0.06688963210702341
0 0.828421052631579 0.459866220735786 0.12947368421052632 0.08862876254180602
0 0.8789473684210526 0.5150501672240803 0.11578947368421053 0.08528428093645485
