0 0.5810526315789474 0.7224080267558528 0.19473684210526315 0.13210702341137123
0 0.36947368421052634 0.8595317725752508 0.21052631578947367 0.1354515050167224
0 0.031578947368421054 0.15551839464882944 0.04631578947368421 0.021739130434782608
0 0.010526315789473684 0.2408026755852843 0.03368421052631579 0.033444816053511704
0 0.06736842105263158 0.24414715719063546 0.03368421052631579 0.030100334448160536
0 0.007368421052631579 0.40301003344481606 0.08 0.06856187290969899
0 0.37684210526315787 0.43478260869565216 0.12421052631578948 0.06688963210702341
0 0.828421052631579 0.459866220735786 0.13052631578947368 0.08862876254180602
0 0.8789473684210526 0.5150501672240803 0.11578947368421053 0.08528428093645485
0 0.0 0.8929765886287625 0.11157894736842106 0.10535117056856187
