0 0.3863157894736842 0.7207357859531772 0.18842105263157893 0.11538461538461539
0 0.03263157894736842 0.15551839464882944 0.04421052631578947 0.021739130434782608
0 0.016842105263157894 0.225752508361204 0.02736842105263158 0.028428093645484948
0 0.07052631578947369 0.23076923076923078 0.029473684210526315 0.02508361204013378
0 0.06526315789473684 0.2391304347826087 0.034736842105263156 0.03511705685618729
0 0.06 0.2625418060200669 0.035789473684210524 0.03678929765886288
0 0.034736842105263156 0.3745819397993311 0.061052631578947365 0.08361204013377926
0 0.37684210526315787 0.43478260869565216 0.12421052631578948 0.06688963210702341
0 0.8273684210526315 0.46321070234113715 0.13157894736842105 0.08695652173913043
0 0.8789473684210526 0.5150501672240803 0.11473684210526315 0.08695652173913043
