0 0.3494736842105263 0.7224080267558528 0.19052631578947368 0.12040133779264214
0 0.16105263157894736 0.8678929765886287 0.22210526315789475 0.12374581939799331
0 0.03263157894736842 0.15384615384615385 0.0431578947368421 0.021739130434782608
0 0.017894736842105262 0.225752508361204 0.02736842105263158 0.026755852842809364
0 0.06947368421052631 0.22909698996655517 0.030526315789473683 0.026755852842809364
0 0.06526315789473684 0.2391304347826087 0.034736842105263156 0.03511705685618729
0 0.03684210526315789 0.3695652173913043 0.05789473684210526 0.0903010033444816
0 0.37684210526315787 0.43478260869565216 0.12421052631578948 0.06688963210702341
0 0.8273684210526315 0.46153846153846156 0.13157894736842105 0.08862876254180602
0 0.8789473684210526 0.5150501672240803 0.11473684210526315 0.08695652173913043
