0 0.4431578947368421 0.7274247491638796 0.2031578947368421 0.11705685618729098
0 0.03263157894736842 0.15551839464882944 0.0431578947368421 0.021739130434782608
0 0.014736842105263158 0.22909698996655517 0.029473684210526315 0.028428093645484948
0 0.07052631578947369 0.23411371237458195 0.028421052631578948 0.021739130434782608
0 0.06842105263157895 0.2408026755852843 0.03368421052631579 0.030100334448160536
0 0.05894736842105263 0.26588628762541805 0.035789473684210524 0.038461538461538464
0 0.022105263157894735 0.38294314381270905 0.07368421052631578 0.06521739130434782
0 0.3757894736842105 0.43478260869565216 0.12526315789473685 0.06688963210702341
0 0.8273684210526315 0.46153846153846156 0.13263157894736843 0.08862876254180602
0 0.8789473684210526 0.5150501672240803 0.11578947368421053 0.08695652173913043
