0 0.1968421052631579 0.7290969899665551 0.1968421052631579 0.10535117056856187
0 0.04631578947368421 0.8645484949832776 0.2231578947368421 0.13210702341137123
0 0.03263157894736842 0.15719063545150502 0.0431578947368421 0.020066889632107024
0 0.018947368421052633 0.21739130434782608 0.02736842105263158 0.028428093645484948
0 0.06842105263157895 0.22408026755852842 0.030526315789473683 0.028428093645484948
0 0.06526315789473684 0.24414715719063546 0.03263157894736842 0.033444816053511704
0 0.042105263157894736 0.3511705685618729 0.05473684210526316 0.07692307692307693
0 0.37684210526315787 0.43478260869565216 0.1231578947368421 0.06688963210702341
0 0.8273684210526315 0.46153846153846156 0.13157894736842105 0.08862876254180602
0 0.8789473684210526 0.5150501672240803 0.11473684210526315 0.08695652173913043
