0 0.32105263157894737 0.7140468227424749 0.18210526315789474 0.1254180602006689
0 0.1231578947368421 0.8545150501672241 0.2231578947368421 0.1354515050167224
0 0.03263157894736842 0.15384615384615385 0.0431578947368421 0.021739130434782608
0 0.016842105263157894 0.22408026755852842 0.02736842105263158 0.026755852842809364
0 0.07052631578947369 0.22909698996655517 0.029473684210526315 0.02508361204013378
0 0.06526315789473684 0.2391304347826087 0.034736842105263156 0.03511705685618729
0 0.04 0.362876254180602 0.05578947368421053 0.1020066889632107
0 0.37684210526315787 0.43478260869565216 0.1231578947368421 0.06688963210702341
0 0.8273684210526315 0.46153846153846156 0.13157894736842105 0.08862876254180602
0 0.8789473684210526 0.5150501672240803 0.11473684210526315 0.08695652173913043
