0 0.1631578947368421 0.7307692307692307 0.18842105263157893 0.10702341137123746
0 0.004210526315789474 0.8762541806020067 0.22421052631578947 0.12040133779264214
0 0.03368421052631579 0.15719063545150502 0.0431578947368421 0.020066889632107024
0 0.016842105263157894 0.21739130434782608 0.028421052631578948 0.030100334448160536
0 0.06842105263157895 0.22240802675585283 0.030526315789473683 0.028428093645484948
0 0.06421052631578947 0.24247491638795987 0.03368421052631579 0.03678929765886288
0 0.04421052631578947 0.342809364548495 0.05368421052631579 0.08862876254180602
0 0.37684210526315787 0.43478260869565216 0.1231578947368421 0.06688963210702341
0 0.8273684210526315 0.46153846153846156 0.13157894736842105 0.08862876254180602
0 0.8789473684210526 0.5133779264214047 0.11473684210526315 0.08862876254180602
0 0.9789473684210527 0.7307692307692307 0.018947368421052633 0.15719063545150502
