0 0.32105263157894737 0.7157190635451505 0.1831578947368421 0.12374581939799331
0 0.1231578947368421 0.8545150501672241 0.22 0.1354515050167224
0 0.03263157894736842 0.15719063545150502 0.0431578947368421 0.020066889632107024
0 0.016842105263157894 0.22240802675585283 0.02736842105263158 0.028428093645484948
0 0.06947368421052631 0.22909698996655517 0.029473684210526315 0.02508361204013378
0 0.06526315789473684 0.2408026755852843 0.034736842105263156 0.03511705685618729
0 0.04 0.362876254180602 0.05578947368421053 0.1020066889632107
0 0.37684210526315787 0.43478260869565216 0.1231578947368421 0.06688963210702341
0 0.8273684210526315 0.46321070234113715 0.13157894736842105 0.08695652173913043
0 0.8789473684210526 0.5150501672240803 0.11473684210526315 0.08695652173913043
