0 0.28526315789473683 0.7190635451505016 0.18526315789473685 0.12207357859531773
0 0.10105263157894737 0.8511705685618729 0.22 0.14046822742474915
0 0.03368421052631579 0.15719063545150502 0.042105263157894736 0.020066889632107024
0 0.016842105263157894 0.22073578595317725 0.02736842105263158 0.028428093645484948
0 0.06842105263157895 0.22742474916387959 0.030526315789473683 0.026755852842809364
0 0.06526315789473684 0.2408026755852843 0.03368421052631579 0.03678929765886288
0 0.03894736842105263 0.3612040133779264 0.05789473684210526 0.061872909698996656
0 0.37684210526315787 0.43478260869565216 0.1231578947368421 0.06688963210702341
0 0.8273684210526315 0.46153846153846156 0.13157894736842105 0.08862876254180602
0 0.8789473684210526 0.5150501672240803 0.11473684210526315 0.08695652173913043
