0 0.19789473684210526 0.7307692307692307 0.1957894736842105 0.10367892976588629
0 0.04631578947368421 0.8662207357859532 0.22210526315789475 0.13043478260869565
0 0.03263157894736842 0.15551839464882944 0.0431578947368421 0.021739130434782608
0 0.017894736842105262 0.21739130434782608 0.028421052631578948 0.028428093645484948
0 0.06842105263157895 0.22408026755852842 0.030526315789473683 0.028428093645484948
0 0.06421052631578947 0.24247491638795987 0.03368421052631579 0.03511705685618729
0 0.0431578947368421 0.3511705685618729 0.05473684210526316 0.07692307692307693
0 0.37684210526315787 0.43478260869565216 0.1231578947368421 0.06688963210702341
0 0.8273684210526315 0.46321070234113715 0.13157894736842105 0.08695652173913043
0 0.8789473684210526 0.5150501672240803 0.11473684210526315 0.08695652173913043
