0 0.12631578947368421 0.7274247491638796 0.19263157894736843 0.10702341137123746
0 0.009473684210526316 0.8695652173913043 0.19157894736842104 0.12374581939799331
0 0.03263157894736842 0.15719063545150502 0.04421052631578947 0.020066889632107024
0 0.016842105263157894 0.2157190635451505 0.030526315789473683 0.028428093645484948
0 0.06736842105263158 0.22240802675585283 0.030526315789473683 0.030100334448160536
0 0.06421052631578947 0.2408026755852843 0.03368421052631579 0.03678929765886288
0 0.04631578947368421 0.3394648829431438 0.05157894736842105 0.09197324414715718
0 0.37684210526315787 0.43478260869565216 0.1231578947368421 0.06521739130434782
0 0.8273684210526315 0.46153846153846156 0.13157894736842105 0.08862876254180602
0 0.8789473684210526 0.5133779264214047 0.11473684210526315 0.08862876254180602
