0 0.037894736842105266 0.7240802675585284 0.20526315789473684 0.12040133779264214
0 0.9031578947368422 0.7357859531772575 0.0968421052631579 0.18729096989966554
0 0.003157894736842105 0.8595317725752508 0.1368421052631579 0.13043478260869565
0 0.03263157894736842 0.15551839464882944 0.04421052631578947 0.021739130434782608
0 0.015789473684210527 0.205685618729097 0.028421052631578948 0.02508361204013378
0 0.017894736842105262 0.2140468227424749 0.029473684210526315 0.030100334448160536
0 0.06736842105263158 0.21906354515050167 0.031578947368421054 0.028428093645484948
0 0.06315789473684211 0.2391304347826087 0.03368421052631579 0.03678929765886288
0 0.045263157894736845 0.3294314381270903 0.05157894736842105 0.07190635451505016
0 0.37684210526315787 0.43478260869565216 0.1231578947368421 0.06521739130434782
0 0.8273684210526315 0.46153846153846156 0.13157894736842105 0.08862876254180602
0 0.8789473684210526 0.5150501672240803 0.11473684210526315 0.08695652173913043
