0 0.0863157894736842 0.7290969899665551 0.1936842105263158 0.10869565217391304
0 0.9252631578947368 0.7424749163879598 0.07263157894736842 0.1605351170568562
0 0.005263157894736842 0.8678929765886287 0.16631578947368422 0.11872909698996656
0 0.03263157894736842 0.15551839464882944 0.04421052631578947 0.021739130434782608
0 0.017894736842105262 0.21237458193979933 0.029473684210526315 0.03177257525083612
0 0.06736842105263158 0.22073578595317725 0.030526315789473683 0.030100334448160536
0 0.06421052631578947 0.2391304347826087 0.03263157894736842 0.038461538461538464
0 0.045263157894736845 0.33277591973244147 0.05263157894736842 0.09866220735785954
0 0.37684210526315787 0.43478260869565216 0.1231578947368421 0.06521739130434782
0 0.8273684210526315 0.46153846153846156 0.13157894736842105 0.08862876254180602
0 0.8789473684210526 0.5150501672240803 0.11473684210526315 0.08695652173913043
