0 -0.0010526315789473684 0.7274247491638796 0.16 0.11538461538461539
0 0.86 0.745819397993311 0.13894736842105262 0.15217391304347827
0 0.031578947368421054 0.15719063545150502 0.045263157894736845 0.020066889632107024
0 0.018947368421052633 0.205685618729097 0.02736842105263158 0.023411371237458192
0 0.06631578947368422 0.21906354515050167 0.031578947368421054 0.030100334448160536
0 0.06526315789473684 0.23745819397993312 0.031578947368421054 0.04013377926421405
0 0.04631578947368421 0.32608695652173914 0.05052631578947368 0.07525083612040134
0 0.37684210526315787 0.43478260869565216 0.1231578947368421 0.06521739130434782
0 0.8273684210526315 0.46153846153846156 0.13157894736842105 0.08862876254180602
0 0.8789473684210526 0.5150501672240803 0.11473684210526315 0.08695652173913043
