0 -0.002105263157894737 0.7040133779264214 0.08105263157894736 0.1505016722408027
0 0.8031578947368421 0.7558528428093646 0.18526315789473685 0.14046822742474915
0 0.03263157894736842 0.15719063545150502 0.04421052631578947 0.020066889632107024
0 0.016842105263157894 0.20066889632107024 0.02631578947368421 0.02508361204013378
0 0.06631578947368422 0.21906354515050167 0.030526315789473683 0.033444816053511704
0 0.04842105263157895 0.3210702341137124 0.04842105263157895 0.07023411371237458
0 0.37684210526315787 0.43645484949832775 0.1231578947368421 0.06354515050167224
0 0.828421052631579 0.46153846153846156 0.13052631578947368 0.08862876254180602
0 0.8789473684210526 0.5150501672240803 0.11473684210526315 0.08695652173913043
0 0.17157894736842105 0.6003344481605352 0.11894736842105263 0.06020066889632107
