0 0.07789473684210527 0.47324414715719065 0.3136842105263158 0.17224080267558528
0 0.9189473684210526 0.7240802675585284 0.08105263157894736 0.21237458193979933
0 0.030526315789473683 0.15551839464882944 0.04736842105263158 0.021739130434782608
0 0.18842105263157893 0.15719063545150502 0.05789473684210526 0.051839464882943144
0 0.007368421052631579 0.3210702341137124 0.03894736842105263 0.038461538461538464
0 0.11052631578947368 0.36454849498327757 0.06736842105263158 0.06354515050167224
0 0.37894736842105264 0.4331103678929766 0.1231578947368421 0.06856187290969899
0 0.9084210526315789 0.4665551839464883 0.08842105263157894 0.07692307692307693
0 0.7947368421052632 0.5384615384615384 0.13789473684210526 0.08695652173913043
0 0.5810526315789474 0.560200668896321 0.14105263157894737 0.09364548494983277
