0 0.010526315789473684 0.42642140468227424 0.26526315789473687 0.205685618729097
0 0.6273684210526316 0.7926421404682275 0.2336842105263158 0.14381270903010032
0 0.030526315789473683 0.15384615384615385 0.04736842105263158 0.023411371237458192
0 0.007368421052631579 0.2909698996655518 0.03684210526315789 0.03511705685618729
0 0.07368421052631578 0.3294314381270903 0.05473684210526316 0.05351170568561873
0 0.3778947368421053 0.43478260869565216 0.12421052631578948 0.06688963210702341
0 0.8547368421052631 0.4765886287625418 0.1231578947368421 0.07859531772575251
0 0.6926315789473684 0.5501672240802675 0.14421052631578948 0.08361204013377926
0 0.4694736842105263 0.5618729096989966 0.1336842105263158 0.08528428093645485
0 0.29894736842105263 0.7240802675585284 0.04 0.0802675585284281
