0 0.01263157894736842 0.42642140468227424 0.24736842105263157 0.2040133779264214
0 0.44526315789473686 0.5484949832775919 0.1631578947368421 0.10869565217391304
0 0.6021052631578947 0.7926421404682275 0.21789473684210525 0.1505016722408027
0 0.031578947368421054 0.15551839464882944 0.045263157894736845 0.021739130434782608
0 0.008421052631578947 0.28929765886287623 0.037894736842105266 0.04013377926421405
0 0.07052631578947369 0.32274247491638797 0.05157894736842105 0.043478260869565216
0 0.3778947368421053 0.4331103678929766 0.1231578947368421 0.06856187290969899
0 0.8494736842105263 0.4782608695652174 0.12526315789473685 0.07859531772575251
0 0.6810526315789474 0.5501672240802675 0.14210526315789473 0.08528428093645485
0 0.28526315789473683 0.7207357859531772 0.042105263157894736 0.08193979933110368
