0 0.00631578947368421 0.38461538461538464 0.16526315789473683 0.20234113712374582
0 0.32 0.7892976588628763 0.19052631578947368 0.16220735785953178
0 0.030526315789473683 0.15384615384615385 0.04631578947368421 0.021739130434782608
0 0.014736842105263158 0.2591973244147157 0.03263157894736842 0.04180602006688963
0 0.06421052631578947 0.29264214046822745 0.03684210526315789 0.04013377926421405
0 0.3778947368421053 0.43478260869565216 0.12526315789473685 0.07023411371237458
0 0.7736842105263158 0.5016722408026756 0.13263157894736843 0.07357859531772576
0 0.3336842105263158 0.5418060200668896 0.13789473684210526 0.08862876254180602
0 0.5621052631578948 0.5635451505016722 0.13263157894736843 0.07692307692307693
0 0.18210526315789474 0.6304347826086957 0.023157894736842106 0.06354515050167224
