0 -0.002105263157894737 0.3695652173913043 0.13157894736842105 0.1806020066889632
0 0.1368421052631579 0.7809364548494984 0.20421052631578948 0.11872909698996656
0 0.030526315789473683 0.15551839464882944 0.045263157894736845 0.021739130434782608
0 0.017894736842105262 0.24581939799331104 0.031578947368421054 0.03177257525083612
0 0.05789473684210526 0.27424749163879597 0.04105263157894737 0.038461538461538464
0 0.37894736842105264 0.43478260869565216 0.12105263157894737 0.07023411371237458
0 0.988421052631579 0.5016722408026756 0.010526315789473684 0.07692307692307693
0 0.27052631578947367 0.5250836120401338 0.13473684210526315 0.08695652173913043
0 0.49157894736842106 0.5618729096989966 0.12210526315789473 0.07859531772575251
0 0.1168421052631579 0.6086956521739131 0.028421052631578948 0.061872909698996656
