0 -0.003157894736842105 0.36622073578595316 0.12526315789473685 0.1806020066889632
0 0.25263157894736843 0.5050167224080268 0.1368421052631579 0.12876254180602006
0 0.11473684210526315 0.7809364548494984 0.19052631578947368 0.10702341137123746
0 0.031578947368421054 0.15551839464882944 0.04421052631578947 0.021739130434782608
0 0.017894736842105262 0.24414715719063546 0.031578947368421054 0.03177257525083612
0 0.05789473684210526 0.2709030100334448 0.04 0.03678929765886288
0 0.37894736842105264 0.43478260869565216 0.12105263157894737 0.07023411371237458
0 0.9757894736842105 0.4866220735785953 0.024210526315789474 0.1020066889632107
0 0.4663157894736842 0.560200668896321 0.13473684210526315 0.08193979933110368
0 0.10947368421052632 0.6036789297658863 0.02526315789473684 0.06521739130434782
