0 0.0 0.34448160535117056 0.09263157894736843 0.17224080267558528
0 0.21894736842105264 0.5 0.10842105263157895 0.12207357859531773
0 0.007368421052631579 0.7809364548494984 0.1705263157894737 0.11705685618729098
0 0.031578947368421054 0.15551839464882944 0.04421052631578947 0.021739130434782608
0 0.18947368421052632 0.15719063545150502 0.056842105263157895 0.05351170568561873
0 0.02 0.23411371237458195 0.029473684210526315 0.021739130434782608
0 0.05578947368421053 0.2625418060200669 0.04105263157894737 0.033444816053511704
0 0.37894736842105264 0.4331103678929766 0.12210526315789473 0.07190635451505016
0 0.9410526315789474 0.4816053511705686 0.06210526315789474 0.11872909698996656
0 0.41578947368421054 0.5451505016722408 0.12421052631578948 0.08528428093645485
0 0.06631578947368422 0.5852842809364549 0.024210526315789474 0.06521739130434782
