0 -0.002105263157894737 0.36789297658862874 0.11473684210526315 0.17224080267558528
0 0.07473684210526316 0.774247491638796 0.19789473684210526 0.12040133779264214
0 0.031578947368421054 0.15551839464882944 0.04421052631578947 0.021739130434782608
0 0.018947368421052633 0.24247491638795987 0.031578947368421054 0.03177257525083612
0 0.05789473684210526 0.2692307692307692 0.04 0.03678929765886288
0 0.37894736842105264 0.43478260869565216 0.12210526315789473 0.07023411371237458
0 0.9705263157894737 0.4899665551839465 0.029473684210526315 0.09866220735785954
0 0.24421052631578946 0.5183946488294314 0.13052631578947368 0.10033444816053512
0 0.45263157894736844 0.5484949832775919 0.13473684210526315 0.0903010033444816
0 0.09789473684210526 0.5986622073578596 0.02631578947368421 0.06521739130434782
