0 -0.002105263157894737 0.3695652173913043 0.11578947368421053 0.1705685618729097
0 0.07473684210526316 0.7759197324414716 0.2 0.12040133779264214
0 0.031578947368421054 0.15551839464882944 0.04421052631578947 0.021739130434782608
0 0.018947368421052633 0.24247491638795987 0.031578947368421054 0.03177257525083612
0 0.05789473684210526 0.2692307692307692 0.04 0.03511705685618729
0 0.37894736842105264 0.43478260869565216 0.12210526315789473 0.07023411371237458
0 0.9705263157894737 0.4916387959866221 0.029473684210526315 0.09698996655518395
0 0.2431578947368421 0.5183946488294314 0.13157894736842105 0.10033444816053512
0 0.4515789473684211 0.5484949832775919 0.13578947368421052 0.0903010033444816
0 0.09894736842105263 0.5986622073578596 0.02631578947368421 0.06521739130434782
