0 -0.003157894736842105 0.3494983277591973 0.10105263157894737 0.17391304347826086
0 0.011578947368421053 0.7792642140468228 0.21263157894736842 0.11705685618729098
0 0.031578947368421054 0.15719063545150502 0.04421052631578947 0.020066889632107024
0 0.02 0.2391304347826087 0.030526315789473683 0.030100334448160536
0 0.056842105263157895 0.26588628762541805 0.04105263157894737 0.033444816053511704
0 0.3778947368421053 0.43478260869565216 0.1231578947368421 0.07023411371237458
0 0.9589473684210527 0.4882943143812709 0.03894736842105263 0.10535117056856187
0 0.22736842105263158 0.5150501672240803 0.11473684210526315 0.09531772575250837
0 0.42105263157894735 0.5434782608695652 0.13578947368421052 0.09531772575250837
0 0.07789473684210527 0.5986622073578596 0.02526315789473684 0.06354515050167224
