0 0.0010526315789473684 0.3411371237458194 0.08526315789473685 0.1688963210702341
0 0.21368421052631578 0.4983277591973244 0.10421052631578948 0.12374581939799331
0 0.002105263157894737 0.7642140468227425 0.14210526315789473 0.13210702341137123
0 0.031578947368421054 0.15719063545150502 0.0431578947368421 0.020066889632107024
0 0.18947368421052632 0.15719063545150502 0.05578947368421053 0.05351170568561873
0 0.02 0.22909698996655517 0.029473684210526315 0.02508361204013378
0 0.056842105263157895 0.2591973244147157 0.04 0.03511705685618729
0 0.37894736842105264 0.4331103678929766 0.12210526315789473 0.07357859531772576
0 0.9326315789473684 0.4866220735785953 0.07263157894736842 0.11371237458193979
0 0.3957894736842105 0.540133779264214 0.12526315789473685 0.08862876254180602
