0 0.0 0.34448160535117056 0.09263157894736843 0.17224080267558528
0 0.008421052631578947 0.7809364548494984 0.1705263157894737 0.11705685618729098
0 0.031578947368421054 0.15551839464882944 0.0431578947368421 0.021739130434782608
0 0.18947368421052632 0.15719063545150502 0.056842105263157895 0.05351170568561873
0 0.02 0.23244147157190637 0.028421052631578948 0.021739130434782608
0 0.021052631578947368 0.2391304347826087 0.029473684210526315 0.030100334448160536
0 0.056842105263157895 0.2608695652173913 0.04105263157894737 0.03511705685618729
0 0.37894736842105264 0.4331103678929766 0.12210526315789473 0.07190635451505016
0 0.21368421052631578 0.5083612040133779 0.11578947368421053 0.1020066889632107
0 0.9421052631578948 0.5066889632107023 0.05789473684210526 0.09698996655518395
0 0.41578947368421054 0.5451505016722408 0.12421052631578948 0.08528428093645485
0 0.06631578947368422 0.5852842809364549 0.024210526315789474 0.06521739130434782
