0 -0.003157894736842105 0.34782608695652173 0.10210526315789474 0.17725752508361203
0 0.009473684210526316 0.7792642140468228 0.21578947368421053 0.11705685618729098
0 0.031578947368421054 0.15551839464882944 0.0431578947368421 0.021739130434782608
0 0.18947368421052632 0.1588628762541806 0.056842105263157895 0.05351170568561873
0 0.018947368421052633 0.2391304347826087 0.030526315789473683 0.030100334448160536
0 0.056842105263157895 0.26588628762541805 0.04105263157894737 0.033444816053511704
0 0.3778947368421053 0.4331103678929766 0.12421052631578948 0.07190635451505016
0 0.96 0.4882943143812709 0.037894736842105266 0.10535117056856187
0 0.22736842105263158 0.5167224080267558 0.11473684210526315 0.09698996655518395
0 0.42105263157894735 0.5434782608695652 0.1368421052631579 0.09531772575250837
