0 -0.002105263157894737 0.7675585284280937 0.11578947368421053 0.13377926421404682
0 0.03263157894736842 0.15551839464882944 0.042105263157894736 0.020066889632107024
0 0.18947368421052632 0.15719063545150502 0.05578947368421053 0.05351170568561873
0 0.02 0.22909698996655517 0.028421052631578948 0.02508361204013378
0 0.06 0.2525083612040134 0.034736842105263156 0.028428093645484948
0 0.38 0.43478260869565216 0.12 0.07023411371237458
0 0.19473684210526315 0.5016722408026756 0.11578947368421053 0.08528428093645485
0 0.631578947368421 0.5183946488294314 0.15368421052631578 0.06856187290969899
0 0.9273684210526316 0.5083612040133779 0.07052631578947369 0.09197324414715718
0 0.38105263157894737 0.540133779264214 0.12631578947368421 0.0903010033444816
