0 -0.0010526315789473684 0.7692307692307693 0.08105263157894736 0.13712374581939799
0 0.03263157894736842 0.15384615384615385 0.042105263157894736 0.021739130434782608
0 0.18947368421052632 0.1588628762541806 0.05157894736842105 0.043478260869565216
0 0.02 0.22742474916387959 0.029473684210526315 0.026755852842809364
0 0.06 0.2491638795986622 0.035789473684210524 0.030100334448160536
0 0.38105263157894737 0.43478260869565216 0.11894736842105263 0.07023411371237458
0 0.18210526315789474 0.4983277591973244 0.11473684210526315 0.08862876254180602
0 0.6157894736842106 0.5167224080267558 0.1463157894736842 0.07190635451505016
0 0.9157894736842105 0.5050167224080268 0.08315789473684211 0.09866220735785954
0 0.37157894736842106 0.5418060200668896 0.12 0.08361204013377926
