0 0.3936842105263158 0.7140468227424749 0.16842105263157894 0.1488294314381271
0 0.010526315789473684 0.8478260869565217 0.23157894736842105 0.15551839464882944
0 0.031578947368421054 0.15384615384615385 0.05052631578947368 0.023411371237458192
0 0.18842105263157893 0.1588628762541806 0.05789473684210526 0.05351170568561873
0 0.0 0.3060200668896321 0.02631578947368421 0.05351170568561873
0 0.07157894736842105 0.3076923076923077 0.04 0.043478260869565216
0 0.002105263157894737 0.4197324414715719 0.08 0.07190635451505016
0 0.37473684210526315 0.43478260869565216 0.12631578947368421 0.06688963210702341
0 0.8273684210526315 0.4765886287625418 0.13157894736842105 0.0802675585284281
0 0.9305263157894736 0.4782608695652174 0.07473684210526316 0.11538461538461539
