0 0.92 0.45484949832775917 0.08 0.14214046822742474
0 0.34 0.7207357859531772 0.16736842105263158 0.13377926421404682
0 0.005263157894736842 0.8511705685618729 0.15157894736842106 0.13879598662207357
0 0.8231578947368421 0.8662207357859532 0.18 0.1254180602006689
0 0.030526315789473683 0.15384615384615385 0.05157894736842105 0.023411371237458192
0 0.18842105263157893 0.1588628762541806 0.05789473684210526 0.051839464882943144
0 0.07263157894736842 0.2976588628762542 0.03684210526315789 0.038461538461538464
0 0.0010526315789473684 0.4080267558528428 0.0863157894736842 0.06856187290969899
0 0.37473684210526315 0.43478260869565216 0.12631578947368421 0.06688963210702341
0 0.8273684210526315 0.4765886287625418 0.13157894736842105 0.0802675585284281
