0 0.9189473684210526 0.45484949832775917 0.08105263157894736 0.1454849498327759
0 0.2873684210526316 0.7140468227424749 0.17473684210526316 0.14715719063545152
0 0.9084210526315789 0.7408026755852842 0.08736842105263158 0.14046822742474915
0 -0.0010526315789473684 0.8377926421404682 0.08315789473684211 0.1488294314381271
0 0.7610526315789473 0.8678929765886287 0.21157894736842106 0.12876254180602006
0 0.031578947368421054 0.15384615384615385 0.05052631578947368 0.023411371237458192
0 0.18842105263157893 0.1588628762541806 0.05789473684210526 0.051839464882943144
0 -0.0010526315789473684 0.28762541806020064 0.031578947368421054 0.05351170568561873
0 0.07052631578947369 0.2909698996655518 0.03894736842105263 0.038461538461538464
0 0.00631578947368421 0.4013377926421405 0.08210526315789474 0.06688963210702341
0 0.37473684210526315 0.43478260869565216 0.12631578947368421 0.06688963210702341
0 0.828421052631579 0.4765886287625418 0.13052631578947368 0.0802675585284281
