0 0.9189473684210526 0.45484949832775917 0.08105263157894736 0.14214046822742474
0 0.23157894736842105 0.7157190635451505 0.1726315789473684 0.1505016722408027
0 0.8778947368421053 0.7408026755852842 0.12421052631578948 0.13712374581939799
0 0.7115789473684211 0.8662207357859532 0.19789473684210526 0.1254180602006689
0 0.031578947368421054 0.15384615384615385 0.05052631578947368 0.023411371237458192
0 0.18842105263157893 0.15719063545150502 0.05789473684210526 0.051839464882943144
0 0.07157894736842105 0.28595317725752506 0.04 0.04013377926421405
0 0.014736842105263158 0.3896321070234114 0.08 0.08193979933110368
0 0.37473684210526315 0.43478260869565216 0.12631578947368421 0.06521739130434782
0 0.8273684210526315 0.4765886287625418 0.13157894736842105 0.0802675585284281
