0 0.92 0.45484949832775917 0.08 0.14214046822742474
0 0.19473684210526315 0.717391304347826 0.1736842105263158 0.14381270903010032
0 0.8568421052631578 0.745819397993311 0.1431578947368421 0.12709030100334448
0 0.671578947368421 0.8678929765886287 0.2 0.12709030100334448
0 0.031578947368421054 0.15384615384615385 0.05052631578947368 0.023411371237458192
0 0.18842105263157893 0.15719063545150502 0.05789473684210526 0.051839464882943144
0 0.07157894736842105 0.2826086956521739 0.03894736842105263 0.04180602006688963
0 0.018947368421052633 0.38127090301003347 0.07473684210526316 0.07023411371237458
0 0.37473684210526315 0.43478260869565216 0.12631578947368421 0.06521739130434782
0 0.8273684210526315 0.4765886287625418 0.13157894736842105 0.0802675585284281
