0 0.9189473684210526 0.45484949832775917 0.08105263157894736 0.14214046822742474
0 0.17473684210526316 0.7140468227424749 0.1631578947368421 0.1505016722408027
0 0.8421052631578947 0.7474916387959866 0.15263157894736842 0.12040133779264214
0 0.628421052631579 0.8678929765886287 0.20526315789473684 0.1254180602006689
0 0.031578947368421054 0.15384615384615385 0.05052631578947368 0.023411371237458192
0 0.18842105263157893 0.15719063545150502 0.05789473684210526 0.051839464882943144
0 0.07052631578947369 0.2809364548494983 0.03894736842105263 0.043478260869565216
0 0.023157894736842106 0.3795986622073579 0.07157894736842105 0.07023411371237458
0 0.37473684210526315 0.43478260869565216 0.12631578947368421 0.06521739130434782
0 0.8273684210526315 0.4765886287625418 0.13263157894736843 0.0802675585284281
