0 0.9189473684210526 0.45484949832775917 0.08105263157894736 0.14214046822742474
0 0.13473684210526315 0.717391304347826 0.1736842105263158 0.13712374581939799
0 0.8252631578947368 0.7525083612040134 0.16105263157894736 0.11036789297658862
0 0.5852631578947368 0.8645484949832776 0.21578947368421053 0.1254180602006689
0 0.031578947368421054 0.15384615384615385 0.049473684210526316 0.023411371237458192
0 0.18842105263157893 0.15719063545150502 0.05789473684210526 0.051839464882943144
0 0.07157894736842105 0.27759197324414714 0.037894736842105266 0.033444816053511704
0 0.029473684210526315 0.3795986622073579 0.06631578947368422 0.07023411371237458
0 0.37473684210526315 0.43478260869565216 0.12526315789473685 0.06521739130434782
0 0.8273684210526315 0.4765886287625418 0.13263157894736843 0.0802675585284281
