0 0.9189473684210526 0.45484949832775917 0.08105263157894736 0.14214046822742474
0 0.1031578947368421 0.7157190635451505 0.1736842105263158 0.13712374581939799
0 0.7957894736842105 0.7474916387959866 0.1863157894736842 0.12207357859531773
0 0.5673684210526316 0.862876254180602 0.1863157894736842 0.12709030100334448
0 0.031578947368421054 0.15217391304347827 0.05052631578947368 0.023411371237458192
0 0.18842105263157893 0.15719063545150502 0.05789473684210526 0.051839464882943144
0 0.07157894736842105 0.27424749163879597 0.034736842105263156 0.030100334448160536
0 0.03263157894736842 0.3745819397993311 0.06421052631578947 0.07190635451505016
0 0.37473684210526315 0.43478260869565216 0.12526315789473685 0.06521739130434782
0 0.8273684210526315 0.4765886287625418 0.13263157894736843 0.0802675585284281
