0 0.9189473684210526 0.45484949832775917 0.08105263157894736 0.14214046822742474
0 0.1031578947368421 0.7140468227424749 0.1726315789473684 0.1354515050167224
0 0.7968421052631579 0.7474916387959866 0.1863157894736842 0.12207357859531773
0 0.5684210526315789 0.8612040133779264 0.18736842105263157 0.12709030100334448
0 0.031578947368421054 0.15217391304347827 0.049473684210526316 0.023411371237458192
0 0.18842105263157893 0.15719063545150502 0.05789473684210526 0.051839464882943144
0 0.07157894736842105 0.27424749163879597 0.034736842105263156 0.030100334448160536
0 0.03368421052631579 0.3745819397993311 0.06421052631578947 0.07023411371237458
0 0.37473684210526315 0.43478260869565216 0.12526315789473685 0.06521739130434782
0 0.8273684210526315 0.4765886287625418 0.13157894736842105 0.0802675585284281
