0 0.9189473684210526 0.45652173913043476 0.08105263157894736 0.14214046822742474
0 0.03263157894736842 0.7190635451505016 0.18736842105263157 0.13712374581939799
0 0.7684210526315789 0.7474916387959866 0.17157894736842105 0.12374581939799331
0 0.48947368421052634 0.862876254180602 0.19789473684210526 0.12709030100334448
0 0.03263157894736842 0.15384615384615385 0.04736842105263158 0.023411371237458192
0 0.005263157894736842 0.26588628762541805 0.02736842105263158 0.04180602006688963
0 0.07052631578947369 0.2692307692307692 0.03684210526315789 0.033444816053511704
0 0.03894736842105263 0.3595317725752508 0.061052631578947365 0.07023411371237458
0 0.37473684210526315 0.43478260869565216 0.12526315789473685 0.06521739130434782
0 0.8273684210526315 0.4765886287625418 0.13263157894736843 0.0802675585284281
