0 0.9189473684210526 0.45484949832775917 0.08105263157894736 0.14214046822742474
0 0.0 0.7207357859531772 0.18210526315789474 0.13210702341137123
0 0.7389473684210527 0.7441471571906354 0.18 0.13043478260869565
0 0.48 0.8578595317725752 0.16736842105263158 0.13210702341137123
0 0.03263157894736842 0.15384615384615385 0.04736842105263158 0.023411371237458192
0 0.005263157894736842 0.26421404682274247 0.02736842105263158 0.04013377926421405
0 0.07157894736842105 0.26588628762541805 0.03684210526315789 0.03511705685618729
0 0.04 0.35785953177257523 0.05894736842105263 0.07023411371237458
0 0.37473684210526315 0.43478260869565216 0.12631578947368421 0.06688963210702341
0 0.8273684210526315 0.4765886287625418 0.13263157894736843 0.0802675585284281
