0 0.9189473684210526 0.45652173913043476 0.08105263157894736 0.14214046822742474
0 0.0 0.7207357859531772 0.18210526315789474 0.13712374581939799
0 0.74 0.7441471571906354 0.17894736842105263 0.13043478260869565
0 0.48 0.8595317725752508 0.16842105263157894 0.13043478260869565
0 0.03368421052631579 0.15384615384615385 0.04631578947368421 0.023411371237458192
0 0.00631578947368421 0.26421404682274247 0.02736842105263158 0.04013377926421405
0 0.07157894736842105 0.26588628762541805 0.03684210526315789 0.03511705685618729
0 0.04 0.35785953177257523 0.05894736842105263 0.07023411371237458
0 0.37473684210526315 0.43478260869565216 0.12631578947368421 0.06688963210702341
0 0.8273684210526315 0.4765886287625418 0.13263157894736843 0.0802675585284281
