0 0.0010526315789473684 0.7140468227424749 0.15368421052631578 0.14214046822742474
0 0.7221052631578947 0.7474916387959866 0.17578947368421052 0.13210702341137123
0 0.4463157894736842 0.8561872909698997 0.16421052631578947 0.13210702341137123
0 0.03368421052631579 0.15384615384615385 0.04631578947368421 0.023411371237458192
0 0.00631578947368421 0.2608695652173913 0.02736842105263158 0.04180602006688963
0 0.07157894736842105 0.2625418060200669 0.03684210526315789 0.03511705685618729
0 0.042105263157894736 0.35618729096989965 0.05578947368421053 0.06856187290969899
0 0.37473684210526315 0.43478260869565216 0.12631578947368421 0.06521739130434782
0 0.8273684210526315 0.4765886287625418 0.13157894736842105 0.0802675585284281
0 0.9305263157894736 0.479933110367893 0.07578947368421053 0.11538461538461539
