0 0.9189473684210526 0.45484949832775917 0.08 0.14214046822742474
0 0.6021052631578947 0.7408026755852842 0.16526315789473683 0.1254180602006689
0 0.9126315789473685 0.7408026755852842 0.08210526315789474 0.13879598662207357
0 0.1726315789473684 0.8612040133779264 0.2063157894736842 0.13210702341137123
0 0.03263157894736842 0.15384615384615385 0.04736842105263158 0.021739130434782608
0 0.009473684210526316 0.24414715719063546 0.03368421052631579 0.03678929765886288
0 0.06947368421052631 0.24749163879598662 0.03263157894736842 0.030100334448160536
0 0.049473684210526316 0.33444816053511706 0.05157894736842105 0.06856187290969899
0 0.0 0.4080267558528428 0.07368421052631578 0.06521739130434782
0 0.37473684210526315 0.43478260869565216 0.12631578947368421 0.06688963210702341
0 0.8273684210526315 0.4765886287625418 0.13157894736842105 0.0802675585284281
