0 0.9189473684210526 0.45484949832775917 0.08 0.14214046822742474
0 0.5842105263157895 0.7408026755852842 0.15473684210526314 0.12374581939799331
0 0.8926315789473684 0.7441471571906354 0.10947368421052632 0.12207357859531773
0 0.12736842105263158 0.8612040133779264 0.20842105263157895 0.13377926421404682
0 0.03263157894736842 0.15384615384615385 0.04736842105263158 0.021739130434782608
0 0.010526315789473684 0.24247491638795987 0.03263157894736842 0.038461538461538464
0 0.06947368421052631 0.24581939799331104 0.03263157894736842 0.03177257525083612
0 0.05052631578947368 0.33277591973244147 0.05157894736842105 0.06856187290969899
0 0.0 0.40635451505016723 0.07473684210526316 0.061872909698996656
0 0.37473684210526315 0.43478260869565216 0.12631578947368421 0.06688963210702341
0 0.8273684210526315 0.4765886287625418 0.13157894736842105 0.0802675585284281
