0 0.5621052631578948 0.7391304347826086 0.16 0.13043478260869565
0 0.8768421052631579 0.7441471571906354 0.12736842105263158 0.12374581939799331
0 0.08105263157894736 0.8612040133779264 0.21263157894736842 0.13377926421404682
0 0.03263157894736842 0.15384615384615385 0.045263157894736845 0.021739130434782608
0 0.011578947368421053 0.24247491638795987 0.030526315789473683 0.03678929765886288
0 0.06842105263157895 0.24414715719063546 0.03263157894736842 0.033444816053511704
0 0.05157894736842105 0.3294314381270903 0.049473684210526316 0.06521739130434782
0 0.007368421052631579 0.4013377926421405 0.07263157894736842 0.06688963210702341
0 0.37473684210526315 0.43478260869565216 0.12526315789473685 0.06688963210702341
0 0.8273684210526315 0.4765886287625418 0.13157894736842105 0.0802675585284281
0 0.9305263157894736 0.4782608695652174 0.07473684210526316 0.11538461538461539
