0 0.5357894736842105 0.7240802675585284 0.16842105263157894 0.13210702341137123
0 0.8631578947368421 0.7441471571906354 0.13263157894736843 0.12207357859531773
0 0.03368421052631579 0.862876254180602 0.21368421052631578 0.13210702341137123
0 0.03263157894736842 0.15384615384615385 0.04631578947368421 0.021739130434782608
0 0.01368421052631579 0.23745819397993312 0.029473684210526315 0.038461538461538464
0 0.06947368421052631 0.2408026755852843 0.03263157894736842 0.03177257525083612
0 0.05263157894736842 0.3277591973244147 0.04842105263157895 0.06354515050167224
0 0.01263157894736842 0.3963210702341137 0.06947368421052631 0.06688963210702341
0 0.37473684210526315 0.43478260869565216 0.12526315789473685 0.06521739130434782
0 0.8273684210526315 0.4765886287625418 0.13263157894736843 0.0802675585284281
0 0.9305263157894736 0.4782608695652174 0.07578947368421053 0.11538461538461539
