0 0.5147368421052632 0.7357859531772575 0.1631578947368421 0.1354515050167224
0 0.8421052631578947 0.745819397993311 0.15473684210526314 0.12374581939799331
0 0.004210526315789474 0.8662207357859532 0.20210526315789473 0.12876254180602006
0 0.03263157894736842 0.15384615384615385 0.045263157894736845 0.021739130434782608
0 0.01263157894736842 0.23411371237458195 0.031578947368421054 0.043478260869565216
0 0.06842105263157895 0.2408026755852843 0.03263157894736842 0.03177257525083612
0 0.05263157894736842 0.3210702341137124 0.04842105263157895 0.06688963210702341
0 0.015789473684210527 0.39297658862876256 0.07263157894736842 0.07190635451505016
0 0.37473684210526315 0.43478260869565216 0.12526315789473685 0.06521739130434782
0 0.8273684210526315 0.4765886287625418 0.13157894736842105 0.0802675585284281
0 0.9305263157894736 0.4782608695652174 0.07473684210526316 0.11538461538461539
