0 0.5157894736842106 0.7391304347826086 0.16105263157894736 0.13043478260869565
0 0.8421052631578947 0.745819397993311 0.15473684210526314 0.12374581939799331
0 0.003157894736842105 0.8678929765886287 0.20421052631578948 0.12709030100334448
0 0.03263157894736842 0.15384615384615385 0.045263157894736845 0.021739130434782608
0 0.01263157894736842 0.23411371237458195 0.030526315789473683 0.043478260869565216
0 0.06842105263157895 0.2391304347826087 0.03263157894736842 0.03177257525083612
0 0.05263157894736842 0.3210702341137124 0.04842105263157895 0.06688963210702341
0 0.015789473684210527 0.39297658862876256 0.07263157894736842 0.07190635451505016
0 0.3757894736842105 0.43478260869565216 0.12421052631578948 0.06521739130434782
0 0.8273684210526315 0.4765886287625418 0.13157894736842105 0.0802675585284281
0 0.9305263157894736 0.4782608695652174 0.07473684210526316 0.11538461538461539
