0 0.4968421052631579 0.7224080267558528 0.16210526315789472 0.13377926421404682
0 0.82 0.7525083612040134 0.1694736842105263 0.11371237458193979
0 0.004210526315789474 0.8595317725752508 0.15578947368421053 0.13043478260869565
0 0.03263157894736842 0.15384615384615385 0.045263157894736845 0.021739130434782608
0 0.01368421052631579 0.23411371237458195 0.030526315789473683 0.04180602006688963
0 0.06947368421052631 0.2391304347826087 0.031578947368421054 0.030100334448160536
0 0.05473684210526316 0.3193979933110368 0.045263157894736845 0.043478260869565216
0 0.021052631578947368 0.3896321070234114 0.06526315789473684 0.05852842809364549
0 0.3757894736842105 0.43478260869565216 0.12421052631578948 0.06521739130434782
0 0.8273684210526315 0.4765886287625418 0.13157894736842105 0.0802675585284281
0 0.9305263157894736 0.4782608695652174 0.07473684210526316 0.11538461538461539
