0 0.92 0.45484949832775917 0.07894736842105263 0.14381270903010032
0 0.32421052631578945 0.7224080267558528 0.1631578947368421 0.13043478260869565
0 0.6547368421052632 0.7491638795986622 0.1831578947368421 0.11204013377926421
0 0.03263157894736842 0.15551839464882944 0.04631578947368421 0.021739130434782608
0 0.018947368421052633 0.21906354515050167 0.02736842105263158 0.033444816053511704
0 0.06842105263157895 0.22240802675585283 0.029473684210526315 0.026755852842809364
0 0.05894736842105263 0.2909698996655518 0.04 0.038461538461538464
0 0.04736842105263158 0.3528428093645485 0.04842105263157895 0.06856187290969899
0 0.3736842105263158 0.43478260869565216 0.12736842105263158 0.06688963210702341
0 0.828421052631579 0.4765886287625418 0.13052631578947368 0.07859531772575251
