0 -0.008421052631578947 0.3996655518394649 0.23578947368421052 0.22240802675585283
0 0.5473684210526316 0.4983277591973244 0.16 0.11036789297658862
0 0.7421052631578947 0.4983277591973244 0.16421052631578947 0.12040133779264214
0 0.030526315789473683 0.15217391304347827 0.045263157894736845 0.02508361204013378
0 0.04842105263157895 0.2993311036789298 0.035789473684210524 0.03511705685618729
0 0.15789473684210525 0.4080267558528428 0.07263157894736842 0.06020066889632107
0 0.37684210526315787 0.431438127090301 0.12631578947368421 0.07190635451505016
0 0.9652631578947368 0.41304347826086957 0.03263157894736842 0.0903010033444816
0 0.2305263157894737 0.49665551839464883 0.09157894736842105 0.07190635451505016
0 0.38 0.540133779264214 0.12736842105263158 0.08528428093645485
