0 -0.008421052631578947 0.4013377926421405 0.23684210526315788 0.22073578595317725
0 0.5452631578947369 0.48327759197324416 0.16210526315789472 0.11538461538461539
0 0.7410526315789474 0.5 0.1631578947368421 0.12040133779264214
0 0.030526315789473683 0.1505016722408027 0.04631578947368421 0.02508361204013378
0 0.04842105263157895 0.3010033444816054 0.035789473684210524 0.03511705685618729
0 0.15789473684210525 0.40635451505016723 0.07263157894736842 0.061872909698996656
0 0.3757894736842105 0.4331103678929766 0.12736842105263158 0.07190635451505016
0 0.9652631578947368 0.411371237458194 0.03263157894736842 0.09197324414715718
0 0.23157894736842105 0.49665551839464883 0.09052631578947369 0.07357859531772576
0 0.38 0.540133779264214 0.12842105263157894 0.08528428093645485
