0 -0.003157894736842105 0.3996655518394649 0.1957894736842105 0.21070234113712374
0 0.708421052631579 0.5050167224080268 0.16210526315789472 0.11371237458193979
0 0.030526315789473683 0.15217391304347827 0.04842105263157895 0.02508361204013378
0 0.04421052631578947 0.2959866220735786 0.037894736842105266 0.038461538461538464
0 0.13263157894736843 0.39464882943143814 0.07052631578947369 0.06688963210702341
0 0.37684210526315787 0.431438127090301 0.12631578947368421 0.07190635451505016
0 0.9578947368421052 0.41304347826086957 0.04 0.09866220735785954
0 0.2 0.48327759197324416 0.10210526315789474 0.09531772575250837
0 0.5305263157894737 0.5 0.1463157894736842 0.08528428093645485
0 0.3505263157894737 0.540133779264214 0.12736842105263158 0.08361204013377926
