0 0.0010526315789473684 0.3779264214046823 0.15789473684210525 0.20735785953177258
0 0.4831578947368421 0.47491638795986624 0.17157894736842105 0.11036789297658862
0 0.6536842105263158 0.5117056856187291 0.16736842105263158 0.12207357859531773
0 0.029473684210526315 0.15217391304347827 0.049473684210526316 0.02508361204013378
0 0.18842105263157893 0.15551839464882944 0.05789473684210526 0.05518394648829431
0 0.037894736842105266 0.2826086956521739 0.04105263157894737 0.048494983277591976
0 0.10736842105263159 0.3779264214046823 0.06526315789473684 0.06020066889632107
0 0.3757894736842105 0.431438127090301 0.12736842105263158 0.07357859531772576
0 0.9284210526315789 0.43812709030100333 0.07157894736842105 0.09364548494983277
0 0.1736842105263158 0.47491638795986624 0.10526315789473684 0.08862876254180602
0 0.31894736842105265 0.5250836120401338 0.12526315789473685 0.08862876254180602
0 0.9568421052631579 0.5100334448160535 0.042105263157894736 0.10033444816053512
