0 0.002105263157894737 0.40301003344481606 0.17894736842105263 0.20234113712374582
0 0.6736842105263158 0.5016722408026756 0.1694736842105263 0.1254180602006689
0 0.029473684210526315 0.15384615384615385 0.049473684210526316 0.023411371237458192
0 0.18842105263157893 0.15719063545150502 0.05789473684210526 0.05351170568561873
0 0.04105263157894737 0.2909698996655518 0.04 0.04180602006688963
0 0.11894736842105263 0.38127090301003347 0.06736842105263158 0.06856187290969899
0 0.3757894736842105 0.4331103678929766 0.12736842105263158 0.07023411371237458
0 0.9368421052631579 0.43812709030100333 0.06210526315789474 0.08528428093645485
0 0.18210526315789474 0.4782608695652174 0.1031578947368421 0.08361204013377926
0 0.5105263157894737 0.49331103678929766 0.14736842105263157 0.08862876254180602
0 0.9726315789473684 0.5016722408026756 0.02736842105263158 0.11204013377926421
0 0.33157894736842103 0.5334448160535117 0.12736842105263158 0.09197324414715718
