0 0.007368421052631579 0.38127090301003347 0.16421052631578947 0.2140468227424749
0 0.48947368421052634 0.48494983277591974 0.17473684210526316 0.1020066889632107
0 0.6621052631578948 0.5117056856187291 0.16631578947368422 0.11705685618729098
0 0.030526315789473683 0.15384615384615385 0.04842105263157895 0.023411371237458192
0 0.18842105263157893 0.15719063545150502 0.05789473684210526 0.05351170568561873
0 0.04 0.28762541806020064 0.04 0.0451505016722408
0 0.11368421052631579 0.3795986622073579 0.06526315789473684 0.061872909698996656
0 0.3757894736842105 0.431438127090301 0.12736842105263158 0.07190635451505016
0 0.9305263157894736 0.43478260869565216 0.06842105263157895 0.09197324414715718
0 0.17684210526315788 0.4765886287625418 0.10210526315789474 0.08695652173913043
0 0.9652631578947368 0.5133779264214047 0.034736842105263156 0.09197324414715718
0 0.32842105263157895 0.5351170568561873 0.11894736842105263 0.08528428093645485
