0 -0.0010526315789473684 0.4013377926421405 0.19052631578947368 0.20735785953177258
0 0.6915789473684211 0.5066889632107023 0.16736842105263158 0.11371237458193979
0 0.029473684210526315 0.15217391304347827 0.049473684210526316 0.02508361204013378
0 0.0431578947368421 0.29431438127090304 0.037894736842105266 0.038461538461538464
0 0.9284210526315789 0.29431438127090304 0.05894736842105263 0.038461538461538464
0 0.12210526315789473 0.3879598662207358 0.07473684210526316 0.06688963210702341
0 0.3757894736842105 0.431438127090301 0.12736842105263158 0.07190635451505016
0 0.9442105263157895 0.4414715719063545 0.05578947368421053 0.07859531772575251
0 0.18947368421052632 0.4782608695652174 0.10842105263157895 0.1020066889632107
0 0.52 0.49665551839464883 0.14421052631578948 0.08528428093645485
0 0.34421052631578947 0.540133779264214 0.12421052631578948 0.08193979933110368
