0 -0.007368421052631579 0.3612040133779264 0.14421052631578948 0.20066889632107024
0 0.46210526315789474 0.47324414715719065 0.13894736842105262 0.11872909698996656
0 0.6073684210526316 0.5217391304347826 0.16736842105263158 0.11371237458193979
0 0.029473684210526315 0.15384615384615385 0.049473684210526316 0.023411371237458192
0 0.18842105263157893 0.15719063545150502 0.05789473684210526 0.05518394648829431
0 0.03684210526315789 0.27424749163879597 0.034736842105263156 0.038461538461538464
0 0.9642105263157895 0.3060200668896321 0.03263157894736842 0.05351170568561873
0 0.09052631578947369 0.3612040133779264 0.06210526315789474 0.05852842809364549
0 0.3778947368421053 0.431438127090301 0.12210526315789473 0.07357859531772576
0 0.9010526315789473 0.44648829431438125 0.08842105263157894 0.09364548494983277
0 0.16 0.4665551839464883 0.09894736842105263 0.09866220735785954
0 0.6694736842105263 0.5016722408026756 0.13473684210526315 0.0802675585284281
0 0.2926315789473684 0.5234113712374582 0.13157894736842105 0.08361204013377926
0 0.9273684210526316 0.5133779264214047 0.07263157894736842 0.09866220735785954
