0 -0.008421052631578947 0.35785953177257523 0.13263157894736843 0.19899665551839466
0 0.44 0.47157190635451507 0.14842105263157895 0.11872909698996656
0 0.58 0.5250836120401338 0.17578947368421052 0.11371237458193979
0 0.030526315789473683 0.15217391304347827 0.04842105263157895 0.02508361204013378
0 0.1863157894736842 0.15551839464882944 0.05894736842105263 0.05518394648829431
0 0.035789473684210524 0.2709030100334448 0.03684210526315789 0.04013377926421405
0 0.9694736842105263 0.3076923076923077 0.029473684210526315 0.051839464882943144
0 0.08105263157894736 0.3528428093645485 0.06210526315789474 0.061872909698996656
0 0.37684210526315787 0.4297658862876254 0.12421052631578948 0.07692307692307693
0 0.14947368421052631 0.46321070234113715 0.10210526315789474 0.1020066889632107
0 0.8778947368421053 0.45819397993311034 0.11578947368421053 0.0903010033444816
0 0.6484210526315789 0.5016722408026756 0.13473684210526315 0.07859531772575251
0 0.27789473684210525 0.5183946488294314 0.12421052631578948 0.08695652173913043
0 0.9052631578947369 0.5167224080267558 0.09473684210526316 0.1020066889632107
