0 -0.004210526315789474 0.36454849498327757 0.1463157894736842 0.20234113712374582
0 0.4726315789473684 0.4782608695652174 0.14 0.10702341137123746
0 0.6231578947368421 0.5117056856187291 0.17157894736842105 0.11705685618729098
0 0.030526315789473683 0.15217391304347827 0.05052631578947368 0.02508361204013378
0 0.18842105263157893 0.15719063545150502 0.05789473684210526 0.05518394648829431
0 0.03684210526315789 0.27759197324414714 0.03684210526315789 0.05016722408026756
0 0.9652631578947368 0.3060200668896321 0.031578947368421054 0.048494983277591976
0 0.09894736842105263 0.36622073578595316 0.061052631578947365 0.056856187290969896
0 0.37684210526315787 0.431438127090301 0.12421052631578948 0.07525083612040134
0 0.9084210526315789 0.4431438127090301 0.08842105263157894 0.0903010033444816
0 0.1631578947368421 0.4698996655518395 0.10105263157894737 0.09531772575250837
0 0.7042105263157895 0.5 0.10947368421052632 0.0802675585284281
0 0.29789473684210527 0.5250836120401338 0.1336842105263158 0.08528428093645485
0 0.9326315789473684 0.5133779264214047 0.07052631578947369 0.10367892976588629
