0 -0.007368421052631579 0.3612040133779264 0.13789473684210526 0.19732441471571907
0 0.5926315789473684 0.520066889632107 0.17894736842105263 0.11538461538461539
0 0.029473684210526315 0.15217391304347827 0.049473684210526316 0.02508361204013378
0 0.18736842105263157 0.15551839464882944 0.05894736842105263 0.05518394648829431
0 0.035789473684210524 0.2725752508361204 0.03684210526315789 0.04013377926421405
0 0.968421052631579 0.3076923076923077 0.029473684210526315 0.051839464882943144
0 0.08736842105263158 0.35785953177257523 0.06315789473684211 0.061872909698996656
0 0.37684210526315787 0.4297658862876254 0.12421052631578948 0.07525083612040134
0 0.891578947368421 0.44481605351170567 0.10105263157894737 0.09698996655518395
0 0.15263157894736842 0.4665551839464883 0.10210526315789474 0.09866220735785954
0 0.44842105263157894 0.4866220735785953 0.13894736842105262 0.08862876254180602
0 0.2905263157894737 0.520066889632107 0.1231578947368421 0.08361204013377926
0 0.9147368421052632 0.5167224080267558 0.08736842105263158 0.1020066889632107
