0 0.031578947368421054 0.15384615384615385 0.045263157894736845 0.023411371237458192
0 0.1863157894736842 0.15719063545150502 0.06 0.05351170568561873
0 0.031578947368421054 0.2625418060200669 0.03894736842105263 0.038461538461538464
0 0.06947368421052631 0.33444816053511706 0.05473684210526316 0.06354515050167224
0 0.37684210526315787 0.4331103678929766 0.1168421052631579 0.06521739130434782
0 0.12842105263157894 0.4498327759197324 0.09368421052631579 0.11204013377926421
0 0.8315789473684211 0.4682274247491639 0.11578947368421053 0.08361204013377926
0 0.3957894736842105 0.48327759197324416 0.14105263157894737 0.0903010033444816
0 0.6263157894736842 0.5050167224080268 0.10210526315789474 0.07859531772575251
0 0.2463157894736842 0.5117056856187291 0.12105263157894737 0.08695652173913043
0 0.5136842105263157 0.5418060200668896 0.14736842105263157 0.09197324414715718
0 0.848421052631579 0.5334448160535117 0.13789473684210526 0.0903010033444816
