0 0.49157894736842106 0.5384615384615384 0.16736842105263158 0.09866220735785954
0 0.03263157894736842 0.15384615384615385 0.04421052631578947 0.023411371237458192
0 0.18736842105263157 0.15719063545150502 0.05894736842105263 0.05351170568561873
0 0.03263157894736842 0.2591973244147157 0.03684210526315789 0.04013377926421405
0 0.06736842105263158 0.3311036789297659 0.05368421052631579 0.061872909698996656
0 0.3778947368421053 0.431438127090301 0.1168421052631579 0.07023411371237458
0 0.12631578947368421 0.451505016722408 0.08842105263157894 0.08193979933110368
0 0.3894736842105263 0.47324414715719065 0.1336842105263158 0.0903010033444816
0 0.8326315789473684 0.4698996655518395 0.10631578947368421 0.08193979933110368
0 0.6031578947368421 0.5050167224080268 0.11789473684210526 0.07692307692307693
0 0.23894736842105263 0.5066889632107023 0.11789473684210526 0.09531772575250837
0 0.8368421052631579 0.5384615384615384 0.13789473684210526 0.08862876254180602
