0 0.5452631578947369 0.5367892976588629 0.16842105263157894 0.09866220735785954
0 0.8768421052631579 0.5100334448160535 0.1231578947368421 0.12876254180602006
0 0.031578947368421054 0.15384615384615385 0.04631578947368421 0.023411371237458192
0 0.034736842105263156 0.26755852842809363 0.03684210526315789 0.038461538461538464
0 0.9747368421052631 0.31270903010033446 0.02526315789473684 0.04180602006688963
0 0.07368421052631578 0.34615384615384615 0.06 0.06521739130434782
0 0.3757894736842105 0.4297658862876254 0.12421052631578948 0.07190635451505016
0 0.14210526315789473 0.459866220735786 0.09473684210526316 0.10367892976588629
0 0.8610526315789474 0.46153846153846156 0.10736842105263159 0.08528428093645485
0 0.42 0.48494983277591974 0.14526315789473684 0.08862876254180602
0 0.6536842105263158 0.5033444816053512 0.10947368421052632 0.07692307692307693
0 0.2694736842105263 0.5150501672240803 0.11789473684210526 0.08528428093645485
