0 0.41368421052631577 0.4782608695652174 0.15052631578947367 0.10033444816053512
0 0.03263157894736842 0.15384615384615385 0.0431578947368421 0.023411371237458192
0 0.034736842105263156 0.26755852842809363 0.035789473684210524 0.03678929765886288
0 0.9768421052631578 0.31270903010033446 0.023157894736842106 0.04180602006688963
0 0.07263157894736842 0.33612040133779264 0.05789473684210526 0.06521739130434782
0 0.3757894736842105 0.4331103678929766 0.1231578947368421 0.06521739130434782
0 0.1368421052631579 0.45819397993311034 0.09263157894736843 0.10535117056856187
0 0.8526315789473684 0.46321070234113715 0.11052631578947368 0.08695652173913043
0 0.25684210526315787 0.5117056856187291 0.12421052631578948 0.09197324414715718
0 0.6231578947368421 0.5050167224080268 0.1336842105263158 0.09364548494983277
0 0.5347368421052632 0.5434782608695652 0.15578947368421053 0.09364548494983277
0 0.8652631578947368 0.5317725752508361 0.13578947368421052 0.09531772575250837
