0 0.3526315789473684 0.4531772575250836 0.14421052631578948 0.12374581939799331
0 0.44 0.5334448160535117 0.1726315789473684 0.10702341137123746
0 0.030526315789473683 0.15384615384615385 0.04736842105263158 0.023411371237458192
0 0.1863157894736842 0.15719063545150502 0.05789473684210526 0.051839464882943144
0 0.028421052631578948 0.2525083612040134 0.035789473684210524 0.030100334448160536
0 0.06631578947368422 0.31605351170568563 0.037894736842105266 0.043478260869565216
0 0.3757894736842105 0.4331103678929766 0.12105263157894737 0.061872909698996656
0 0.10947368421052632 0.44481605351170567 0.08315789473684211 0.0802675585284281
0 0.7821052631578947 0.47324414715719065 0.1231578947368421 0.08193979933110368
0 0.21263157894736842 0.5 0.11789473684210526 0.0903010033444816
0 0.56 0.5117056856187291 0.10631578947368421 0.08193979933110368
0 0.7957894736842105 0.5501672240802675 0.1431578947368421 0.08862876254180602
