0 0.3473684210526316 0.4531772575250836 0.15052631578947367 0.11538461538461539
0 0.030526315789473683 0.15384615384615385 0.04736842105263158 0.023411371237458192
0 0.1863157894736842 0.15719063545150502 0.05789473684210526 0.051839464882943144
0 0.028421052631578948 0.2491638795986622 0.035789473684210524 0.03177257525083612
0 0.06315789473684211 0.31270903010033446 0.04 0.0451505016722408
0 0.37684210526315787 0.4331103678929766 0.12 0.06020066889632107
0 0.10631578947368421 0.4414715719063545 0.08105263157894736 0.0802675585284281
0 0.7768421052631579 0.47324414715719065 0.11894736842105263 0.08528428093645485
0 0.20842105263157895 0.4983277591973244 0.1168421052631579 0.08528428093645485
0 0.5578947368421052 0.5150501672240803 0.09789473684210526 0.0802675585284281
0 0.4421052631578947 0.5468227424749164 0.13263157894736843 0.08695652173913043
0 0.783157894736842 0.5484949832775919 0.14421052631578948 0.09197324414715718
