0 -0.003157894736842105 0.33444816053511706 0.07157894736842105 0.17892976588628762
0 0.35789473684210527 0.4531772575250836 0.14526315789473684 0.11705685618729098
0 0.4536842105263158 0.5384615384615384 0.1631578947368421 0.10033444816053512
0 0.031578947368421054 0.15384615384615385 0.04736842105263158 0.023411371237458192
0 0.028421052631578948 0.25418060200668896 0.035789473684210524 0.030100334448160536
0 0.06526315789473684 0.3210702341137124 0.042105263157894736 0.043478260869565216
0 0.3778947368421053 0.4331103678929766 0.11894736842105263 0.06020066889632107
0 0.11368421052631579 0.44481605351170567 0.08421052631578947 0.08193979933110368
0 0.8042105263157895 0.47157190635451507 0.11578947368421053 0.08193979933110368
0 0.22210526315789475 0.5066889632107023 0.11263157894736842 0.09698996655518395
0 0.5578947368421052 0.5083612040133779 0.12421052631578948 0.0903010033444816
0 0.8105263157894737 0.5451505016722408 0.1368421052631579 0.09197324414715718
