0 0.36736842105263157 0.45484949832775917 0.1431578947368421 0.11036789297658862
0 0.03263157894736842 0.15384615384615385 0.04631578947368421 0.023411371237458192
0 0.06526315789473684 0.32441471571906355 0.04736842105263158 0.04180602006688963
0 0.3778947368421053 0.43478260869565216 0.11894736842105263 0.05518394648829431
0 0.11789473684210526 0.4498327759197324 0.08315789473684211 0.07692307692307693
0 0.8063157894736842 0.4698996655518395 0.12210526315789473 0.08361204013377926
0 0.22842105263157894 0.5083612040133779 0.11473684210526315 0.09364548494983277
0 0.5863157894736842 0.5083612040133779 0.10736842105263159 0.08528428093645485
0 0.4694736842105263 0.5434782608695652 0.1463157894736842 0.0903010033444816
0 0.8210526315789474 0.5434782608695652 0.13578947368421052 0.08862876254180602
