0 0.3526315789473684 0.451505016722408 0.14421052631578948 0.12374581939799331
0 0.44 0.5334448160535117 0.1726315789473684 0.10702341137123746
0 0.030526315789473683 0.15384615384615385 0.04736842105263158 0.023411371237458192
0 0.18736842105263157 0.15719063545150502 0.05894736842105263 0.05351170568561873
0 0.028421052631578948 0.2525083612040134 0.035789473684210524 0.030100334448160536
0 0.06631578947368422 0.31605351170568563 0.037894736842105266 0.043478260869565216
0 0.3757894736842105 0.431438127090301 0.12105263157894737 0.061872909698996656
0 0.11052631578947368 0.44481605351170567 0.08421052631578947 0.0802675585284281
0 0.783157894736842 0.47324414715719065 0.12210526315789473 0.08193979933110368
0 0.21263157894736842 0.5 0.1168421052631579 0.0903010033444816
0 0.56 0.5133779264214047 0.10736842105263159 0.0802675585284281
0 0.7947368421052632 0.5518394648829431 0.14210526315789473 0.08695652173913043
