0 0.37473684210526315 0.45484949832775917 0.14210526315789473 0.11538461538461539
0 0.031578947368421054 0.15384615384615385 0.045263157894736845 0.023411371237458192
0 0.03263157894736842 0.2591973244147157 0.03684210526315789 0.038461538461538464
0 0.06526315789473684 0.3277591973244147 0.049473684210526316 0.06354515050167224
0 0.37894736842105264 0.4331103678929766 0.11578947368421053 0.061872909698996656
0 0.11894736842105263 0.451505016722408 0.08842105263157894 0.07692307692307693
0 0.23578947368421052 0.5066889632107023 0.11578947368421053 0.09197324414715718
0 0.6105263157894737 0.5133779264214047 0.09263157894736843 0.0802675585284281
0 0.4884210526315789 0.5451505016722408 0.14105263157894737 0.0903010033444816
0 0.828421052631579 0.5418060200668896 0.13473684210526315 0.08695652173913043
