0 0.3368421052631579 0.45484949832775917 0.16210526315789472 0.10702341137123746
0 0.4073684210526316 0.5351170568561873 0.16105263157894736 0.09866220735785954
0 0.7642105263157895 0.5484949832775919 0.1431578947368421 0.10869565217391304
0 0.031578947368421054 0.15384615384615385 0.04631578947368421 0.023411371237458192
0 0.1863157894736842 0.15719063545150502 0.05789473684210526 0.051839464882943144
0 0.030526315789473683 0.2491638795986622 0.031578947368421054 0.030100334448160536
0 0.061052631578947365 0.3060200668896321 0.04 0.043478260869565216
0 0.38 0.43478260869565216 0.1168421052631579 0.051839464882943144
0 0.09368421052631579 0.43478260869565216 0.08842105263157894 0.09698996655518395
0 0.19789473684210526 0.49498327759197325 0.10842105263157895 0.08528428093645485
0 0.5294736842105263 0.5066889632107023 0.10210526315789474 0.07357859531772576
0 0.751578947368421 0.4882943143812709 0.1336842105263158 0.0802675585284281
