0 0.3368421052631579 0.45484949832775917 0.1631578947368421 0.10535117056856187
0 0.40842105263157896 0.5351170568561873 0.16105263157894736 0.09866220735785954
0 0.7642105263157895 0.5484949832775919 0.1431578947368421 0.11036789297658862
0 0.031578947368421054 0.15384615384615385 0.04631578947368421 0.023411371237458192
0 0.030526315789473683 0.24749163879598662 0.031578947368421054 0.03177257525083612
0 0.05894736842105263 0.30267558528428096 0.04105263157894737 0.03678929765886288
0 0.37894736842105264 0.43478260869565216 0.11894736842105263 0.051839464882943144
0 0.09368421052631579 0.43478260869565216 0.08736842105263158 0.09531772575250837
0 0.19894736842105262 0.49498327759197325 0.10736842105263159 0.08361204013377926
0 0.5305263157894737 0.5066889632107023 0.10105263157894737 0.07357859531772576
0 0.7505263157894737 0.4882943143812709 0.13473684210526315 0.0802675585284281
