0 0.33157894736842103 0.4531772575250836 0.1631578947368421 0.10535117056856187
0 0.3968421052631579 0.5317725752508361 0.1736842105263158 0.09866220735785954
0 0.03263157894736842 0.15384615384615385 0.045263157894736845 0.023411371237458192
0 0.1863157894736842 0.15719063545150502 0.05894736842105263 0.051839464882943144
0 0.029473684210526315 0.24749163879598662 0.03368421052631579 0.033444816053511704
0 0.05789473684210526 0.30267558528428096 0.0431578947368421 0.03678929765886288
0 0.3736842105263158 0.43478260869565216 0.12736842105263158 0.05518394648829431
0 0.09263157894736843 0.4331103678929766 0.08526315789473685 0.10367892976588629
0 0.7431578947368421 0.47324414715719065 0.13473684210526315 0.08528428093645485
0 0.18947368421052632 0.49331103678929766 0.11368421052631579 0.08695652173913043
0 0.5157894736842106 0.5100334448160535 0.10105263157894737 0.08193979933110368
0 0.7557894736842106 0.5568561872909699 0.1431578947368421 0.0903010033444816
