0 0.3452631578947368 0.45652173913043476 0.15263157894736842 0.10367892976588629
0 0.4189473684210526 0.5334448160535117 0.15052631578947367 0.09866220735785954
0 0.030526315789473683 0.15384615384615385 0.04736842105263158 0.023411371237458192
0 0.1863157894736842 0.15719063545150502 0.05894736842105263 0.051839464882943144
0 0.029473684210526315 0.2491638795986622 0.03368421052631579 0.030100334448160536
0 0.06210526315789474 0.3093645484949833 0.04 0.043478260869565216
0 0.3778947368421053 0.4331103678929766 0.12 0.05852842809364549
0 0.10210526315789474 0.43645484949832775 0.08315789473684211 0.08862876254180602
0 0.771578947368421 0.47491638795986624 0.12 0.08361204013377926
0 0.20421052631578948 0.49665551839464883 0.11157894736842106 0.08361204013377926
0 0.5473684210526316 0.5117056856187291 0.0968421052631579 0.0802675585284281
0 0.7726315789473684 0.5535117056856187 0.1431578947368421 0.09197324414715718
