0 0.3231578947368421 0.43645484949832775 0.17157894736842105 0.11036789297658862
0 0.031578947368421054 0.15551839464882944 0.04736842105263158 0.023411371237458192
0 0.18736842105263157 0.15719063545150502 0.05894736842105263 0.05351170568561873
0 0.029473684210526315 0.24247491638795987 0.03263157894736842 0.03678929765886288
0 0.056842105263157895 0.2959866220735786 0.04105263157894737 0.038461538461538464
0 0.38 0.43645484949832775 0.11894736842105263 0.05351170568561873
0 0.08736842105263158 0.42474916387959866 0.08210526315789474 0.10869565217391304
0 0.7189473684210527 0.4765886287625418 0.13894736842105262 0.08193979933110368
0 0.18105263157894738 0.4899665551839465 0.10842105263157895 0.07859531772575251
0 0.4957894736842105 0.5033444816053512 0.10105263157894737 0.07859531772575251
0 0.3736842105263158 0.5367892976588629 0.1368421052631579 0.08862876254180602
0 0.7326315789473684 0.5585284280936454 0.1431578947368421 0.08862876254180602
