0 0.3452631578947368 0.45652173913043476 0.15368421052631578 0.1020066889632107
0 0.41789473684210526 0.5334448160535117 0.15263157894736842 0.09866220735785954
0 0.030526315789473683 0.15384615384615385 0.04736842105263158 0.023411371237458192
0 0.1863157894736842 0.15719063545150502 0.05789473684210526 0.051839464882943144
0 0.029473684210526315 0.24749163879598662 0.03263157894736842 0.03177257525083612
0 0.061052631578947365 0.3093645484949833 0.04 0.043478260869565216
0 0.37684210526315787 0.4331103678929766 0.12105263157894737 0.05852842809364549
0 0.10210526315789474 0.43645484949832775 0.08315789473684211 0.08862876254180602
0 0.7705263157894737 0.47491638795986624 0.1231578947368421 0.08193979933110368
0 0.20421052631578948 0.49665551839464883 0.11157894736842106 0.08193979933110368
0 0.5473684210526316 0.5133779264214047 0.0968421052631579 0.0802675585284281
0 0.7726315789473684 0.5535117056856187 0.1431578947368421 0.09197324414715718
