0 0.3294736842105263 0.4531772575250836 0.16842105263157894 0.10702341137123746
0 0.3968421052631579 0.5334448160535117 0.1726315789473684 0.09866220735785954
0 0.03263157894736842 0.15384615384615385 0.04631578947368421 0.021739130434782608
0 0.18526315789473685 0.15719063545150502 0.06 0.051839464882943144
0 0.029473684210526315 0.24581939799331104 0.03263157894736842 0.033444816053511704
0 0.05789473684210526 0.30267558528428096 0.0431578947368421 0.03511705685618729
0 0.37684210526315787 0.43478260869565216 0.12421052631578948 0.05351170568561873
0 0.09263157894736843 0.431438127090301 0.08526315789473685 0.10535117056856187
0 0.7431578947368421 0.47324414715719065 0.1336842105263158 0.08528428093645485
0 0.18842105263157893 0.49331103678929766 0.11473684210526315 0.08695652173913043
0 0.5178947368421053 0.5117056856187291 0.09789473684210526 0.0802675585284281
0 0.7547368421052632 0.5568561872909699 0.14421052631578948 0.0903010033444816
