0 0.32421052631578945 0.43812709030100333 0.17578947368421052 0.10702341137123746
0 0.031578947368421054 0.15384615384615385 0.045263157894736845 0.021739130434782608
0 0.1863157894736842 0.15719063545150502 0.05894736842105263 0.051839464882943144
0 0.029473684210526315 0.24581939799331104 0.030526315789473683 0.03177257525083612
0 0.05789473684210526 0.2993311036789298 0.042105263157894736 0.038461538461538464
0 0.37684210526315787 0.43478260869565216 0.1231578947368421 0.051839464882943144
0 0.08947368421052632 0.431438127090301 0.08210526315789474 0.10367892976588629
0 0.18421052631578946 0.4916387959866221 0.11263157894736842 0.08361204013377926
0 0.5063157894736842 0.5066889632107023 0.10210526315789474 0.07692307692307693
0 0.39263157894736844 0.5384615384615384 0.13052631578947368 0.08193979933110368
0 0.7431578947368421 0.560200668896321 0.1431578947368421 0.08695652173913043
