0 0.031578947368421054 0.15551839464882944 0.04631578947368421 0.023411371237458192
0 0.1863157894736842 0.15719063545150502 0.06 0.05351170568561873
0 0.029473684210526315 0.24247491638795987 0.03368421052631579 0.033444816053511704
0 0.056842105263157895 0.29431438127090304 0.04 0.03678929765886288
0 0.08842105263157894 0.42474916387959866 0.07473684210526316 0.08528428093645485
0 0.3821052631578947 0.43478260869565216 0.1168421052631579 0.05518394648829431
0 0.7136842105263158 0.4782608695652174 0.13263157894736843 0.0802675585284281
0 0.17473684210526316 0.48494983277591974 0.10631578947368421 0.08528428093645485
0 0.48526315789473684 0.5050167224080268 0.10210526315789474 0.0802675585284281
0 0.9905263157894737 0.5016722408026756 0.008421052631578947 0.07859531772575251
0 0.3663157894736842 0.5384615384615384 0.13473684210526315 0.08361204013377926
0 0.7221052631578947 0.5618729096989966 0.14210526315789473 0.08528428093645485
