0 0.031578947368421054 0.15384615384615385 0.045263157894736845 0.023411371237458192
0 0.18842105263157893 0.15551839464882944 0.05894736842105263 0.05518394648829431
0 0.028421052631578948 0.23745819397993312 0.03368421052631579 0.03678929765886288
0 0.05578947368421053 0.28929765886287623 0.04 0.038461538461538464
0 0.08315789473684211 0.4214046822742475 0.06842105263157895 0.08528428093645485
0 0.4073684210526316 0.43478260869565216 0.08947368421052632 0.05852842809364549
0 0.16 0.4765886287625418 0.11263157894736842 0.08528428093645485
0 0.4663157894736842 0.5050167224080268 0.1031578947368421 0.07692307692307693
0 0.6957894736842105 0.4882943143812709 0.13263157894736843 0.08361204013377926
0 0.9736842105263158 0.48494983277591974 0.02526315789473684 0.10869565217391304
0 0.3473684210526316 0.5351170568561873 0.12947368421052632 0.08528428093645485
0 0.7031578947368421 0.560200668896321 0.1463157894736842 0.09197324414715718
