0 0.03263157894736842 0.15551839464882944 0.04421052631578947 0.021739130434782608
0 0.18842105263157893 0.15719063545150502 0.05894736842105263 0.05351170568561873
0 0.028421052631578948 0.23411371237458195 0.031578947368421054 0.03678929765886288
0 0.056842105263157895 0.2809364548494983 0.037894736842105266 0.046822742474916385
0 0.07894736842105263 0.4180602006688963 0.06736842105263158 0.08695652173913043
0 0.39052631578947367 0.43812709030100333 0.10631578947368421 0.06020066889632107
0 0.15052631578947367 0.4782608695652174 0.10421052631578948 0.07692307692307693
0 0.44105263157894736 0.5 0.10736842105263159 0.08695652173913043
0 0.32 0.5267558528428093 0.13789473684210526 0.08361204013377926
0 0.6789473684210526 0.5652173913043478 0.1463157894736842 0.0903010033444816
