0 0.031578947368421054 0.15384615384615385 0.045263157894736845 0.021739130434782608
0 0.18842105263157893 0.15719063545150502 0.05894736842105263 0.05351170568561873
0 0.028421052631578948 0.23745819397993312 0.03368421052631579 0.03678929765886288
0 0.05578947368421053 0.28929765886287623 0.04 0.038461538461538464
0 0.08315789473684211 0.4230769230769231 0.06842105263157895 0.08361204013377926
0 0.4073684210526316 0.43478260869565216 0.08947368421052632 0.06020066889632107
0 0.16105263157894736 0.4782608695652174 0.11157894736842106 0.08361204013377926
0 0.4663157894736842 0.5050167224080268 0.1031578947368421 0.07525083612040134
0 0.6957894736842105 0.4882943143812709 0.13157894736842105 0.08528428093645485
0 0.9726315789473684 0.4866220735785953 0.02631578947368421 0.10702341137123746
0 0.34842105263157896 0.5351170568561873 0.12842105263157894 0.08361204013377926
0 0.7031578947368421 0.5585284280936454 0.1463157894736842 0.09197324414715718
