0 0.8978947368421053 0.49331103678929766 0.09894736842105263 0.12374581939799331
0 0.03263157894736842 0.15384615384615385 0.045263157894736845 0.023411371237458192
0 0.024210526315789474 0.22240802675585283 0.030526315789473683 0.028428093645484948
0 0.05368421052631579 0.26421404682274247 0.037894736842105266 0.03177257525083612
0 0.06315789473684211 0.3996655518394649 0.06421052631578947 0.07023411371237458
0 0.38 0.43645484949832775 0.1168421052631579 0.06020066889632107
0 0.1231578947368421 0.4531772575250836 0.09578947368421052 0.07859531772575251
0 0.3863157894736842 0.49665551839464883 0.11157894736842106 0.07692307692307693
0 0.6168421052631579 0.4916387959866221 0.12736842105263158 0.08193979933110368
0 0.2673684210526316 0.5150501672240803 0.13578947368421052 0.08193979933110368
0 0.6147368421052631 0.5735785953177257 0.14736842105263157 0.08528428093645485
