0 0.031578947368421054 0.15551839464882944 0.04736842105263158 0.023411371237458192
0 0.024210526315789474 0.22909698996655517 0.03263157894736842 0.028428093645484948
0 0.05263157894736842 0.2725752508361204 0.03894736842105263 0.033444816053511704
0 0.07368421052631578 0.40468227424749165 0.06631578947368422 0.06856187290969899
0 0.3863157894736842 0.43645484949832775 0.11157894736842106 0.05518394648829431
0 0.13894736842105262 0.4698996655518395 0.09578947368421052 0.07692307692307693
0 0.41157894736842104 0.49665551839464883 0.11052631578947368 0.08193979933110368
0 0.6442105263157895 0.49331103678929766 0.1336842105263158 0.0802675585284281
0 0.9294736842105263 0.479933110367893 0.07684210526315789 0.12207357859531773
0 0.29368421052631577 0.5183946488294314 0.1368421052631579 0.08361204013377926
0 0.6505263157894737 0.5719063545150501 0.13789473684210526 0.08695652173913043
