0 0.9147368421052632 0.48494983277591974 0.08105263157894736 0.14046822742474915
0 0.03263157894736842 0.15551839464882944 0.04631578947368421 0.023411371237458192
0 0.024210526315789474 0.225752508361204 0.03263157894736842 0.030100334448160536
0 0.05368421052631579 0.26755852842809363 0.037894736842105266 0.03177257525083612
0 0.07157894736842105 0.40468227424749165 0.06736842105263158 0.06688963210702341
0 0.3821052631578947 0.43645484949832775 0.11473684210526315 0.056856187290969896
0 0.13263157894736843 0.46488294314381273 0.0968421052631579 0.08361204013377926
0 0.4031578947368421 0.49665551839464883 0.11263157894736842 0.07525083612040134
0 0.6305263157894737 0.4882943143812709 0.12736842105263158 0.08193979933110368
0 0.28526315789473683 0.5133779264214047 0.13894736842105262 0.08528428093645485
0 0.6368421052631579 0.5735785953177257 0.1463157894736842 0.08528428093645485
