0 0.8852631578947369 0.4916387959866221 0.11473684210526315 0.13879598662207357
0 0.03263157894736842 0.15384615384615385 0.04421052631578947 0.021739130434782608
0 0.024210526315789474 0.22240802675585283 0.030526315789473683 0.028428093645484948
0 0.05368421052631579 0.2625418060200669 0.03684210526315789 0.033444816053511704
0 0.06210526315789474 0.3979933110367893 0.06315789473684211 0.06688963210702341
0 0.38105263157894737 0.43645484949832775 0.11578947368421053 0.06020066889632107
0 0.11578947368421053 0.45652173913043476 0.09578947368421052 0.07023411371237458
0 0.38105263157894737 0.49665551839464883 0.11157894736842106 0.07357859531772576
0 0.6021052631578947 0.4899665551839465 0.12421052631578948 0.08361204013377926
0 0.26105263157894737 0.5100334448160535 0.1336842105263158 0.08695652173913043
0 0.6010526315789474 0.5752508361204013 0.15157894736842106 0.08695652173913043
