0 0.86 0.5016722408026756 0.14 0.1354515050167224
0 0.024210526315789474 0.22073578595317725 0.029473684210526315 0.028428093645484948
0 0.05368421052631579 0.2525083612040134 0.034736842105263156 0.028428093645484948
0 0.05578947368421053 0.3862876254180602 0.06315789473684211 0.06354515050167224
0 0.37684210526315787 0.43478260869565216 0.12105263157894737 0.061872909698996656
0 0.1031578947368421 0.4498327759197324 0.08842105263157894 0.06856187290969899
0 0.22526315789473683 0.5050167224080268 0.14105263157894737 0.0802675585284281
0 0.35578947368421054 0.4916387959866221 0.1168421052631579 0.07692307692307693
0 0.5694736842105264 0.49665551839464883 0.12736842105263158 0.07357859531772576
0 0.5631578947368421 0.5769230769230769 0.14842105263157895 0.08695652173913043
