0 0.8515789473684211 0.5050167224080268 0.13789473684210526 0.1254180602006689
0 0.03263157894736842 0.15384615384615385 0.0431578947368421 0.021739130434782608
0 0.023157894736842106 0.21739130434782608 0.030526315789473683 0.028428093645484948
0 0.05263157894736842 0.2491638795986622 0.03684210526315789 0.028428093645484948
0 0.05368421052631579 0.38127090301003347 0.06315789473684211 0.06688963210702341
0 0.38 0.43478260869565216 0.11578947368421053 0.06020066889632107
0 0.10210526315789474 0.4498327759197324 0.08210526315789474 0.06354515050167224
0 0.22 0.5050167224080268 0.14105263157894737 0.07692307692307693
0 0.35578947368421054 0.4916387959866221 0.11052631578947368 0.07190635451505016
0 0.5547368421052632 0.49665551839464883 0.1231578947368421 0.07190635451505016
0 0.5505263157894736 0.5785953177257525 0.14 0.08193979933110368
