0 0.8305263157894737 0.5066889632107023 0.14421052631578948 0.1254180602006689
0 0.03368421052631579 0.15551839464882944 0.042105263157894736 0.021739130434782608
0 0.023157894736842106 0.2157190635451505 0.030526315789473683 0.028428093645484948
0 0.05263157894736842 0.24581939799331104 0.03684210526315789 0.028428093645484948
0 0.049473684210526316 0.3745819397993311 0.06 0.07859531772575251
0 0.38 0.43478260869565216 0.11789473684210526 0.06521739130434782
0 0.09157894736842105 0.4414715719063545 0.08526315789473685 0.08695652173913043
0 0.20842105263157895 0.49665551839464883 0.1368421052631579 0.0802675585284281
0 0.33473684210526317 0.4882943143812709 0.11894736842105263 0.0802675585284281
0 0.5336842105263158 0.49665551839464883 0.12210526315789473 0.07525083612040134
0 0.5231578947368422 0.5886287625418061 0.14736842105263157 0.07357859531772576
