0 0.8147368421052632 0.5100334448160535 0.15157894736842106 0.13043478260869565
0 0.03368421052631579 0.15719063545150502 0.042105263157894736 0.020066889632107024
0 0.024210526315789474 0.2157190635451505 0.028421052631578948 0.028428093645484948
0 0.05263157894736842 0.24247491638795987 0.03684210526315789 0.03177257525083612
0 0.049473684210526316 0.3729096989966555 0.056842105263157895 0.07525083612040134
0 0.37894736842105264 0.4331103678929766 0.11789473684210526 0.06856187290969899
0 0.08526315789473685 0.43478260869565216 0.08526315789473685 0.08862876254180602
0 0.33052631578947367 0.4765886287625418 0.12105263157894737 0.08528428093645485
0 0.19789473684210526 0.49498327759197325 0.13894736842105262 0.0802675585284281
0 0.5305263157894737 0.49665551839464883 0.12210526315789473 0.07357859531772576
0 0.508421052631579 0.5769230769230769 0.14842105263157895 0.08695652173913043
