0 0.8063157894736842 0.5117056856187291 0.15157894736842106 0.12709030100334448
0 0.03368421052631579 0.15551839464882944 0.04105263157894737 0.021739130434782608
0 0.024210526315789474 0.2140468227424749 0.02736842105263158 0.028428093645484948
0 0.05368421052631579 0.24247491638795987 0.035789473684210524 0.033444816053511704
0 0.04842105263157895 0.3712374581939799 0.056842105263157895 0.0802675585284281
0 0.3778947368421053 0.4331103678929766 0.12 0.06856187290969899
0 0.08315789473684211 0.431438127090301 0.08526315789473685 0.10702341137123746
0 0.33052631578947367 0.4782608695652174 0.11368421052631579 0.0802675585284281
0 0.19473684210526315 0.49498327759197325 0.13263157894736843 0.07692307692307693
0 0.5242105263157895 0.49665551839464883 0.11894736842105263 0.07357859531772576
0 0.4978947368421053 0.5769230769230769 0.14210526315789473 0.08193979933110368
