0 0.8357894736842105 0.5050167224080268 0.1463157894736842 0.12876254180602006
0 0.03263157894736842 0.15384615384615385 0.0431578947368421 0.021739130434782608
0 0.024210526315789474 0.21739130434782608 0.029473684210526315 0.028428093645484948
0 0.05368421052631579 0.24749163879598662 0.035789473684210524 0.030100334448160536
0 0.05157894736842105 0.3762541806020067 0.06210526315789474 0.07525083612040134
0 0.37894736842105264 0.43478260869565216 0.1168421052631579 0.05852842809364549
0 0.09368421052631579 0.44481605351170567 0.08736842105263158 0.07525083612040134
0 0.21368421052631578 0.5016722408026756 0.13894736842105262 0.07692307692307693
0 0.3505263157894737 0.4899665551839465 0.10947368421052632 0.07692307692307693
0 0.5473684210526316 0.49498327759197325 0.12736842105263158 0.07525083612040134
0 0.5389473684210526 0.5886287625418061 0.14526315789473684 0.07190635451505016
