0 0.7947368421052632 0.5133779264214047 0.1568421052631579 0.12374581939799331
0 0.03368421052631579 0.15719063545150502 0.042105263157894736 0.020066889632107024
0 0.024210526315789474 0.2140468227424749 0.028421052631578948 0.028428093645484948
0 0.05263157894736842 0.2408026755852843 0.03684210526315789 0.033444816053511704
0 0.04736842105263158 0.36622073578595316 0.05789473684210526 0.08695652173913043
0 0.08 0.4331103678929766 0.07894736842105263 0.06688963210702341
0 0.37894736842105264 0.4331103678929766 0.12 0.07023411371237458
0 0.32421052631578945 0.4782608695652174 0.11052631578947368 0.07692307692307693
0 0.1863157894736842 0.4899665551839465 0.13157894736842105 0.08361204013377926
0 0.5105263157894737 0.49665551839464883 0.12 0.07357859531772576
0 0.4842105263157895 0.5785953177257525 0.14526315789473684 0.08361204013377926
