0 0.7368421052631579 0.5301003344481605 0.16105263157894736 0.11371237458193979
0 0.03368421052631579 0.15551839464882944 0.04105263157894737 0.020066889632107024
0 0.023157894736842106 0.2040133779264214 0.02736842105263158 0.02508361204013378
0 0.05578947368421053 0.225752508361204 0.028421052631578948 0.028428093645484948
0 0.04421052631578947 0.3528428093645485 0.04842105263157895 0.06688963210702341
0 0.06421052631578947 0.41638795986622074 0.07263157894736842 0.09197324414715718
0 0.19894736842105262 0.41471571906354515 0.11368421052631579 0.08361204013377926
0 0.38 0.4331103678929766 0.1168421052631579 0.06856187290969899
0 0.15578947368421053 0.47491638795986624 0.12842105263157894 0.08695652173913043
0 0.3042105263157895 0.47157190635451507 0.10526315789473684 0.07692307692307693
0 0.47789473684210526 0.49331103678929766 0.11578947368421053 0.07692307692307693
0 0.42105263157894735 0.5735785953177257 0.14526315789473684 0.08361204013377926
