0 0.771578947368421 0.5183946488294314 0.14947368421052631 0.12207357859531773
0 0.03368421052631579 0.15384615384615385 0.042105263157894736 0.021739130434782608
0 0.023157894736842106 0.20735785953177258 0.028421052631578948 0.023411371237458192
0 0.05578947368421053 0.22909698996655517 0.028421052631578948 0.028428093645484948
0 0.05473684210526316 0.23745819397993312 0.03263157894736842 0.03678929765886288
0 0.04631578947368421 0.3595317725752508 0.05052631578947368 0.06354515050167224
0 0.20526315789473684 0.41471571906354515 0.12421052631578948 0.08193979933110368
0 0.37894736842105264 0.4331103678929766 0.11894736842105263 0.06856187290969899
0 0.07052631578947369 0.4297658862876254 0.08210526315789474 0.09866220735785954
0 0.3126315789473684 0.47491638795986624 0.11368421052631579 0.08361204013377926
0 0.17578947368421052 0.4866220735785953 0.13157894736842105 0.08361204013377926
0 0.5010526315789474 0.49665551839464883 0.11578947368421053 0.07357859531772576
0 0.4568421052631579 0.5719063545150501 0.1463157894736842 0.08862876254180602
