0 0.771578947368421 0.520066889632107 0.14947368421052631 0.12040133779264214
0 0.03368421052631579 0.15551839464882944 0.042105263157894736 0.020066889632107024
0 0.18947368421052632 0.15719063545150502 0.056842105263157895 0.05518394648829431
0 0.023157894736842106 0.20735785953177258 0.028421052631578948 0.023411371237458192
0 0.05473684210526316 0.23745819397993312 0.03263157894736842 0.03678929765886288
0 0.04631578947368421 0.3612040133779264 0.05052631578947368 0.06354515050167224
0 0.07157894736842105 0.4297658862876254 0.07684210526315789 0.06856187290969899
0 0.20526315789473684 0.41638795986622074 0.12421052631578948 0.0802675585284281
0 0.37894736842105264 0.4331103678929766 0.11894736842105263 0.06856187290969899
0 0.3126315789473684 0.47491638795986624 0.11368421052631579 0.08361204013377926
0 0.17578947368421052 0.4866220735785953 0.13263157894736843 0.08361204013377926
0 0.5 0.49665551839464883 0.1168421052631579 0.07357859531772576
0 0.45789473684210524 0.5719063545150501 0.14526315789473684 0.08862876254180602
