0 0.6957894736842105 0.5384615384615384 0.15157894736842106 0.10702341137123746
0 0.8663157894736843 0.7842809364548495 0.13263157894736843 0.19063545150501673
0 0.03368421052631579 0.15551839464882944 0.042105263157894736 0.020066889632107024
0 0.022105263157894735 0.20234113712374582 0.02736842105263158 0.026755852842809364
0 0.05263157894736842 0.21906354515050167 0.030526315789473683 0.028428093645484948
0 0.03894736842105263 0.33612040133779264 0.05052631578947368 0.06688963210702341
0 0.056842105263157895 0.4096989966555184 0.06526315789473684 0.05852842809364549
0 0.38 0.43478260869565216 0.11473684210526315 0.061872909698996656
0 0.1368421052631579 0.46488294314381273 0.1168421052631579 0.08695652173913043
0 0.28421052631578947 0.4698996655518395 0.10736842105263159 0.07190635451505016
0 0.4536842105263158 0.4916387959866221 0.11052631578947368 0.07525083612040134
0 0.3757894736842105 0.5652173913043478 0.13894736842105262 0.08695652173913043
