0 0.716842105263158 0.5351170568561873 0.15789473684210525 0.11036789297658862
0 0.9136842105263158 0.7775919732441472 0.08421052631578947 0.18227424749163879
0 0.03368421052631579 0.15384615384615385 0.04105263157894737 0.021739130434782608
0 0.023157894736842106 0.205685618729097 0.02631578947368421 0.023411371237458192
0 0.05473684210526316 0.22408026755852842 0.029473684210526315 0.026755852842809364
0 0.04421052631578947 0.34615384615384615 0.04842105263157895 0.06856187290969899
0 0.05894736842105263 0.411371237458194 0.06947368421052631 0.06354515050167224
0 0.18736842105263157 0.411371237458194 0.10736842105263159 0.061872909698996656
0 0.38105263157894737 0.43478260869565216 0.11578947368421053 0.06688963210702341
0 0.14736842105263157 0.4698996655518395 0.11789473684210526 0.08528428093645485
0 0.2905263157894737 0.4698996655518395 0.10736842105263159 0.07692307692307693
0 0.45789473684210524 0.4916387959866221 0.12210526315789473 0.0802675585284281
0 0.4 0.5668896321070234 0.1368421052631579 0.08528428093645485
