0 0.7378947368421053 0.5284280936454849 0.16 0.11538461538461539
0 0.03368421052631579 0.15384615384615385 0.042105263157894736 0.021739130434782608
0 0.023157894736842106 0.2040133779264214 0.02736842105263158 0.02508361204013378
0 0.05578947368421053 0.22742474916387959 0.028421052631578948 0.028428093645484948
0 0.0431578947368421 0.3528428093645485 0.049473684210526316 0.06688963210702341
0 0.06421052631578947 0.41638795986622074 0.07368421052631578 0.09197324414715718
0 0.2 0.41471571906354515 0.10947368421052632 0.08361204013377926
0 0.38 0.4331103678929766 0.1168421052631579 0.06856187290969899
0 0.15578947368421053 0.47491638795986624 0.12842105263157894 0.08695652173913043
0 0.3031578947368421 0.47157190635451507 0.10526315789473684 0.07692307692307693
0 0.47789473684210526 0.49331103678929766 0.11578947368421053 0.07692307692307693
0 0.42105263157894735 0.5719063545150501 0.14526315789473684 0.08528428093645485
