0 0.708421052631579 0.5367892976588629 0.15368421052631578 0.10869565217391304
0 0.8863157894736842 0.7892976588628763 0.11368421052631579 0.18227424749163879
0 0.03368421052631579 0.15384615384615385 0.042105263157894736 0.020066889632107024
0 0.022105263157894735 0.20066889632107024 0.02736842105263158 0.028428093645484948
0 0.05473684210526316 0.22240802675585283 0.029473684210526315 0.028428093645484948
0 0.04 0.33612040133779264 0.049473684210526316 0.06521739130434782
0 0.05473684210526316 0.4096989966555184 0.07052631578947369 0.05852842809364549
0 0.18947368421052632 0.4096989966555184 0.09578947368421052 0.06354515050167224
0 0.38105263157894737 0.4331103678929766 0.11578947368421053 0.06688963210702341
0 0.14526315789473684 0.46488294314381273 0.11263157894736842 0.08862876254180602
0 0.2873684210526316 0.4682274247491639 0.10947368421052632 0.07859531772575251
0 0.4568421052631579 0.49331103678929766 0.11578947368421053 0.07692307692307693
0 0.391578947368421 0.5668896321070234 0.13052631578947368 0.08193979933110368
