0 0.6789473684210526 0.5384615384615384 0.16 0.10535117056856187
0 0.84 0.7876254180602007 0.16105263157894736 0.18896321070234115
0 0.03263157894736842 0.15384615384615385 0.04421052631578947 0.021739130434782608
0 0.05263157894736842 0.22073578595317725 0.031578947368421054 0.028428093645484948
0 0.037894736842105266 0.33277591973244147 0.05052631578947368 0.06856187290969899
0 0.05052631578947368 0.40468227424749165 0.06842105263157895 0.061872909698996656
0 0.38 0.4331103678929766 0.1168421052631579 0.06521739130434782
0 0.1336842105263158 0.46321070234113715 0.11157894736842106 0.08528428093645485
0 0.2789473684210526 0.4698996655518395 0.10947368421052632 0.07357859531772576
0 0.44842105263157894 0.4899665551839465 0.11052631578947368 0.07692307692307693
0 0.3663157894736842 0.5652173913043478 0.13157894736842105 0.08361204013377926
