0 0.7252631578947368 0.5317725752508361 0.15894736842105264 0.11036789297658862
0 0.9368421052631579 0.7658862876254181 0.061052631578947365 0.2040133779264214
0 0.03368421052631579 0.15384615384615385 0.04105263157894737 0.021739130434782608
0 0.022105263157894735 0.2040133779264214 0.028421052631578948 0.026755852842809364
0 0.05578947368421053 0.22742474916387959 0.029473684210526315 0.026755852842809364
0 0.9326315789473684 0.26755852842809363 0.05789473684210526 0.04013377926421405
0 0.04421052631578947 0.3511705685618729 0.04736842105263158 0.06688963210702341
0 0.061052631578947365 0.4096989966555184 0.06947368421052631 0.06688963210702341
0 0.38105263157894737 0.43478260869565216 0.11578947368421053 0.06688963210702341
0 0.15157894736842106 0.47491638795986624 0.12631578947368421 0.08361204013377926
0 0.3 0.4698996655518395 0.10421052631578948 0.0802675585284281
0 0.46421052631578946 0.4916387959866221 0.11368421052631579 0.0802675585284281
0 0.41157894736842104 0.5702341137123745 0.13789473684210526 0.08193979933110368
