0 0.6694736842105263 0.5418060200668896 0.15052631578947367 0.10367892976588629
0 0.8147368421052632 0.7909698996655519 0.18105263157894738 0.17725752508361203
0 0.03263157894736842 0.15384615384615385 0.0431578947368421 0.021739130434782608
0 0.021052631578947368 0.19732441471571907 0.02736842105263158 0.028428093645484948
0 0.05263157894736842 0.21906354515050167 0.030526315789473683 0.030100334448160536
0 0.03684210526315789 0.3311036789297659 0.05052631578947368 0.06688963210702341
0 0.04842105263157895 0.3996655518394649 0.06736842105263158 0.06856187290969899
0 0.18210526315789474 0.40468227424749165 0.09578947368421052 0.07525083612040134
0 0.37894736842105264 0.43478260869565216 0.1168421052631579 0.06354515050167224
0 0.12526315789473685 0.45484949832775917 0.11157894736842106 0.08361204013377926
0 0.27473684210526317 0.46488294314381273 0.10842105263157895 0.07859531772575251
0 0.4357894736842105 0.4816053511705686 0.11789473684210526 0.07525083612040134
0 0.36210526315789476 0.5635451505016722 0.12947368421052632 0.08361204013377926
