0 0.6294736842105263 0.5384615384615384 0.1631578947368421 0.11036789297658862
0 0.728421052631579 0.7926421404682275 0.26105263157894737 0.1588628762541806
0 0.03368421052631579 0.15384615384615385 0.04421052631578947 0.021739130434782608
0 0.014736842105263158 0.1939799331103679 0.028421052631578948 0.028428093645484948
0 0.05263157894736842 0.2140468227424749 0.029473684210526315 0.03177257525083612
0 0.037894736842105266 0.32274247491638797 0.04736842105263158 0.07525083612040134
0 0.04105263157894737 0.38294314381270905 0.06315789473684211 0.06521739130434782
0 0.16105263157894736 0.3979933110367893 0.09894736842105263 0.07859531772575251
0 0.3778947368421053 0.4331103678929766 0.11789473684210526 0.06521739130434782
0 0.11052631578947368 0.4498327759197324 0.10947368421052632 0.0802675585284281
0 0.26210526315789473 0.4531772575250836 0.10631578947368421 0.08193979933110368
0 0.42526315789473684 0.4782608695652174 0.1168421052631579 0.07859531772575251
0 0.9736842105263158 0.5033444816053512 0.02526315789473684 0.1020066889632107
0 0.3263157894736842 0.5585284280936454 0.1336842105263158 0.0903010033444816
