0 0.6652631578947369 0.540133779264214 0.14947368421052631 0.10535117056856187
0 0.7863157894736842 0.794314381270903 0.21263157894736842 0.15719063545150502
0 0.03263157894736842 0.15384615384615385 0.0431578947368421 0.021739130434782608
0 0.02 0.19732441471571907 0.029473684210526315 0.028428093645484948
0 0.05157894736842105 0.21906354515050167 0.030526315789473683 0.030100334448160536
0 0.03684210526315789 0.3294314381270903 0.05052631578947368 0.06688963210702341
0 0.045263157894736845 0.3963210702341137 0.06736842105263158 0.06856187290969899
0 0.37894736842105264 0.43478260869565216 0.1168421052631579 0.06354515050167224
0 0.12526315789473685 0.4531772575250836 0.10526315789473684 0.08361204013377926
0 0.27473684210526317 0.46153846153846156 0.10526315789473684 0.08361204013377926
0 0.4336842105263158 0.4816053511705686 0.11578947368421053 0.07692307692307693
0 0.988421052631579 0.5234113712374582 0.009473684210526316 0.06521739130434782
0 0.34842105263157896 0.560200668896321 0.12842105263157894 0.08862876254180602
