0 0.6178947368421053 0.5418060200668896 0.15368421052631578 0.10535117056856187
0 0.32421052631578945 0.5468227424749164 0.13052631578947368 0.11538461538461539
0 0.7031578947368421 0.794314381270903 0.2631578947368421 0.16722408026755853
0 0.03263157894736842 0.15384615384615385 0.04421052631578947 0.021739130434782608
0 0.01368421052631579 0.1939799331103679 0.028421052631578948 0.028428093645484948
0 0.05368421052631579 0.2140468227424749 0.02736842105263158 0.030100334448160536
0 0.037894736842105266 0.32274247491638797 0.04631578947368421 0.07692307692307693
0 0.03894736842105263 0.38294314381270905 0.06210526315789474 0.061872909698996656
0 0.16 0.3963210702341137 0.0968421052631579 0.08361204013377926
0 0.37684210526315787 0.43478260869565216 0.11789473684210526 0.06354515050167224
0 0.1031578947368421 0.4498327759197324 0.10631578947368421 0.07692307692307693
0 0.25684210526315787 0.45484949832775917 0.10842105263157895 0.07692307692307693
0 0.42105263157894735 0.4782608695652174 0.11894736842105263 0.07859531772575251
0 0.9642105263157895 0.5066889632107023 0.03263157894736842 0.10033444816053512
