0 0.6178947368421053 0.5418060200668896 0.15263157894736842 0.10535117056856187
0 0.32421052631578945 0.5468227424749164 0.13052631578947368 0.11705685618729098
0 0.7042105263157895 0.7959866220735786 0.26105263157894737 0.16387959866220736
0 0.03263157894736842 0.15384615384615385 0.0431578947368421 0.021739130434782608
0 0.01368421052631579 0.1939799331103679 0.028421052631578948 0.028428093645484948
0 0.05368421052631579 0.2140468227424749 0.02736842105263158 0.030100334448160536
0 0.037894736842105266 0.3210702341137124 0.045263157894736845 0.07859531772575251
0 0.03894736842105263 0.38294314381270905 0.06210526315789474 0.061872909698996656
0 0.16 0.39464882943143814 0.0968421052631579 0.08361204013377926
0 0.37684210526315787 0.4331103678929766 0.11789473684210526 0.06521739130434782
0 0.1031578947368421 0.4498327759197324 0.10736842105263159 0.07692307692307693
0 0.25684210526315787 0.4531772575250836 0.10842105263157895 0.07859531772575251
0 0.42210526315789476 0.479933110367893 0.11894736842105263 0.07859531772575251
0 0.9652631578947368 0.5066889632107023 0.03263157894736842 0.10033444816053512
