0 0.5694736842105264 0.5418060200668896 0.14736842105263157 0.10367892976588629
0 0.6073684210526316 0.7959866220735786 0.26 0.1705685618729097
0 0.03368421052631579 0.15384615384615385 0.04421052631578947 0.021739130434782608
0 0.05473684210526316 0.205685618729097 0.022105263157894735 0.021739130434782608
0 0.03263157894736842 0.3745819397993311 0.05578947368421053 0.06020066889632107
0 0.14842105263157895 0.3862876254180602 0.08526315789473685 0.08528428093645485
0 0.38 0.43645484949832775 0.11263157894736842 0.056856187290969896
0 0.08105263157894736 0.4397993311036789 0.1031578947368421 0.07692307692307693
0 0.23473684210526316 0.4531772575250836 0.11157894736842106 0.07023411371237458
0 0.40210526315789474 0.47491638795986624 0.11473684210526315 0.08193979933110368
0 0.9189473684210526 0.5133779264214047 0.08210526315789474 0.09364548494983277
0 0.27789473684210525 0.5434782608695652 0.13263157894736843 0.08695652173913043
