0 0.5526315789473685 0.794314381270903 0.2536842105263158 0.16555183946488294
0 0.03263157894736842 0.15384615384615385 0.04421052631578947 0.023411371237458192
0 0.05368421052631579 0.2040133779264214 0.023157894736842106 0.023411371237458192
0 0.031578947368421054 0.3528428093645485 0.04736842105263158 0.07023411371237458
0 0.14105263157894737 0.38294314381270905 0.08210526315789474 0.07357859531772576
0 0.07368421052631578 0.4280936454849498 0.09578947368421052 0.07859531772575251
0 0.38 0.43478260869565216 0.11052631578947368 0.05852842809364549
0 0.22842105263157894 0.4498327759197324 0.1031578947368421 0.07190635451505016
0 0.39789473684210525 0.4765886287625418 0.11263157894736842 0.08193979933110368
0 0.8926315789473684 0.520066889632107 0.10842105263157895 0.09866220735785954
0 0.2673684210526316 0.5434782608695652 0.12631578947368421 0.07859531772575251
0 0.5442105263157895 0.5635451505016722 0.14421052631578948 0.08193979933110368
