0 0.5936842105263158 0.5384615384615384 0.15157894736842106 0.11204013377926421
0 0.29789473684210527 0.540133779264214 0.1368421052631579 0.12876254180602006
0 0.6578947368421053 0.794314381270903 0.2578947368421053 0.15551839464882944
0 0.031578947368421054 0.15384615384615385 0.045263157894736845 0.023411371237458192
0 0.05578947368421053 0.205685618729097 0.023157894736842106 0.02508361204013378
0 0.037894736842105266 0.3795986622073579 0.056842105263157895 0.05852842809364549
0 0.15052631578947367 0.39464882943143814 0.09157894736842105 0.07692307692307693
0 0.37684210526315787 0.4331103678929766 0.11473684210526315 0.061872909698996656
0 0.09052631578947369 0.44481605351170567 0.10842105263157895 0.07692307692307693
0 0.2505263157894737 0.4531772575250836 0.10526315789473684 0.07859531772575251
0 0.4105263157894737 0.479933110367893 0.11052631578947368 0.07525083612040134
0 0.9378947368421052 0.5 0.06421052631578947 0.10869565217391304
