0 0.58 0.540133779264214 0.15473684210526314 0.10869565217391304
0 0.6263157894736842 0.794314381270903 0.2631578947368421 0.16555183946488294
0 0.031578947368421054 0.15384615384615385 0.045263157894736845 0.021739130434782608
0 0.05473684210526316 0.20735785953177258 0.023157894736842106 0.023411371237458192
0 0.034736842105263156 0.3779264214046823 0.05578947368421053 0.06020066889632107
0 0.15157894736842106 0.391304347826087 0.08736842105263158 0.07859531772575251
0 0.3778947368421053 0.43478260869565216 0.11473684210526315 0.061872909698996656
0 0.08736842105263158 0.4414715719063545 0.10421052631578948 0.07525083612040134
0 0.23894736842105263 0.451505016722408 0.11052631578947368 0.0802675585284281
0 0.4073684210526316 0.4782608695652174 0.11263157894736842 0.07859531772575251
0 0.9315789473684211 0.5083612040133779 0.07157894736842105 0.10033444816053512
0 0.2894736842105263 0.5484949832775919 0.13157894736842105 0.0802675585284281
