0 0.6063157894736843 0.5418060200668896 0.15368421052631578 0.10535117056856187
0 0.3136842105263158 0.5434782608695652 0.13473684210526315 0.11872909698996656
0 0.6778947368421052 0.7959866220735786 0.2578947368421053 0.1605351170568562
0 0.03263157894736842 0.15384615384615385 0.04421052631578947 0.021739130434782608
0 0.05157894736842105 0.2140468227424749 0.028421052631578948 0.028428093645484948
0 0.037894736842105266 0.31605351170568563 0.045263157894736845 0.07859531772575251
0 0.037894736842105266 0.3862876254180602 0.06 0.056856187290969896
0 0.1568421052631579 0.39464882943143814 0.09473684210526316 0.08193979933110368
0 0.3778947368421053 0.4331103678929766 0.11578947368421053 0.06521739130434782
0 0.1 0.44648829431438125 0.10526315789473684 0.07859531772575251
0 0.2536842105263158 0.4531772575250836 0.10526315789473684 0.0802675585284281
0 0.4147368421052632 0.48327759197324416 0.10736842105263159 0.07023411371237458
0 0.9578947368421052 0.5033444816053512 0.04 0.10535117056856187
