0 0.4884210526315789 0.7976588628762542 0.20842105263157895 0.15384615384615385
0 0.031578947368421054 0.15217391304347827 0.045263157894736845 0.02508361204013378
0 0.18947368421052632 0.15719063545150502 0.056842105263157895 0.05518394648829431
0 0.05157894736842105 0.20066889632107024 0.02526315789473684 0.026755852842809364
0 0.12421052631578948 0.3712374581939799 0.08315789473684211 0.08193979933110368
0 0.05578947368421053 0.4197324414715719 0.09473684210526316 0.07190635451505016
0 0.3821052631578947 0.43645484949832775 0.10947368421052632 0.05518394648829431
0 0.2073684210526316 0.4431438127090301 0.10210526315789474 0.07692307692307693
0 0.3778947368421053 0.4698996655518395 0.1168421052631579 0.08528428093645485
0 0.2305263157894737 0.5250836120401338 0.12947368421052632 0.08862876254180602
0 0.8515789473684211 0.5317725752508361 0.12842105263157894 0.09364548494983277
0 0.49473684210526314 0.5618729096989966 0.14210526315789473 0.08193979933110368
