0 0.4863157894736842 0.7959866220735786 0.21157894736842106 0.15551839464882944
0 0.03263157894736842 0.15384615384615385 0.045263157894736845 0.023411371237458192
0 0.05263157894736842 0.20066889632107024 0.02526315789473684 0.026755852842809364
0 0.12526315789473685 0.3712374581939799 0.08105263157894736 0.08193979933110368
0 0.05578947368421053 0.4214046822742475 0.09473684210526316 0.07357859531772576
0 0.38105263157894737 0.43645484949832775 0.11052631578947368 0.056856187290969896
0 0.2073684210526316 0.4431438127090301 0.10210526315789474 0.07692307692307693
0 0.37894736842105264 0.47157190635451507 0.11578947368421053 0.08361204013377926
0 0.2305263157894737 0.5250836120401338 0.13052631578947368 0.08862876254180602
0 0.8515789473684211 0.5317725752508361 0.12842105263157894 0.09364548494983277
0 0.4957894736842105 0.5618729096989966 0.14105263157894737 0.08193979933110368
