0 0.5010526315789474 0.5418060200668896 0.15578947368421053 0.10702341137123746
0 0.5168421052631579 0.7926421404682275 0.2073684210526316 0.15719063545150502
0 0.03263157894736842 0.15551839464882944 0.04421052631578947 0.023411371237458192
0 0.05263157894736842 0.20234113712374582 0.024210526315789474 0.026755852842809364
0 0.02736842105263158 0.3494983277591973 0.04842105263157895 0.06354515050167224
0 0.12842105263157894 0.3745819397993311 0.08105263157894736 0.0802675585284281
0 0.061052631578947365 0.4230769230769231 0.09368421052631579 0.07357859531772576
0 0.38105263157894737 0.43812709030100333 0.10947368421052632 0.05351170568561873
0 0.21157894736842106 0.44481605351170567 0.10736842105263159 0.07692307692307693
0 0.37894736842105264 0.47324414715719065 0.11894736842105263 0.08193979933110368
0 0.24526315789473685 0.5351170568561873 0.12105263157894737 0.08695652173913043
0 0.8621052631578947 0.5301003344481605 0.12947368421052632 0.09698996655518395
