0 0.5010526315789474 0.5418060200668896 0.15578947368421053 0.10702341137123746
0 0.5136842105263157 0.7926421404682275 0.2094736842105263 0.15719063545150502
0 0.03263157894736842 0.15551839464882944 0.04421052631578947 0.023411371237458192
0 0.05263157894736842 0.20234113712374582 0.024210526315789474 0.026755852842809364
0 0.02736842105263158 0.34782608695652173 0.04736842105263158 0.06521739130434782
0 0.061052631578947365 0.4230769230769231 0.09368421052631579 0.07357859531772576
0 0.38105263157894737 0.43812709030100333 0.10947368421052632 0.05351170568561873
0 0.21157894736842106 0.44481605351170567 0.10736842105263159 0.07525083612040134
0 0.37894736842105264 0.47324414715719065 0.12 0.08193979933110368
0 0.24526315789473685 0.5351170568561873 0.12105263157894737 0.08695652173913043
0 0.8589473684210527 0.5250836120401338 0.12842105263157894 0.10535117056856187
