0 0.871578947368421 0.5133779264214047 0.12842105263157894 0.12709030100334448
0 0.5273684210526316 0.5551839464882943 0.15789473684210525 0.09364548494983277
0 0.5305263157894737 0.7926421404682275 0.24947368421052632 0.15551839464882944
0 0.031578947368421054 0.15551839464882944 0.045263157894736845 0.023411371237458192
0 0.05473684210526316 0.2040133779264214 0.023157894736842106 0.02508361204013378
0 0.031578947368421054 0.34782608695652173 0.04631578947368421 0.06856187290969899
0 0.13473684210526315 0.3795986622073579 0.08421052631578947 0.0802675585284281
0 0.06947368421052631 0.42474916387959866 0.09789473684210526 0.07859531772575251
0 0.38 0.43645484949832775 0.11052631578947368 0.056856187290969896
0 0.22736842105263158 0.4498327759197324 0.10105263157894737 0.07190635451505016
0 0.3936842105263158 0.4782608695652174 0.11789473684210526 0.07859531772575251
0 0.25473684210526315 0.5351170568561873 0.12947368421052632 0.0903010033444816
