0 0.5031578947368421 0.7909698996655519 0.2431578947368421 0.17558528428093645
0 0.03263157894736842 0.15551839464882944 0.04421052631578947 0.023411371237458192
0 0.05368421052631579 0.2040133779264214 0.023157894736842106 0.023411371237458192
0 0.02736842105263158 0.34782608695652173 0.049473684210526316 0.06856187290969899
0 0.12947368421052632 0.3779264214046823 0.08315789473684211 0.07859531772575251
0 0.06421052631578947 0.42474916387959866 0.09578947368421052 0.07692307692307693
0 0.38 0.43645484949832775 0.11052631578947368 0.056856187290969896
0 0.21789473684210525 0.4431438127090301 0.10526315789473684 0.07859531772575251
0 0.38421052631578945 0.47491638795986624 0.11789473684210526 0.08361204013377926
0 0.24947368421052632 0.5351170568561873 0.12526315789473685 0.08862876254180602
0 0.8673684210526316 0.5301003344481605 0.13052631578947368 0.09698996655518395
0 0.5189473684210526 0.5568561872909699 0.1431578947368421 0.08862876254180602
