0 0.42 0.7909698996655519 0.2 0.17558528428093645
0 0.031578947368421054 0.15551839464882944 0.045263157894736845 0.023411371237458192
0 0.18947368421052632 0.15719063545150502 0.05578947368421053 0.05351170568561873
0 0.04842105263157895 0.19732441471571907 0.02631578947368421 0.026755852842809364
0 0.03894736842105263 0.29264214046822745 0.03368421052631579 0.043478260869565216
0 0.02526315789473684 0.3377926421404682 0.04421052631578947 0.05016722408026756
0 0.11368421052631579 0.36622073578595316 0.08105263157894736 0.08193979933110368
0 0.045263157894736845 0.41304347826086957 0.08842105263157894 0.07525083612040134
0 0.19157894736842104 0.42642140468227424 0.10210526315789474 0.08695652173913043
0 0.38 0.43478260869565216 0.11473684210526315 0.056856187290969896
0 0.36947368421052634 0.4682274247491639 0.12421052631578948 0.08695652173913043
0 0.21473684210526317 0.520066889632107 0.1231578947368421 0.08528428093645485
0 0.8126315789473684 0.540133779264214 0.14105263157894737 0.09197324414715718
0 0.4589473684210526 0.560200668896321 0.14421052631578948 0.08193979933110368
