0 0.42105263157894735 0.7909698996655519 0.2 0.17391304347826086
0 0.031578947368421054 0.15384615384615385 0.045263157894736845 0.02508361204013378
0 0.18947368421052632 0.15551839464882944 0.05578947368421053 0.05518394648829431
0 0.049473684210526316 0.19899665551839466 0.02631578947368421 0.026755852842809364
0 0.02526315789473684 0.3377926421404682 0.04421052631578947 0.05016722408026756
0 0.11368421052631579 0.36622073578595316 0.08105263157894736 0.08193979933110368
0 0.04421052631578947 0.4096989966555184 0.08736842105263158 0.07190635451505016
0 0.19157894736842104 0.42642140468227424 0.10210526315789474 0.08695652173913043
0 0.38105263157894737 0.43478260869565216 0.11368421052631579 0.05518394648829431
0 0.36947368421052634 0.4682274247491639 0.12421052631578948 0.08695652173913043
0 0.21473684210526317 0.520066889632107 0.12421052631578948 0.08528428093645485
0 0.8126315789473684 0.5418060200668896 0.14105263157894737 0.09197324414715718
0 0.4589473684210526 0.560200668896321 0.14421052631578948 0.08361204013377926
