0 0.4336842105263158 0.5384615384615384 0.16421052631578947 0.11371237458193979
0 0.37684210526315787 0.7909698996655519 0.1936842105263158 0.17892976588628762
0 0.031578947368421054 0.15384615384615385 0.045263157894736845 0.02508361204013378
0 0.18947368421052632 0.1588628762541806 0.05263157894736842 0.0451505016722408
0 0.04631578947368421 0.1939799331103679 0.02631578947368421 0.028428093645484948
0 0.034736842105263156 0.28762541806020064 0.03684210526315789 0.043478260869565216
0 0.024210526315789474 0.33277591973244147 0.04421052631578947 0.05351170568561873
0 0.10736842105263159 0.36454849498327757 0.07684210526315789 0.0802675585284281
0 0.04 0.4080267558528428 0.08315789473684211 0.06688963210702341
0 0.18421052631578946 0.4280936454849498 0.09473684210526316 0.0802675585284281
0 0.38 0.43478260869565216 0.11789473684210526 0.05518394648829431
0 0.3547368421052632 0.47157190635451507 0.12526315789473685 0.08193979933110368
0 0.20210526315789473 0.5167224080267558 0.11789473684210526 0.08361204013377926
0 0.783157894736842 0.5484949832775919 0.1463157894736842 0.0903010033444816
