0 0.42105263157894735 0.7926421404682275 0.19894736842105262 0.1705685618729097
0 0.03263157894736842 0.15384615384615385 0.04421052631578947 0.023411371237458192
0 0.04842105263157895 0.19732441471571907 0.02631578947368421 0.026755852842809364
0 0.024210526315789474 0.3377926421404682 0.045263157894736845 0.05016722408026756
0 0.11473684210526315 0.36789297658862874 0.08 0.0802675585284281
0 0.04421052631578947 0.4096989966555184 0.08736842105263158 0.07190635451505016
0 0.19157894736842104 0.4280936454849498 0.10210526315789474 0.08695652173913043
0 0.38105263157894737 0.43478260869565216 0.11368421052631579 0.05518394648829431
0 0.3684210526315789 0.4682274247491639 0.12421052631578948 0.08695652173913043
0 0.21473684210526317 0.5183946488294314 0.1231578947368421 0.08528428093645485
0 0.8126315789473684 0.540133779264214 0.14 0.09197324414715718
0 0.4589473684210526 0.560200668896321 0.14421052631578948 0.08361204013377926
