0 0.4147368421052632 0.5418060200668896 0.15157894736842106 0.10033444816053512
0 0.7642105263157895 0.5418060200668896 0.14 0.1254180602006689
0 0.031578947368421054 0.15384615384615385 0.04631578947368421 0.02508361204013378
0 0.18947368421052632 0.1605351170568562 0.05263157894736842 0.043478260869565216
0 0.04421052631578947 0.1939799331103679 0.028421052631578948 0.028428093645484948
0 0.024210526315789474 0.33444816053511706 0.0431578947368421 0.043478260869565216
0 0.035789473684210524 0.4013377926421405 0.07368421052631578 0.061872909698996656
0 0.1726315789473684 0.42474916387959866 0.09578947368421052 0.0802675585284281
0 0.3778947368421053 0.43478260869565216 0.12105263157894737 0.05852842809364549
0 0.35157894736842105 0.47157190635451507 0.12421052631578948 0.07859531772575251
0 0.18736842105263157 0.5100334448160535 0.11894736842105263 0.0903010033444816
