0 0.3273684210526316 0.4397993311036789 0.18105263157894738 0.10033444816053512
0 0.17578947368421052 0.8311036789297659 0.2694736842105263 0.1488294314381271
0 0.030526315789473683 0.15384615384615385 0.045263157894736845 0.02508361204013378
0 0.18947368421052632 0.15719063545150502 0.05578947368421053 0.05351170568561873
0 0.04105263157894737 0.19063545150501673 0.028421052631578948 0.030100334448160536
0 0.03894736842105263 0.27424749163879597 0.031578947368421054 0.03177257525083612
0 0.024210526315789474 0.3177257525083612 0.03894736842105263 0.038461538461538464
0 0.09157894736842105 0.34615384615384615 0.08842105263157894 0.0802675585284281
0 0.022105263157894735 0.38461538461538464 0.07263157894736842 0.06856187290969899
0 0.16 0.411371237458194 0.08421052631578947 0.06688963210702341
0 0.37473684210526315 0.43645484949832775 0.12631578947368421 0.05852842809364549
0 0.33052631578947367 0.4782608695652174 0.10105263157894737 0.06521739130434782
0 0.17157894736842105 0.5033444816053512 0.11052631578947368 0.08361204013377926
0 0.3684210526315789 0.5451505016722408 0.14947368421052631 0.0903010033444816
0 0.7178947368421053 0.5618729096989966 0.13789473684210526 0.08695652173913043
