0 0.41368421052631577 0.5418060200668896 0.15263157894736842 0.10033444816053512
0 0.7642105263157895 0.5418060200668896 0.14105263157894737 0.1254180602006689
0 0.031578947368421054 0.15384615384615385 0.04631578947368421 0.02508361204013378
0 0.18947368421052632 0.1605351170568562 0.05263157894736842 0.043478260869565216
0 0.04421052631578947 0.1956521739130435 0.028421052631578948 0.026755852842809364
0 0.024210526315789474 0.33444816053511706 0.0431578947368421 0.043478260869565216
0 0.035789473684210524 0.4013377926421405 0.07368421052631578 0.061872909698996656
0 0.1736842105263158 0.42474916387959866 0.09578947368421052 0.0802675585284281
0 0.3778947368421053 0.43645484949832775 0.12210526315789473 0.06020066889632107
0 0.3505263157894737 0.47324414715719065 0.1231578947368421 0.07692307692307693
0 0.18736842105263157 0.5083612040133779 0.11894736842105263 0.09197324414715718
