0 0.3757894736842105 0.5451505016722408 0.16842105263157894 0.09364548494983277
0 0.031578947368421054 0.15384615384615385 0.045263157894736845 0.023411371237458192
0 0.18947368421052632 0.15719063545150502 0.05578947368421053 0.05351170568561873
0 0.042105263157894736 0.19230769230769232 0.02736842105263158 0.028428093645484948
0 0.03684210526315789 0.27759197324414714 0.03263157894736842 0.033444816053511704
0 0.024210526315789474 0.3210702341137124 0.03894736842105263 0.03678929765886288
0 0.09263157894736843 0.34782608695652173 0.08105263157894736 0.07692307692307693
0 0.02736842105263158 0.39297658862876256 0.07157894736842105 0.06856187290969899
0 0.1631578947368421 0.41638795986622074 0.0863157894736842 0.07525083612040134
0 0.3831578947368421 0.43812709030100333 0.11473684210526315 0.05351170568561873
0 0.33789473684210525 0.4498327759197324 0.15789473684210525 0.07357859531772576
0 0.3336842105263158 0.47324414715719065 0.10526315789473684 0.07190635451505016
0 0.1726315789473684 0.5 0.11263157894736842 0.08862876254180602
0 0.7294736842105263 0.5585284280936454 0.13473684210526315 0.08862876254180602
