0 0.10736842105263159 0.8043478260869565 0.23684210526315788 0.1505016722408027
0 0.03263157894736842 0.15384615384615385 0.0431578947368421 0.023411371237458192
0 0.18947368421052632 0.15719063545150502 0.056842105263157895 0.05351170568561873
0 0.021052631578947368 0.31270903010033446 0.03894736842105263 0.04013377926421405
0 0.08736842105263158 0.3411371237458194 0.08947368421052632 0.08862876254180602
0 0.018947368421052633 0.3779264214046823 0.06947368421052631 0.06688963210702341
0 0.14210526315789473 0.40468227424749165 0.08315789473684211 0.07357859531772576
0 0.3863157894736842 0.43478260869565216 0.11368421052631579 0.06688963210702341
0 0.3063157894736842 0.46321070234113715 0.10842105263157895 0.08528428093645485
0 0.15263157894736842 0.4983277591973244 0.1031578947368421 0.07692307692307693
0 0.3494736842105263 0.5367892976588629 0.13894736842105262 0.09197324414715718
0 0.6821052631578948 0.5618729096989966 0.13789473684210526 0.08528428093645485
