0 0.18526315789473685 0.8177257525083612 0.25157894736842107 0.14046822742474915
0 0.030526315789473683 0.15384615384615385 0.045263157894736845 0.02508361204013378
0 0.18947368421052632 0.15719063545150502 0.056842105263157895 0.05351170568561873
0 0.04105263157894737 0.19063545150501673 0.028421052631578948 0.028428093645484948
0 0.03894736842105263 0.27424749163879597 0.031578947368421054 0.033444816053511704
0 0.024210526315789474 0.3177257525083612 0.04 0.038461538461538464
0 0.022105263157894735 0.38461538461538464 0.07263157894736842 0.07023411371237458
0 0.15894736842105264 0.411371237458194 0.08526315789473685 0.06688963210702341
0 0.3736842105263158 0.43812709030100333 0.12736842105263158 0.06020066889632107
0 0.33052631578947367 0.4782608695652174 0.10105263157894737 0.06688963210702341
0 0.1726315789473684 0.5033444816053512 0.10947368421052632 0.08361204013377926
0 0.36736842105263157 0.5451505016722408 0.15052631578947367 0.0903010033444816
0 0.7189473684210527 0.560200668896321 0.1368421052631579 0.08695652173913043
