0 0.29473684210526313 0.4397993311036789 0.18 0.10033444816053512
0 0.09894736842105263 0.7976588628762542 0.22736842105263158 0.15719063545150502
0 0.03263157894736842 0.15217391304347827 0.04421052631578947 0.02508361204013378
0 0.18947368421052632 0.15719063545150502 0.05578947368421053 0.05351170568561873
0 0.022105263157894735 0.3110367892976589 0.03894736842105263 0.043478260869565216
0 0.08736842105263158 0.3394648829431438 0.09263157894736843 0.09364548494983277
0 0.016842105263157894 0.3762541806020067 0.06842105263157895 0.06354515050167224
0 0.13894736842105262 0.40468227424749165 0.08210526315789474 0.07357859531772576
0 0.38526315789473686 0.43478260869565216 0.11473684210526315 0.06856187290969899
0 0.15157894736842106 0.49665551839464883 0.10105263157894737 0.07692307692307693
0 0.3431578947368421 0.5384615384615384 0.13578947368421052 0.0903010033444816
0 0.6694736842105263 0.5652173913043478 0.13894736842105262 0.0802675585284281
