0 0.14526315789473684 0.802675585284281 0.2294736842105263 0.1488294314381271
0 0.031578947368421054 0.15217391304347827 0.0431578947368421 0.02508361204013378
0 0.18947368421052632 0.15551839464882944 0.056842105263157895 0.05518394648829431
0 0.023157894736842106 0.31270903010033446 0.04 0.04180602006688963
0 0.08947368421052632 0.342809364548495 0.08526315789473685 0.08361204013377926
0 0.021052631578947368 0.3779264214046823 0.06947368421052631 0.06856187290969899
0 0.1431578947368421 0.4096989966555184 0.08736842105263158 0.06354515050167224
0 0.38105263157894737 0.43645484949832775 0.11894736842105263 0.061872909698996656
0 0.3094736842105263 0.4682274247491639 0.11263157894736842 0.07859531772575251
0 0.1568421052631579 0.4983277591973244 0.10947368421052632 0.0802675585284281
0 0.3631578947368421 0.540133779264214 0.13157894736842105 0.08862876254180602
0 0.6926315789473684 0.5635451505016722 0.14 0.08361204013377926
