0 0.004210526315789474 0.802675585284281 0.2031578947368421 0.14715719063545152
0 0.031578947368421054 0.15384615384615385 0.04736842105263158 0.023411371237458192
0 0.022105263157894735 0.29264214046822745 0.035789473684210524 0.03511705685618729
0 0.07894736842105263 0.32608695652173914 0.06210526315789474 0.07859531772575251
0 0.008421052631578947 0.3595317725752508 0.06 0.06354515050167224
0 0.1168421052631579 0.38461538461538464 0.07578947368421053 0.06521739130434782
0 0.37894736842105264 0.4331103678929766 0.12105263157894737 0.06856187290969899
0 0.26210526315789473 0.44816053511705684 0.11263157894736842 0.08361204013377926
0 0.11263157894736842 0.4765886287625418 0.10631578947368421 0.0802675585284281
0 0.30105263157894735 0.520066889632107 0.13157894736842105 0.09698996655518395
0 0.611578947368421 0.5652173913043478 0.13157894736842105 0.08695652173913043
