0 0.04 0.794314381270903 0.23894736842105263 0.16555183946488294
0 0.021052631578947368 0.2993311036789298 0.03684210526315789 0.03511705685618729
0 0.08315789473684211 0.3377926421404682 0.06421052631578947 0.08862876254180602
0 0.01368421052631579 0.3729096989966555 0.06210526315789474 0.06020066889632107
0 0.1336842105263158 0.3979933110367893 0.07473684210526316 0.06688963210702341
0 0.3757894736842105 0.43478260869565216 0.12526315789473685 0.06688963210702341
0 0.28842105263157897 0.451505016722408 0.10631578947368421 0.07859531772575251
0 0.1368421052631579 0.4882943143812709 0.10105263157894737 0.07859531772575251
0 0.32105263157894737 0.5367892976588629 0.13894736842105262 0.09197324414715718
0 0.6452631578947369 0.5668896321070234 0.1368421052631579 0.08361204013377926
