0 0.0010526315789473684 0.802675585284281 0.18 0.14381270903010032
0 0.031578947368421054 0.15384615384615385 0.04736842105263158 0.023411371237458192
0 0.18947368421052632 0.15719063545150502 0.05578947368421053 0.05351170568561873
0 0.021052631578947368 0.2909698996655518 0.03684210526315789 0.038461538461538464
0 0.07789473684210527 0.32441471571906355 0.06210526315789474 0.08361204013377926
0 0.00631578947368421 0.35785953177257523 0.061052631578947365 0.06354515050167224
0 0.11473684210526315 0.38294314381270905 0.07368421052631578 0.06521739130434782
0 0.38 0.43478260869565216 0.12210526315789473 0.06688963210702341
0 0.2578947368421053 0.44481605351170567 0.11263157894736842 0.08361204013377926
0 0.10947368421052632 0.47491638795986624 0.10105263157894737 0.0802675585284281
0 0.29157894736842105 0.5217391304347826 0.13894736842105262 0.09197324414715718
0 0.6010526315789474 0.5668896321070234 0.12736842105263158 0.08193979933110368
