0 0.009473684210526316 0.7959866220735786 0.21894736842105264 0.15384615384615385
0 0.031578947368421054 0.15384615384615385 0.04631578947368421 0.023411371237458192
0 0.021052631578947368 0.29431438127090304 0.03684210526315789 0.038461538461538464
0 0.009473684210526316 0.3612040133779264 0.06210526315789474 0.06354515050167224
0 0.12105263157894737 0.38461538461538464 0.07578947368421053 0.07023411371237458
0 0.38105263157894737 0.43478260869565216 0.11894736842105263 0.06688963210702341
0 0.28 0.44816053511705684 0.10736842105263159 0.07525083612040134
0 0.12105263157894737 0.479933110367893 0.10210526315789474 0.0802675585284281
0 0.3105263157894737 0.5234113712374582 0.1336842105263158 0.09364548494983277
0 0.6252631578947369 0.5668896321070234 0.12842105263157894 0.0802675585284281
