0 0.0010526315789473684 0.8010033444816054 0.18105263157894738 0.14715719063545152
0 0.031578947368421054 0.15217391304347827 0.04631578947368421 0.023411371237458192
0 0.021052631578947368 0.2909698996655518 0.03684210526315789 0.03678929765886288
0 0.07684210526315789 0.32441471571906355 0.06210526315789474 0.08361204013377926
0 0.00631578947368421 0.35618729096989965 0.061052631578947365 0.061872909698996656
0 0.11473684210526315 0.38294314381270905 0.07368421052631578 0.06521739130434782
0 0.37894736842105264 0.43478260869565216 0.12105263157894737 0.06688963210702341
0 0.25894736842105265 0.44481605351170567 0.11157894736842106 0.08193979933110368
0 0.10842105263157895 0.47491638795986624 0.10210526315789474 0.07859531772575251
0 0.29157894736842105 0.5217391304347826 0.13894736842105262 0.09197324414715718
0 0.6010526315789474 0.5668896321070234 0.12736842105263158 0.08361204013377926
