0 0.002105263157894737 0.8010033444816054 0.1 0.14214046822742474
0 0.030526315789473683 0.15217391304347827 0.05052631578947368 0.023411371237458192
0 0.18947368421052632 0.15551839464882944 0.056842105263157895 0.05518394648829431
0 0.021052631578947368 0.28762541806020064 0.03368421052631579 0.04013377926421405
0 0.004210526315789474 0.34782608695652173 0.05368421052631579 0.06521739130434782
0 0.07052631578947369 0.32608695652173914 0.09789473684210526 0.10702341137123746
0 0.09789473684210526 0.3729096989966555 0.07473684210526316 0.06856187290969899
0 0.38 0.4331103678929766 0.12 0.06856187290969899
0 0.24526315789473685 0.4397993311036789 0.1031578947368421 0.08528428093645485
0 0.09263157894736843 0.46488294314381273 0.09473684210526316 0.07525083612040134
0 0.26210526315789473 0.5183946488294314 0.14105263157894737 0.08695652173913043
0 0.5663157894736842 0.568561872909699 0.13052631578947368 0.08695652173913043
