0 0.03368421052631579 0.15384615384615385 0.04421052631578947 0.021739130434782608
0 0.19052631578947368 0.15719063545150502 0.05473684210526316 0.05351170568561873
0 0.037894736842105266 0.24247491638795987 0.031578947368421054 0.03177257525083612
0 0.024210526315789474 0.27424749163879597 0.034736842105263156 0.033444816053511704
0 0.005263157894736842 0.3394648829431438 0.04421052631578947 0.056856187290969896
0 0.07157894736842105 0.31438127090301005 0.07157894736842105 0.1020066889632107
0 0.2326315789473684 0.4280936454849498 0.09052631578947369 0.07525083612040134
0 0.38 0.431438127090301 0.11894736842105263 0.07190635451505016
0 0.07473684210526316 0.45652173913043476 0.09263157894736843 0.07023411371237458
0 0.2463157894736842 0.5083612040133779 0.13578947368421052 0.09364548494983277
0 0.5284210526315789 0.5668896321070234 0.1336842105263158 0.0903010033444816
