0 0.03263157894736842 0.15384615384615385 0.045263157894736845 0.021739130434782608
0 0.19052631578947368 0.15551839464882944 0.05473684210526316 0.05518394648829431
0 0.037894736842105266 0.24247491638795987 0.030526315789473683 0.03177257525083612
0 0.02526315789473684 0.27424749163879597 0.03368421052631579 0.033444816053511704
0 0.005263157894736842 0.3377926421404682 0.045263157894736845 0.05852842809364549
0 0.09894736842105263 0.35785953177257523 0.06421052631578947 0.06856187290969899
0 0.38105263157894737 0.4331103678929766 0.1168421052631579 0.07023411371237458
0 0.08 0.45652173913043476 0.09368421052631579 0.07357859531772576
0 0.2326315789473684 0.4397993311036789 0.09894736842105263 0.08193979933110368
0 0.24947368421052632 0.5083612040133779 0.14 0.09698996655518395
0 0.5421052631578948 0.5702341137123745 0.13157894736842105 0.08695652173913043
