0 0.030526315789473683 0.15384615384615385 0.04842105263157895 0.023411371237458192
0 0.19052631578947368 0.15719063545150502 0.05473684210526316 0.05351170568561873
0 0.029473684210526315 0.2491638795986622 0.035789473684210524 0.03678929765886288
0 0.024210526315789474 0.26421404682274247 0.035789473684210524 0.03678929765886288
0 0.004210526315789474 0.3294314381270903 0.029473684210526315 0.048494983277591976
0 0.07789473684210527 0.31605351170568563 0.06 0.09197324414715718
0 0.05157894736842105 0.431438127090301 0.08210526315789474 0.07525083612040134
0 0.1968421052631579 0.4214046822742475 0.09157894736842105 0.07692307692307693
0 0.38 0.431438127090301 0.12 0.07190635451505016
0 0.21263157894736842 0.5 0.13263157894736843 0.08862876254180602
0 0.48105263157894734 0.5652173913043478 0.12105263157894737 0.0802675585284281
