0 0.031578947368421054 0.15384615384615385 0.04736842105263158 0.021739130434782608
0 0.18947368421052632 0.1588628762541806 0.05263157894736842 0.0451505016722408
0 0.035789473684210524 0.2391304347826087 0.03368421052631579 0.03511705685618729
0 0.024210526315789474 0.2692307692307692 0.035789473684210524 0.03511705685618729
0 0.00631578947368421 0.33444816053511706 0.04 0.05518394648829431
0 0.08526315789473685 0.34615384615384615 0.06421052631578947 0.07357859531772576
0 0.21157894736842106 0.42474916387959866 0.09789473684210526 0.08193979933110368
0 0.37894736842105264 0.431438127090301 0.12105263157894737 0.07190635451505016
0 0.06526315789473684 0.451505016722408 0.0863157894736842 0.07023411371237458
0 0.24210526315789474 0.5 0.12210526315789473 0.08862876254180602
0 0.5178947368421053 0.5652173913043478 0.12 0.0903010033444816
