0 0.029473684210526315 0.15384615384615385 0.049473684210526316 0.023411371237458192
0 0.19052631578947368 0.15719063545150502 0.05473684210526316 0.05351170568561873
0 0.02631578947368421 0.24749163879598662 0.03894736842105263 0.038461538461538464
0 0.023157894736842106 0.26421404682274247 0.034736842105263156 0.03511705685618729
0 0.003157894736842105 0.3294314381270903 0.03263157894736842 0.05351170568561873
0 0.08105263157894736 0.3494983277591973 0.06315789473684211 0.07023411371237458
0 0.20210526315789473 0.4230769230769231 0.09157894736842105 0.0802675585284281
0 0.38 0.4331103678929766 0.11894736842105263 0.07023411371237458
0 0.056842105263157895 0.44481605351170567 0.08105263157894736 0.07190635451505016
0 0.21473684210526317 0.5016722408026756 0.1368421052631579 0.08695652173913043
0 0.4957894736842105 0.5652173913043478 0.11894736842105263 0.08361204013377926
