0 0.03263157894736842 0.15384615384615385 0.045263157894736845 0.021739130434782608
0 0.18947368421052632 0.1588628762541806 0.05157894736842105 0.0451505016722408
0 0.03684210526315789 0.24247491638795987 0.03263157894736842 0.033444816053511704
0 0.024210526315789474 0.2709030100334448 0.035789473684210524 0.03511705685618729
0 0.004210526315789474 0.3377926421404682 0.0431578947368421 0.056856187290969896
0 0.07368421052631578 0.31605351170568563 0.06842105263157895 0.10033444816053512
0 0.22210526315789475 0.42642140468227424 0.09578947368421052 0.07859531772575251
0 0.38 0.4331103678929766 0.12 0.07190635451505016
0 0.06842105263157895 0.45484949832775917 0.08947368421052632 0.06688963210702341
0 0.24210526315789474 0.5066889632107023 0.12947368421052632 0.09364548494983277
0 0.5210526315789473 0.568561872909699 0.13052631578947368 0.08528428093645485
