0 0.029473684210526315 0.15551839464882944 0.049473684210526316 0.023411371237458192
0 0.18947368421052632 0.15719063545150502 0.056842105263157895 0.05351170568561873
0 0.02736842105263158 0.2508361204013378 0.037894736842105266 0.03678929765886288
0 0.0 0.3110367892976589 0.030526315789473683 0.05351170568561873
0 0.07789473684210527 0.3177257525083612 0.04736842105263158 0.08193979933110368
0 0.17684210526315788 0.4080267558528428 0.08 0.06688963210702341
0 0.034736842105263156 0.42474916387959866 0.07578947368421053 0.06856187290969899
0 0.38 0.4331103678929766 0.11894736842105263 0.07023411371237458
0 0.18421052631578946 0.4916387959866221 0.12526315789473685 0.09364548494983277
0 0.44842105263157894 0.5652173913043478 0.11157894736842106 0.0802675585284281
