0 0.030526315789473683 0.15551839464882944 0.04736842105263158 0.023411371237458192
0 0.18947368421052632 0.15719063545150502 0.05578947368421053 0.05351170568561873
0 0.028421052631578948 0.2508361204013378 0.035789473684210524 0.033444816053511704
0 0.024210526315789474 0.2608695652173913 0.034736842105263156 0.04013377926421405
0 0.0010526315789473684 0.3110367892976589 0.029473684210526315 0.048494983277591976
0 0.07789473684210527 0.3193979933110368 0.04842105263157895 0.08193979933110368
0 0.16842105263157894 0.40635451505016723 0.08210526315789474 0.07692307692307693
0 0.034736842105263156 0.4230769230769231 0.07157894736842105 0.06688963210702341
0 0.38 0.4331103678929766 0.12 0.07190635451505016
0 0.1831578947368421 0.48494983277591974 0.12105263157894737 0.09866220735785954
0 0.4284210526315789 0.5652173913043478 0.12105263157894737 0.0802675585284281
