0 0.030526315789473683 0.15551839464882944 0.049473684210526316 0.023411371237458192
0 0.19052631578947368 0.15719063545150502 0.05473684210526316 0.05351170568561873
0 0.02526315789473684 0.2625418060200669 0.034736842105263156 0.038461538461538464
0 0.003157894736842105 0.32441471571906355 0.030526315789473683 0.056856187290969896
0 0.08 0.3193979933110368 0.05368421052631579 0.08695652173913043
0 0.045263157894736845 0.4331103678929766 0.08105263157894736 0.06856187290969899
0 0.19052631578947368 0.41638795986622074 0.08947368421052632 0.08361204013377926
0 0.38 0.431438127090301 0.12 0.07190635451505016
0 0.2031578947368421 0.49498327759197325 0.13473684210526315 0.09531772575250837
0 0.4747368421052632 0.5652173913043478 0.11578947368421053 0.07859531772575251
