0 0.031578947368421054 0.15384615384615385 0.04736842105263158 0.023411371237458192
0 0.19052631578947368 0.15719063545150502 0.05473684210526316 0.05351170568561873
0 0.02631578947368421 0.26421404682274247 0.03368421052631579 0.03511705685618729
0 0.0010526315789473684 0.31605351170568563 0.034736842105263156 0.056856187290969896
0 0.08 0.3193979933110368 0.049473684210526316 0.08528428093645485
0 0.0431578947368421 0.4297658862876254 0.07894736842105263 0.06856187290969899
0 0.1863157894736842 0.411371237458194 0.08736842105263158 0.0903010033444816
0 0.38 0.4331103678929766 0.12 0.07023411371237458
0 0.19894736842105262 0.49331103678929766 0.13052631578947368 0.09364548494983277
0 0.4557894736842105 0.5652173913043478 0.12736842105263158 0.08361204013377926
