0 0.42526315789473684 0.8160535117056856 0.18421052631578946 0.14715719063545152
0 0.18736842105263157 0.15719063545150502 0.05789473684210526 0.05351170568561873
0 0.024210526315789474 0.19899665551839466 0.028421052631578948 0.026755852842809364
0 0.004210526315789474 0.24414715719063546 0.024210526315789474 0.030100334448160536
0 0.05157894736842105 0.2625418060200669 0.042105263157894736 0.03511705685618729
0 0.0 0.3110367892976589 0.024210526315789474 0.04180602006688963
0 0.06947368421052631 0.31438127090301005 0.04421052631578947 0.0451505016722408
0 0.024210526315789474 0.391304347826087 0.07368421052631578 0.07525083612040134
0 0.3778947368421053 0.4331103678929766 0.12421052631578948 0.06856187290969899
0 0.17157894736842105 0.5066889632107023 0.11052631578947368 0.1020066889632107
