0 0.28526315789473683 0.8444816053511706 0.1968421052631579 0.13210702341137123
0 0.029473684210526315 0.15384615384615385 0.04736842105263158 0.023411371237458192
0 0.18736842105263157 0.15719063545150502 0.05789473684210526 0.051839464882943144
0 0.02631578947368421 0.19732441471571907 0.029473684210526315 0.028428093645484948
0 0.05052631578947368 0.2591973244147157 0.042105263157894736 0.03678929765886288
0 0.0 0.29431438127090304 0.024210526315789474 0.0451505016722408
0 0.06947368421052631 0.3093645484949833 0.04105263157894737 0.04180602006688963
0 0.018947368421052633 0.3795986622073579 0.06736842105263158 0.07023411371237458
0 0.3778947368421053 0.4331103678929766 0.12421052631578948 0.06856187290969899
0 0.14947368421052631 0.4983277591973244 0.10631578947368421 0.0802675585284281
