0 0.1431578947368421 0.8528428093645485 0.20105263157894737 0.13377926421404682
0 0.030526315789473683 0.15551839464882944 0.04736842105263158 0.023411371237458192
0 0.024210526315789474 0.19899665551839466 0.029473684210526315 0.026755852842809364
0 0.005263157894736842 0.22240802675585283 0.021052631578947368 0.033444816053511704
0 0.05368421052631579 0.25418060200668896 0.035789473684210524 0.033444816053511704
0 -0.0010526315789473684 0.2909698996655518 0.02631578947368421 0.04180602006688963
0 0.06842105263157895 0.29264214046822745 0.037894736842105266 0.04180602006688963
0 0.010526315789473684 0.3712374581939799 0.06421052631578947 0.06688963210702341
0 0.3778947368421053 0.43478260869565216 0.12421052631578948 0.06688963210702341
0 0.12947368421052632 0.4866220735785953 0.10105263157894737 0.1020066889632107
