0 0.4568421052631579 0.8862876254180602 0.21263157894736842 0.10869565217391304
0 0.029473684210526315 0.15551839464882944 0.05052631578947368 0.023411371237458192
0 0.18736842105263157 0.15719063545150502 0.056842105263157895 0.051839464882943144
0 0.05578947368421053 0.25752508361204013 0.04 0.038461538461538464
0 0.08315789473684211 0.34782608695652173 0.06210526315789474 0.07023411371237458
0 0.37894736842105264 0.4331103678929766 0.12210526315789473 0.07023411371237458
0 0.09368421052631579 0.459866220735786 0.08421052631578947 0.08695652173913043
0 0.9273684210526316 0.5066889632107023 0.07052631578947369 0.09531772575250837
0 0.48 0.5652173913043478 0.1431578947368421 0.09698996655518395
0 0.9326315789473684 0.745819397993311 0.06736842105263158 0.09698996655518395
