0 0.4463157894736842 0.5384615384615384 0.14421052631578948 0.10869565217391304
0 0.8831578947368421 0.7224080267558528 0.11263157894736842 0.13043478260869565
0 0.4336842105263158 0.8779264214046822 0.1736842105263158 0.12207357859531773
0 0.029473684210526315 0.15384615384615385 0.049473684210526316 0.02508361204013378
0 0.18736842105263157 0.15719063545150502 0.056842105263157895 0.051839464882943144
0 0.056842105263157895 0.2525083612040134 0.03684210526315789 0.03177257525083612
0 0.07789473684210527 0.33612040133779264 0.05789473684210526 0.06688963210702341
0 0.3778947368421053 0.431438127090301 0.12421052631578948 0.07357859531772576
0 0.08105263157894736 0.44816053511705684 0.07894736842105263 0.07190635451505016
0 0.9273684210526316 0.49665551839464883 0.07263157894736842 0.09197324414715718
