0 0.8578947368421053 0.7207357859531772 0.14421052631578948 0.12876254180602006
0 0.32526315789473687 0.8695652173913043 0.22526315789473683 0.12709030100334448
0 0.029473684210526315 0.15384615384615385 0.049473684210526316 0.02508361204013378
0 0.18736842105263157 0.15719063545150502 0.056842105263157895 0.051839464882943144
0 0.056842105263157895 0.2508361204013378 0.03684210526315789 0.030100334448160536
0 0.07473684210526316 0.3311036789297659 0.05578947368421053 0.06856187290969899
0 0.3778947368421053 0.431438127090301 0.1231578947368421 0.07357859531772576
0 0.07157894736842105 0.4414715719063545 0.08105263157894736 0.07859531772575251
0 0.9263157894736842 0.5083612040133779 0.07052631578947369 0.09364548494983277
0 0.44105263157894736 0.5468227424749164 0.12210526315789473 0.09197324414715718
