0 0.8578947368421053 0.7207357859531772 0.14526315789473684 0.13043478260869565
0 0.32526315789473687 0.8678929765886287 0.22421052631578947 0.12709030100334448
0 0.029473684210526315 0.15384615384615385 0.049473684210526316 0.02508361204013378
0 0.18736842105263157 0.15719063545150502 0.056842105263157895 0.051839464882943144
0 0.056842105263157895 0.2491638795986622 0.037894736842105266 0.03177257525083612
0 0.07578947368421053 0.33277591973244147 0.05473684210526316 0.06688963210702341
0 0.3778947368421053 0.431438127090301 0.1231578947368421 0.07357859531772576
0 0.07157894736842105 0.4414715719063545 0.08105263157894736 0.07859531772575251
0 0.9210526315789473 0.5066889632107023 0.08 0.09531772575250837
0 0.44 0.5484949832775919 0.1231578947368421 0.0903010033444816
