0 0.9063157894736842 0.7207357859531772 0.09263157894736843 0.1354515050167224
0 0.4231578947368421 0.9063545150501672 0.21157894736842106 0.09197324414715718
0 0.029473684210526315 0.15551839464882944 0.05052631578947368 0.023411371237458192
0 0.18736842105263157 0.15719063545150502 0.056842105263157895 0.051839464882943144
0 0.05578947368421053 0.25752508361204013 0.03894736842105263 0.038461538461538464
0 0.08105263157894736 0.34448160535117056 0.061052631578947365 0.07525083612040134
0 0.37684210526315787 0.4331103678929766 0.1231578947368421 0.07023411371237458
0 0.08842105263157894 0.4531772575250836 0.08105263157894736 0.07525083612040134
0 0.9273684210526316 0.5066889632107023 0.07052631578947369 0.09531772575250837
0 0.4673684210526316 0.5635451505016722 0.12631578947368421 0.08528428093645485
