0 0.44842105263157894 0.5384615384615384 0.1431578947368421 0.10869565217391304
0 0.8842105263157894 0.7224080267558528 0.11263157894736842 0.13043478260869565
0 0.43473684210526314 0.8762541806020067 0.17157894736842105 0.12207357859531773
0 0.029473684210526315 0.15551839464882944 0.05052631578947368 0.023411371237458192
0 0.18736842105263157 0.15719063545150502 0.056842105263157895 0.051839464882943144
0 0.056842105263157895 0.2525083612040134 0.037894736842105266 0.03177257525083612
0 0.07789473684210527 0.33612040133779264 0.05789473684210526 0.06688963210702341
0 0.3778947368421053 0.431438127090301 0.12421052631578948 0.07190635451505016
0 0.08105263157894736 0.44648829431438125 0.07894736842105263 0.07190635451505016
0 0.9284210526315789 0.49665551839464883 0.07157894736842105 0.09197324414715718
