0 0.4705263157894737 0.8929765886287625 0.22421052631578947 0.09866220735785954
0 0.029473684210526315 0.15551839464882944 0.05052631578947368 0.023411371237458192
0 0.18842105263157893 0.15719063545150502 0.056842105263157895 0.051839464882943144
0 0.05368421052631579 0.2625418060200669 0.0431578947368421 0.03511705685618729
0 0.08736842105263158 0.35618729096989965 0.06315789473684211 0.06354515050167224
0 0.37894736842105264 0.4331103678929766 0.12210526315789473 0.07023411371237458
0 0.10105263157894737 0.46488294314381273 0.08421052631578947 0.0802675585284281
0 0.9273684210526316 0.5066889632107023 0.07052631578947369 0.09698996655518395
0 0.4978947368421053 0.5719063545150501 0.13894736842105262 0.09531772575250837
0 0.96 0.7324414715719063 0.03684210526315789 0.11872909698996656
