0 0.7547368421052632 0.6956521739130435 0.18210526315789474 0.12207357859531773
0 0.1831578947368421 0.8678929765886287 0.25894736842105265 0.13043478260869565
0 0.028421052631578948 0.15384615384615385 0.05157894736842105 0.02508361204013378
0 0.18842105263157893 0.15719063545150502 0.05263157894736842 0.0451505016722408
0 0.05368421052631579 0.24247491638795987 0.037894736842105266 0.030100334448160536
0 0.06421052631578947 0.31270903010033446 0.05578947368421053 0.06354515050167224
0 0.05263157894736842 0.42642140468227424 0.07263157894736842 0.06354515050167224
0 0.37894736842105264 0.431438127090301 0.12210526315789473 0.07190635451505016
0 0.9221052631578948 0.5 0.07578947368421053 0.08695652173913043
0 0.3736842105263158 0.5250836120401338 0.13263157894736843 0.08528428093645485
