0 0.7073684210526315 0.6739130434782609 0.18 0.11872909698996656
0 0.10631578947368421 0.8678929765886287 0.26526315789473687 0.12876254180602006
0 0.029473684210526315 0.15384615384615385 0.05052631578947368 0.02508361204013378
0 0.18842105263157893 0.15719063545150502 0.05263157894736842 0.0451505016722408
0 0.05473684210526316 0.23578595317725753 0.034736842105263156 0.03177257525083612
0 0.061052631578947365 0.30434782608695654 0.05263157894736842 0.06521739130434782
0 0.049473684210526316 0.411371237458194 0.06631578947368422 0.06354515050167224
0 0.3778947368421053 0.4331103678929766 0.12210526315789473 0.07023411371237458
0 0.9210526315789473 0.5 0.07684210526315789 0.08695652173913043
0 0.35578947368421054 0.5167224080267558 0.10736842105263159 0.0802675585284281
