0 0.8010526315789473 0.7140468227424749 0.19157894736842104 0.12207357859531773
0 0.25684210526315787 0.8678929765886287 0.22736842105263158 0.12374581939799331
0 0.029473684210526315 0.15384615384615385 0.05052631578947368 0.02508361204013378
0 0.18736842105263157 0.15719063545150502 0.056842105263157895 0.051839464882943144
0 0.05473684210526316 0.24581939799331104 0.035789473684210524 0.028428093645484948
0 0.06947368421052631 0.3277591973244147 0.05473684210526316 0.06020066889632107
0 0.06736842105263158 0.431438127090301 0.07157894736842105 0.07023411371237458
0 0.37684210526315787 0.431438127090301 0.1231578947368421 0.07357859531772576
0 0.9221052631578948 0.5 0.07578947368421053 0.08695652173913043
0 0.4073684210526316 0.5418060200668896 0.12 0.08361204013377926
