0 0.8326315789473684 0.717391304347826 0.16736842105263158 0.13043478260869565
0 0.31157894736842107 0.862876254180602 0.21368421052631578 0.12374581939799331
0 0.029473684210526315 0.15384615384615385 0.05052631578947368 0.02508361204013378
0 0.18842105263157893 0.15719063545150502 0.056842105263157895 0.051839464882943144
0 0.056842105263157895 0.2491638795986622 0.037894736842105266 0.030100334448160536
0 0.06947368421052631 0.3294314381270903 0.05578947368421053 0.06354515050167224
0 0.07052631578947369 0.43645484949832775 0.07578947368421053 0.06688963210702341
0 0.3778947368421053 0.431438127090301 0.12421052631578948 0.07357859531772576
0 0.9210526315789473 0.5066889632107023 0.08 0.09531772575250837
0 0.42105263157894735 0.5468227424749164 0.12526315789473685 0.08193979933110368
