0 0.7368421052631579 0.6806020066889632 0.1726315789473684 0.11872909698996656
0 0.15157894736842106 0.8678929765886287 0.25157894736842107 0.13043478260869565
0 0.028421052631578948 0.15384615384615385 0.05157894736842105 0.02508361204013378
0 0.18736842105263157 0.15719063545150502 0.05578947368421053 0.051839464882943144
0 0.05368421052631579 0.23745819397993312 0.037894736842105266 0.033444816053511704
0 0.061052631578947365 0.3110367892976589 0.05578947368421053 0.06354515050167224
0 0.05052631578947368 0.41638795986622074 0.06842105263157895 0.06020066889632107
0 0.37894736842105264 0.431438127090301 0.12105263157894737 0.07190635451505016
0 0.9221052631578948 0.5 0.07578947368421053 0.08528428093645485
0 0.37157894736842106 0.5217391304347826 0.11052631578947368 0.08193979933110368
