0 0.7852631578947369 0.697324414715719 0.18526315789473685 0.1254180602006689
0 0.21263157894736842 0.8662207357859532 0.23157894736842105 0.12876254180602006
0 0.02736842105263158 0.15384615384615385 0.05263157894736842 0.02508361204013378
0 0.18842105263157893 0.15719063545150502 0.056842105263157895 0.051839464882943144
0 0.05263157894736842 0.24247491638795987 0.03894736842105263 0.03177257525083612
0 0.06736842105263158 0.32274247491638797 0.05368421052631579 0.06688963210702341
0 0.06 0.42642140468227424 0.07052631578947369 0.06856187290969899
0 0.3778947368421053 0.431438127090301 0.12210526315789473 0.07357859531772576
0 0.9210526315789473 0.5 0.07684210526315789 0.08695652173913043
0 0.3968421052631579 0.5351170568561873 0.11263157894736842 0.08862876254180602
