0 0.6578947368421053 0.6505016722408027 0.15157894736842106 0.11705685618729098
0 0.01263157894736842 0.8695652173913043 0.24 0.13210702341137123
0 0.030526315789473683 0.15551839464882944 0.04842105263157895 0.023411371237458192
0 0.18842105263157893 0.15719063545150502 0.05157894736842105 0.0451505016722408
0 0.056842105263157895 0.23076923076923078 0.030526315789473683 0.02508361204013378
0 0.05789473684210526 0.30434782608695654 0.0431578947368421 0.043478260869565216
0 0.035789473684210524 0.3979933110367893 0.06210526315789474 0.07023411371237458
0 0.38 0.4331103678929766 0.12 0.07023411371237458
0 0.31157894736842107 0.49665551839464883 0.11052631578947368 0.0903010033444816
0 0.9210526315789473 0.5 0.07684210526315789 0.08695652173913043
