0 0.6357894736842106 0.6387959866220736 0.1568421052631579 0.11036789297658862
0 0.007368421052631579 0.8612040133779264 0.21473684210526317 0.13712374581939799
0 0.030526315789473683 0.15551839464882944 0.04842105263157895 0.023411371237458192
0 0.18842105263157893 0.15719063545150502 0.05157894736842105 0.0451505016722408
0 0.05473684210526316 0.22742474916387959 0.034736842105263156 0.028428093645484948
0 0.05473684210526316 0.2976588628762542 0.045263157894736845 0.04180602006688963
0 0.03368421052631579 0.3879598662207358 0.061052631578947365 0.061872909698996656
0 0.38 0.4331103678929766 0.11894736842105263 0.07023411371237458
0 0.3021052631578947 0.4916387959866221 0.10526315789473684 0.08695652173913043
0 0.9210526315789473 0.4983277591973244 0.07684210526315789 0.08862876254180602
