0 0.6926315789473684 0.6672240802675585 0.17157894736842105 0.11872909698996656
0 0.08105263157894736 0.8645484949832776 0.2557894736842105 0.13377926421404682
0 0.029473684210526315 0.15551839464882944 0.049473684210526316 0.02508361204013378
0 0.18842105263157893 0.15719063545150502 0.05263157894736842 0.0451505016722408
0 0.05578947368421053 0.23578595317725753 0.03263157894736842 0.03177257525083612
0 0.06210526315789474 0.3093645484949833 0.0431578947368421 0.046822742474916385
0 0.04736842105263158 0.40468227424749165 0.06315789473684211 0.06688963210702341
0 0.3778947368421053 0.4331103678929766 0.12105263157894737 0.06856187290969899
0 0.9273684210526316 0.4983277591973244 0.07263157894736842 0.0903010033444816
0 0.3410526315789474 0.5100334448160535 0.10947368421052632 0.08862876254180602
