0 0.671578947368421 0.6588628762541806 0.16842105263157894 0.11705685618729098
0 0.042105263157894736 0.862876254180602 0.25263157894736843 0.13712374581939799
0 0.030526315789473683 0.15551839464882944 0.04842105263157895 0.023411371237458192
0 0.18842105263157893 0.15719063545150502 0.05578947368421053 0.051839464882943144
0 0.05789473684210526 0.23076923076923078 0.029473684210526315 0.02508361204013378
0 0.06210526315789474 0.30434782608695654 0.042105263157894736 0.0451505016722408
0 0.03894736842105263 0.4013377926421405 0.06526315789473684 0.07023411371237458
0 0.3778947368421053 0.4331103678929766 0.12105263157894737 0.06856187290969899
0 0.3263157894736842 0.5 0.10947368421052632 0.0903010033444816
0 0.9273684210526316 0.4983277591973244 0.07263157894736842 0.0903010033444816
