0 0.03263157894736842 0.15217391304347827 0.04421052631578947 0.021739130434782608
0 0.003157894736842105 0.17725752508361203 0.021052631578947368 0.023411371237458192
0 0.18947368421052632 0.1605351170568562 0.05157894736842105 0.04180602006688963
0 0.042105263157894736 0.19732441471571907 0.031578947368421054 0.026755852842809364
0 0.00631578947368421 0.22240802675585283 0.030526315789473683 0.03511705685618729
0 0.008421052631578947 0.23578595317725753 0.02526315789473684 0.03177257525083612
0 0.38842105263157894 0.4214046822742475 0.030526315789473683 0.033444816053511704
0 0.37684210526315787 0.4331103678929766 0.12421052631578948 0.07023411371237458
0 0.3957894736842105 0.43478260869565216 0.11578947368421053 0.06354515050167224
0 0.37894736842105264 0.4431438127090301 0.1168421052631579 0.06856187290969899
