0 0.5484210526315789 0.8093645484949833 0.21368421052631578 0.1488294314381271
0 0.028421052631578948 0.15384615384615385 0.05578947368421053 0.02508361204013378
0 0.18526315789473685 0.1588628762541806 0.05894736842105263 0.051839464882943144
0 0.04736842105263158 0.26588628762541805 0.01368421052631579 0.0451505016722408
0 0.9694736842105263 0.33612040133779264 0.02736842105263158 0.046822742474916385
0 0.0010526315789473684 0.342809364548495 0.06 0.08193979933110368
0 0.37894736842105264 0.4331103678929766 0.11789473684210526 0.06856187290969899
0 0.05789473684210526 0.4498327759197324 0.09368421052631579 0.06856187290969899
0 0.2336842105263158 0.4531772575250836 0.12105263157894737 0.07692307692307693
0 0.968421052631579 0.5133779264214047 0.030526315789473683 0.09698996655518395
0 0.47368421052631576 0.5568561872909699 0.1431578947368421 0.08528428093645485
