0 0.4831578947368421 0.540133779264214 0.1705263157894737 0.1020066889632107
0 0.5873684210526315 0.8093645484949833 0.21052631578947367 0.14381270903010032
0 0.029473684210526315 0.15384615384615385 0.05473684210526316 0.02508361204013378
0 0.18526315789473685 0.1605351170568562 0.05894736842105263 0.05016722408026756
0 0.968421052631579 0.33612040133779264 0.028421052631578948 0.0451505016722408
0 0.0 0.342809364548495 0.06421052631578947 0.08193979933110368
0 0.37894736842105264 0.4331103678929766 0.11789473684210526 0.06856187290969899
0 0.06210526315789474 0.4498327759197324 0.1 0.07190635451505016
0 0.2463157894736842 0.4531772575250836 0.11789473684210526 0.07859531772575251
0 0.9831578947368421 0.5284280936454849 0.014736842105263158 0.06521739130434782
