0 0.5484210526315789 0.8110367892976589 0.21368421052631578 0.14715719063545152
0 0.029473684210526315 0.15217391304347827 0.05473684210526316 0.02508361204013378
0 0.1863157894736842 0.1605351170568562 0.05894736842105263 0.05016722408026756
0 0.04736842105263158 0.26588628762541805 0.01368421052631579 0.046822742474916385
0 0.968421052631579 0.33444816053511706 0.028421052631578948 0.048494983277591976
0 0.0010526315789473684 0.342809364548495 0.06 0.08193979933110368
0 0.37894736842105264 0.4331103678929766 0.11789473684210526 0.06856187290969899
0 0.05789473684210526 0.4498327759197324 0.09368421052631579 0.06856187290969899
0 0.2336842105263158 0.4531772575250836 0.12105263157894737 0.07692307692307693
0 0.968421052631579 0.5117056856187291 0.030526315789473683 0.09866220735785954
0 0.47368421052631576 0.5568561872909699 0.1431578947368421 0.08528428093645485
