0 0.44526315789473686 0.5468227424749164 0.16421052631578947 0.09698996655518395
0 0.5094736842105263 0.8076923076923077 0.21052631578947367 0.1505016722408027
0 0.18526315789473685 0.1588628762541806 0.06 0.051839464882943144
0 0.04842105263157895 0.2625418060200669 0.014736842105263158 0.048494983277591976
0 0.9705263157894737 0.33612040133779264 0.02736842105263158 0.05016722408026756
0 0.003157894736842105 0.342809364548495 0.05473684210526316 0.0802675585284281
0 0.38 0.43478260869565216 0.11789473684210526 0.07023411371237458
0 0.049473684210526316 0.44816053511705684 0.09473684210526316 0.07023411371237458
0 0.2294736842105263 0.451505016722408 0.11578947368421053 0.07357859531772576
0 0.9621052631578947 0.5033444816053512 0.035789473684210524 0.11705685618729098
