0 0.44526315789473686 0.5468227424749164 0.16421052631578947 0.09698996655518395
0 0.5094736842105263 0.8076923076923077 0.2094736842105263 0.1505016722408027
0 0.18526315789473685 0.1605351170568562 0.06 0.05016722408026756
0 0.04736842105263158 0.2625418060200669 0.01368421052631579 0.048494983277591976
0 0.9705263157894737 0.33612040133779264 0.02736842105263158 0.05016722408026756
0 0.0010526315789473684 0.342809364548495 0.05578947368421053 0.0802675585284281
0 0.37894736842105264 0.43478260869565216 0.11894736842105263 0.06856187290969899
0 0.049473684210526316 0.44816053511705684 0.09473684210526316 0.07023411371237458
0 0.2294736842105263 0.451505016722408 0.11578947368421053 0.07357859531772576
0 0.9610526315789474 0.5033444816053512 0.03684210526315789 0.11705685618729098
