0 0.41578947368421054 0.5468227424749164 0.15578947368421053 0.09364548494983277
0 0.631578947368421 0.5033444816053512 0.16526315789473683 0.10535117056856187
0 0.43473684210526314 0.8110367892976589 0.20105263157894737 0.14381270903010032
0 0.029473684210526315 0.15217391304347827 0.05473684210526316 0.02508361204013378
0 0.18526315789473685 0.1605351170568562 0.06 0.05016722408026756
0 0.04736842105263158 0.2608695652173913 0.014736842105263158 0.05016722408026756
0 0.0010526315789473684 0.3294314381270903 0.049473684210526316 0.07525083612040134
0 0.037894736842105266 0.43478260869565216 0.08947368421052632 0.06856187290969899
0 0.38 0.43478260869565216 0.11789473684210526 0.07023411371237458
0 0.21052631578947367 0.44648829431438125 0.11157894736842106 0.07525083612040134
0 0.9284210526315789 0.5167224080267558 0.07473684210526316 0.09866220735785954
