0 0.030526315789473683 0.15217391304347827 0.05052631578947368 0.02508361204013378
0 0.1863157894736842 0.15719063545150502 0.05894736842105263 0.05351170568561873
0 0.0010526315789473684 0.33444816053511706 0.02 0.046822742474916385
0 0.07473684210526316 0.3528428093645485 0.06421052631578947 0.06521739130434782
0 0.38 0.4331103678929766 0.11789473684210526 0.06856187290969899
0 0.05368421052631579 0.4414715719063545 0.1031578947368421 0.08528428093645485
0 0.9842105263157894 0.451505016722408 0.01368421052631579 0.06354515050167224
0 0.29473684210526313 0.4816053511705686 0.1168421052631579 0.09698996655518395
0 0.7463157894736843 0.4983277591973244 0.13789473684210526 0.07525083612040134
0 0.3894736842105263 0.5668896321070234 0.1368421052631579 0.07859531772575251
