0 0.028421052631578948 0.15384615384615385 0.05368421052631579 0.02508361204013378
0 0.1863157894736842 0.15719063545150502 0.05894736842105263 0.05351170568561873
0 0.0010526315789473684 0.3093645484949833 0.02 0.046822742474916385
0 0.06631578947368422 0.33277591973244147 0.05473684210526316 0.06856187290969899
0 0.017894736842105262 0.41638795986622074 0.08421052631578947 0.07525083612040134
0 0.37894736842105264 0.4331103678929766 0.12 0.07023411371237458
0 0.9389473684210526 0.4431438127090301 0.06315789473684211 0.09531772575250837
0 0.24 0.459866220735786 0.10842105263157895 0.09364548494983277
0 0.6568421052631579 0.5033444816053512 0.15052631578947367 0.08193979933110368
0 0.27052631578947367 0.5434782608695652 0.14421052631578948 0.09531772575250837
