0 0.049473684210526316 0.802675585284281 0.24736842105263157 0.16387959866220736
0 0.8789473684210526 0.7792642140468228 0.11894736842105263 0.21237458193979933
0 0.18736842105263157 0.15719063545150502 0.05789473684210526 0.051839464882943144
0 0.045263157894736845 0.34448160535117056 0.06210526315789474 0.07190635451505016
0 0.37894736842105264 0.4331103678929766 0.12 0.07023411371237458
0 0.3157894736842105 0.479933110367893 0.12421052631578948 0.0802675585284281
0 0.8157894736842105 0.47157190635451507 0.13263157894736843 0.08862876254180602
0 0.12736842105263158 0.48494983277591974 0.12947368421052632 0.09866220735785954
0 0.5842105263157895 0.5083612040133779 0.11894736842105263 0.07525083612040134
0 0.42736842105263156 0.5618729096989966 0.1231578947368421 0.08193979933110368
