0 0.01263157894736842 0.8093645484949833 0.2463157894736842 0.15719063545150502
0 0.84 0.8327759197324415 0.16210526315789472 0.1605351170568562
0 0.18736842105263157 0.15719063545150502 0.05789473684210526 0.051839464882943144
0 0.042105263157894736 0.3411371237458194 0.06 0.056856187290969896
0 0.3778947368421053 0.4331103678929766 0.12210526315789473 0.07023411371237458
0 0.2968421052631579 0.4765886287625418 0.13157894736842105 0.07859531772575251
0 0.8021052631578948 0.47491638795986624 0.13894736842105262 0.08695652173913043
0 0.12105263157894737 0.48327759197324416 0.12210526315789473 0.10033444816053512
0 0.5726315789473684 0.5117056856187291 0.12526315789473685 0.07859531772575251
0 0.4147368421052632 0.5585284280936454 0.12842105263157894 0.09197324414715718
