0 0.0 0.7976588628762542 0.2168421052631579 0.1605351170568562
0 0.8042105263157895 0.842809364548495 0.19894736842105262 0.15384615384615385
0 0.18736842105263157 0.15719063545150502 0.05789473684210526 0.051839464882943144
0 0.042105263157894736 0.3394648829431438 0.05789473684210526 0.056856187290969896
0 0.38 0.4331103678929766 0.12 0.06856187290969899
0 0.2873684210526316 0.47324414715719065 0.13263157894736843 0.0802675585284281
0 0.7989473684210526 0.47324414715719065 0.13894736842105262 0.09197324414715718
0 0.11263157894736842 0.479933110367893 0.12 0.10367892976588629
0 0.5568421052631579 0.5133779264214047 0.12210526315789473 0.0802675585284281
0 0.3989473684210526 0.5535117056856187 0.12526315789473685 0.0802675585284281
