0 0.2231578947368421 0.8678929765886287 0.22736842105263158 0.12207357859531773
0 0.02631578947368421 0.15217391304347827 0.05473684210526316 0.02508361204013378
0 0.18736842105263157 0.15719063545150502 0.05894736842105263 0.05351170568561873
0 0.02736842105263158 0.2976588628762542 0.035789473684210524 0.038461538461538464
0 0.04631578947368421 0.4280936454849498 0.08842105263157894 0.07692307692307693
0 0.37894736842105264 0.4331103678929766 0.11894736842105263 0.06688963210702341
0 0.18947368421052632 0.4397993311036789 0.10421052631578948 0.08528428093645485
0 0.4063157894736842 0.5016722408026756 0.11789473684210526 0.0802675585284281
0 0.6663157894736842 0.5 0.15578947368421053 0.08528428093645485
0 0.23578947368421052 0.520066889632107 0.11578947368421053 0.08528428093645485
