0 0.04736842105263158 0.8678929765886287 0.24 0.13043478260869565
0 0.02736842105263158 0.15217391304347827 0.05157894736842105 0.02508361204013378
0 0.18736842105263157 0.15719063545150502 0.05894736842105263 0.05351170568561873
0 0.024210526315789474 0.28762541806020064 0.034736842105263156 0.043478260869565216
0 0.035789473684210524 0.4197324414715719 0.08210526315789474 0.07859531772575251
0 0.16631578947368422 0.42642140468227424 0.10105263157894737 0.0802675585284281
0 0.37684210526315787 0.4331103678929766 0.12 0.06521739130434782
0 0.1968421052631579 0.5050167224080268 0.11052631578947368 0.07190635451505016
0 0.35368421052631577 0.49665551839464883 0.12526315789473685 0.07190635451505016
0 0.628421052631579 0.5016722408026756 0.14947368421052631 0.08528428093645485
