0 0.1736842105263158 0.8645484949832776 0.2336842105263158 0.13377926421404682
0 0.028421052631578948 0.15217391304347827 0.05157894736842105 0.02508361204013378
0 0.18736842105263157 0.15719063545150502 0.05894736842105263 0.05351170568561873
0 0.02526315789473684 0.2959866220735786 0.03684210526315789 0.04013377926421405
0 0.042105263157894736 0.4214046822742475 0.08736842105263158 0.08528428093645485
0 0.37894736842105264 0.4331103678929766 0.11894736842105263 0.06688963210702341
0 0.1863157894736842 0.4397993311036789 0.10210526315789474 0.08695652173913043
0 0.39473684210526316 0.5 0.1168421052631579 0.07525083612040134
0 0.6536842105263158 0.5 0.16105263157894736 0.08528428093645485
0 0.2231578947368421 0.5167224080267558 0.11789473684210526 0.0903010033444816
