0 0.6431578947368422 0.49665551839464883 0.15894736842105264 0.09364548494983277
0 0.1431578947368421 0.8645484949832776 0.2578947368421053 0.13210702341137123
0 0.029473684210526315 0.15217391304347827 0.05052631578947368 0.02508361204013378
0 0.18736842105263157 0.15719063545150502 0.05894736842105263 0.051839464882943144
0 0.024210526315789474 0.2909698996655518 0.03684210526315789 0.04180602006688963
0 0.03894736842105263 0.4197324414715719 0.08526315789473685 0.08695652173913043
0 0.17894736842105263 0.4297658862876254 0.1 0.07859531772575251
0 0.37894736842105264 0.43478260869565216 0.12 0.06688963210702341
0 0.38105263157894737 0.4983277591973244 0.11473684210526315 0.07190635451505016
0 0.21473684210526317 0.5167224080267558 0.11052631578947368 0.08862876254180602
