0 0.09473684210526316 0.8662207357859532 0.24105263157894738 0.12876254180602006
0 0.028421052631578948 0.15217391304347827 0.05157894736842105 0.02508361204013378
0 0.18736842105263157 0.15719063545150502 0.05894736842105263 0.05351170568561873
0 0.023157894736842106 0.28929765886287623 0.03684210526315789 0.046822742474916385
0 0.035789473684210524 0.4180602006688963 0.08315789473684211 0.08361204013377926
0 0.17578947368421052 0.4280936454849498 0.1 0.0802675585284281
0 0.3778947368421053 0.4331103678929766 0.12 0.06856187290969899
0 0.3726315789473684 0.49665551839464883 0.11789473684210526 0.07357859531772576
0 0.6357894736842106 0.5016722408026756 0.15263157894736842 0.08528428093645485
0 0.2063157894736842 0.5133779264214047 0.11157894736842106 0.09531772575250837
