0 0.010526315789473684 0.8662207357859532 0.22842105263157894 0.13043478260869565
0 0.028421052631578948 0.15217391304347827 0.05052631578947368 0.02508361204013378
0 0.18736842105263157 0.15719063545150502 0.05894736842105263 0.051839464882943144
0 0.024210526315789474 0.28762541806020064 0.03368421052631579 0.04013377926421405
0 0.029473684210526315 0.41471571906354515 0.08105263157894736 0.08695652173913043
0 0.16210526315789472 0.4230769230769231 0.09789473684210526 0.07859531772575251
0 0.37684210526315787 0.43478260869565216 0.11894736842105263 0.06020066889632107
0 0.1831578947368421 0.5033444816053512 0.11368421052631579 0.07357859531772576
0 0.3452631578947368 0.49498327759197325 0.1231578947368421 0.06856187290969899
0 0.608421052631579 0.5050167224080268 0.15789473684210525 0.0802675585284281
0 0.9852631578947368 0.49331103678929766 0.01263157894736842 0.08193979933110368
