0 0.0 0.8645484949832776 0.18526315789473685 0.12876254180602006
0 0.028421052631578948 0.15217391304347827 0.05052631578947368 0.02508361204013378
0 0.18736842105263157 0.15719063545150502 0.05894736842105263 0.051839464882943144
0 0.023157894736842106 0.2842809364548495 0.03368421052631579 0.043478260869565216
0 0.02526315789473684 0.4080267558528428 0.07789473684210527 0.06521739130434782
0 0.15578947368421053 0.4230769230769231 0.09789473684210526 0.07859531772575251
0 0.37894736842105264 0.43478260869565216 0.12 0.06354515050167224
0 0.18105263157894738 0.4983277591973244 0.10210526315789474 0.07525083612040134
0 0.33157894736842103 0.49331103678929766 0.11894736842105263 0.07357859531772576
0 0.6010526315789474 0.5050167224080268 0.15368421052631578 0.08193979933110368
0 0.9694736842105263 0.49331103678929766 0.030526315789473683 0.08862876254180602
