0 0.028421052631578948 0.15217391304347827 0.049473684210526316 0.02508361204013378
0 0.18736842105263157 0.15719063545150502 0.05894736842105263 0.05351170568561873
0 0.023157894736842106 0.27591973244147155 0.031578947368421054 0.03177257525083612
0 0.021052631578947368 0.3996655518394649 0.07052631578947369 0.07525083612040134
0 0.15263157894736842 0.4197324414715719 0.08842105263157894 0.07525083612040134
0 0.37894736842105264 0.4331103678929766 0.12 0.07023411371237458
0 0.31473684210526315 0.4782608695652174 0.11157894736842106 0.0802675585284281
0 0.15894736842105264 0.49498327759197325 0.10631578947368421 0.07190635451505016
0 0.5705263157894737 0.5050167224080268 0.16105263157894736 0.08193979933110368
0 0.9410526315789474 0.48327759197324416 0.06210526315789474 0.11371237458193979
