0 0.031578947368421054 0.15217391304347827 0.04631578947368421 0.02508361204013378
0 0.18526315789473685 0.15719063545150502 0.05894736842105263 0.051839464882943144
0 0.021052631578947368 0.26421404682274247 0.030526315789473683 0.03678929765886288
0 0.007368421052631579 0.38461538461538464 0.06210526315789474 0.06521739130434782
0 0.12105263157894737 0.40301003344481606 0.08210526315789474 0.06521739130434782
0 0.38 0.43478260869565216 0.11789473684210526 0.06688963210702341
0 0.11578947368421053 0.47157190635451507 0.08947368421052632 0.07357859531772576
0 0.25894736842105265 0.4665551839464883 0.10631578947368421 0.08193979933110368
0 0.49894736842105264 0.5050167224080268 0.16105263157894736 0.08193979933110368
0 0.8410526315789474 0.5234113712374582 0.13894736842105262 0.09364548494983277
