0 0.029473684210526315 0.15217391304347827 0.04736842105263158 0.02508361204013378
0 0.18526315789473685 0.15719063545150502 0.05894736842105263 0.051839464882943144
0 0.021052631578947368 0.26588628762541805 0.030526315789473683 0.03678929765886288
0 0.010526315789473684 0.3879598662207358 0.06315789473684211 0.06354515050167224
0 0.12947368421052632 0.40635451505016723 0.07894736842105263 0.06521739130434782
0 0.38 0.43478260869565216 0.1168421052631579 0.06688963210702341
0 0.1231578947368421 0.4765886287625418 0.09157894736842105 0.06688963210702341
0 0.27052631578947367 0.47157190635451507 0.10105263157894737 0.07692307692307693
0 0.5136842105263157 0.5066889632107023 0.1568421052631579 0.0802675585284281
0 0.8568421052631578 0.5183946488294314 0.13052631578947368 0.09364548494983277
