0 0.028421052631578948 0.15217391304347827 0.05052631578947368 0.02508361204013378
0 0.18736842105263157 0.15719063545150502 0.05894736842105263 0.051839464882943144
0 0.022105263157894735 0.27424749163879597 0.031578947368421054 0.033444816053511704
0 0.018947368421052633 0.39464882943143814 0.06736842105263158 0.07190635451505016
0 0.14210526315789473 0.4096989966555184 0.08421052631578947 0.07023411371237458
0 0.38 0.43478260869565216 0.11789473684210526 0.06688963210702341
0 0.1431578947368421 0.48494983277591974 0.1 0.06856187290969899
0 0.2926315789473684 0.4765886287625418 0.10947368421052632 0.07859531772575251
0 0.5463157894736842 0.5050167224080268 0.16105263157894736 0.08193979933110368
0 0.9126315789473685 0.5033444816053512 0.0863157894736842 0.10033444816053512
