0 0.028421052631578948 0.15217391304347827 0.049473684210526316 0.02508361204013378
0 0.1863157894736842 0.15719063545150502 0.05894736842105263 0.051839464882943144
0 0.021052631578947368 0.2709030100334448 0.031578947368421054 0.03678929765886288
0 0.01368421052631579 0.39464882943143814 0.06526315789473684 0.07357859531772576
0 0.13578947368421052 0.4080267558528428 0.08315789473684211 0.07357859531772576
0 0.3778947368421053 0.4331103678929766 0.11894736842105263 0.06856187290969899
0 0.13789473684210526 0.48327759197324416 0.09368421052631579 0.06856187290969899
0 0.28526315789473683 0.47157190635451507 0.10842105263157895 0.08193979933110368
0 0.5389473684210526 0.5050167224080268 0.15263157894736842 0.08193979933110368
0 0.891578947368421 0.5016722408026756 0.11052631578947368 0.10535117056856187
