0 0.029473684210526315 0.15384615384615385 0.04736842105263158 0.02508361204013378
0 0.18736842105263157 0.15719063545150502 0.05789473684210526 0.051839464882943144
0 0.021052631578947368 0.2491638795986622 0.029473684210526315 0.03177257525083612
0 0.9052631578947369 0.25585284280936454 0.08 0.06354515050167224
0 0.004210526315789474 0.362876254180602 0.049473684210526316 0.061872909698996656
0 0.10210526315789474 0.3879598662207358 0.07368421052631578 0.056856187290969896
0 0.3778947368421053 0.4331103678929766 0.12105263157894737 0.07023411371237458
0 0.08842105263157894 0.451505016722408 0.07894736842105263 0.06688963210702341
0 0.22 0.45484949832775917 0.10210526315789474 0.10702341137123746
0 0.4421052631578947 0.5050167224080268 0.15473684210526314 0.0802675585284281
0 0.7526315789473684 0.5384615384615384 0.1368421052631579 0.08862876254180602
