0 0.029473684210526315 0.15217391304347827 0.04842105263157895 0.026755852842809364
0 0.18526315789473685 0.15719063545150502 0.06 0.051839464882943144
0 0.021052631578947368 0.2625418060200669 0.030526315789473683 0.03511705685618729
0 0.00631578947368421 0.38127090301003347 0.06 0.06688963210702341
0 0.11894736842105263 0.3963210702341137 0.07473684210526316 0.07190635451505016
0 0.38 0.43478260869565216 0.11789473684210526 0.06688963210702341
0 0.10842105263157895 0.4665551839464883 0.09052631578947369 0.0802675585284281
0 0.25263157894736843 0.46488294314381273 0.1031578947368421 0.08193979933110368
0 0.49157894736842106 0.5066889632107023 0.15368421052631578 0.07859531772575251
0 0.8242105263157895 0.5250836120401338 0.13578947368421052 0.0903010033444816
