0 0.030526315789473683 0.15217391304347827 0.04631578947368421 0.02508361204013378
0 0.18526315789473685 0.15719063545150502 0.06 0.051839464882943144
0 0.021052631578947368 0.25585284280936454 0.029473684210526315 0.028428093645484948
0 0.005263157894736842 0.3745819397993311 0.05789473684210526 0.06856187290969899
0 0.1168421052631579 0.39464882943143814 0.07368421052631578 0.07357859531772576
0 0.38 0.43645484949832775 0.11789473684210526 0.06688963210702341
0 0.10421052631578948 0.46153846153846156 0.08421052631578947 0.06521739130434782
0 0.24421052631578946 0.45652173913043476 0.09894736842105263 0.07190635451505016
0 0.4768421052631579 0.5066889632107023 0.16105263157894736 0.0802675585284281
0 0.8073684210526316 0.5301003344481605 0.13789473684210526 0.09698996655518395
