0 0.028421052631578948 0.15384615384615385 0.049473684210526316 0.02508361204013378
0 0.1863157894736842 0.15719063545150502 0.05789473684210526 0.05351170568561873
0 0.021052631578947368 0.2408026755852843 0.029473684210526315 0.033444816053511704
0 0.9368421052631579 0.26755852842809363 0.06526315789473684 0.08862876254180602
0 0.08526315789473685 0.3729096989966555 0.06842105263157895 0.06688963210702341
0 0.06421052631578947 0.431438127090301 0.07684210526315789 0.06521739130434782
0 0.18421052631578946 0.4331103678929766 0.09263157894736843 0.07023411371237458
0 0.37473684210526315 0.43478260869565216 0.1231578947368421 0.06688963210702341
0 0.39052631578947367 0.49665551839464883 0.14105263157894737 0.07692307692307693
0 0.6568421052631579 0.5501672240802675 0.1463157894736842 0.08695652173913043
