0 0.029473684210526315 0.15551839464882944 0.04736842105263158 0.023411371237458192
0 0.1863157894736842 0.15719063545150502 0.05894736842105263 0.05351170568561873
0 0.023157894736842106 0.23076923076923078 0.02526315789473684 0.02508361204013378
0 0.021052631578947368 0.2391304347826087 0.028421052631578948 0.033444816053511704
0 0.08210526315789474 0.36789297658862874 0.06526315789473684 0.051839464882943144
0 0.05157894736842105 0.431438127090301 0.07473684210526316 0.05852842809364549
0 0.17473684210526316 0.4280936454849498 0.0863157894736842 0.07190635451505016
0 0.3778947368421053 0.43478260869565216 0.12 0.05518394648829431
0 0.3663157894736842 0.49498327759197325 0.13789473684210526 0.07525083612040134
0 0.6221052631578947 0.5618729096989966 0.1431578947368421 0.07692307692307693
