0 0.8873684210526316 0.7424749163879598 0.11578947368421053 0.1505016722408027
0 0.9694736842105263 0.3093645484949833 0.029473684210526315 0.046822742474916385
0 0.06421052631578947 0.3494983277591973 0.06 0.07190635451505016
0 0.06421052631578947 0.4230769230769231 0.07473684210526316 0.07525083612040134
0 0.37684210526315787 0.43478260869565216 0.1231578947368421 0.07023411371237458
0 0.24736842105263157 0.4498327759197324 0.12210526315789473 0.07859531772575251
0 0.6905263157894737 0.5016722408026756 0.14 0.0802675585284281
0 0.9294736842105263 0.5100334448160535 0.07157894736842105 0.09866220735785954
0 0.5568421052631579 0.5635451505016722 0.12736842105263158 0.08193979933110368
0 0.17473684210526316 0.5986622073578596 0.12526315789473685 0.06688963210702341
