0 0.6831578947368421 0.5468227424749164 0.16 0.09531772575250837
0 0.32 0.7658862876254181 0.1736842105263158 0.10535117056856187
0 0.8589473684210527 0.8277591973244147 0.14 0.16387959866220736
0 0.028421052631578948 0.15384615384615385 0.05263157894736842 0.023411371237458192
0 0.016842105263157894 0.3394648829431438 0.04105263157894737 0.048494983277591976
0 0.10210526315789474 0.3779264214046823 0.07578947368421053 0.056856187290969896
0 0.37684210526315787 0.4331103678929766 0.12105263157894737 0.06856187290969899
0 0.8873684210526316 0.46488294314381273 0.10526315789473684 0.08361204013377926
0 0.22105263157894736 0.5033444816053512 0.11473684210526315 0.08361204013377926
0 0.43894736842105264 0.5033444816053512 0.13052631578947368 0.06688963210702341
