0 0.6821052631578948 0.5468227424749164 0.16105263157894736 0.09531772575250837
0 0.31894736842105265 0.7658862876254181 0.17473684210526316 0.10535117056856187
0 0.8589473684210527 0.8277591973244147 0.14 0.16387959866220736
0 0.028421052631578948 0.15384615384615385 0.05157894736842105 0.023411371237458192
0 0.017894736842105262 0.3411371237458194 0.04 0.046822742474916385
0 0.10210526315789474 0.3779264214046823 0.07578947368421053 0.056856187290969896
0 0.37684210526315787 0.4331103678929766 0.12105263157894737 0.06856187290969899
0 0.8873684210526316 0.46488294314381273 0.10421052631578948 0.08193979933110368
0 0.43894736842105264 0.5016722408026756 0.12947368421052632 0.06856187290969899
0 0.22 0.5050167224080268 0.11263157894736842 0.1020066889632107
