0 0.0968421052631579 0.7642140468227425 0.18210526315789474 0.10702341137123746
0 0.5768421052631579 0.8494983277591973 0.21473684210526317 0.14046822742474915
0 0.014736842105263158 0.31605351170568563 0.034736842105263156 0.046822742474916385
0 0.08105263157894736 0.34615384615384615 0.06 0.06856187290969899
0 0.37684210526315787 0.43645484949832775 0.12421052631578948 0.061872909698996656
0 0.14 0.47157190635451507 0.10421052631578948 0.08528428093645485
0 0.3368421052631579 0.4916387959866221 0.13052631578947368 0.07357859531772576
0 0.968421052631579 0.5167224080267558 0.031578947368421054 0.09364548494983277
0 0.5747368421052632 0.5652173913043478 0.15368421052631578 0.07859531772575251
0 0.17684210526315788 0.5986622073578596 0.11789473684210526 0.06521739130434782
