0 0.06842105263157895 0.7658862876254181 0.1831578947368421 0.10367892976588629
0 0.5273684210526316 0.8411371237458194 0.22842105263157894 0.1505016722408027
0 0.014736842105263158 0.3110367892976589 0.03368421052631579 0.05016722408026756
0 0.07789473684210527 0.33612040133779264 0.061052631578947365 0.06521739130434782
0 0.37684210526315787 0.43478260869565216 0.1231578947368421 0.06688963210702341
0 0.13263157894736843 0.4682274247491639 0.09789473684210526 0.08695652173913043
0 0.32421052631578945 0.4816053511705686 0.12210526315789473 0.07023411371237458
0 0.9631578947368421 0.5100334448160535 0.035789473684210524 0.11036789297658862
0 0.5557894736842105 0.5635451505016722 0.15894736842105264 0.07859531772575251
0 0.17578947368421052 0.5986622073578596 0.12 0.06521739130434782
