0 0.0010526315789473684 0.7675585284280937 0.1863157894736842 0.10702341137123746
0 0.4694736842105263 0.8478260869565217 0.1957894736842105 0.14381270903010032
0 0.07368421052631578 0.33277591973244147 0.05578947368421053 0.07023411371237458
0 0.37894736842105264 0.4331103678929766 0.12 0.06856187290969899
0 0.1168421052631579 0.45484949832775917 0.09052631578947369 0.07692307692307693
0 0.3 0.47491638795986624 0.11894736842105263 0.07023411371237458
0 0.7747368421052632 0.4983277591973244 0.12421052631578948 0.07190635451505016
0 0.9326315789473684 0.5066889632107023 0.07368421052631578 0.12040133779264214
0 0.5273684210526316 0.5652173913043478 0.14947368421052631 0.07692307692307693
0 0.17473684210526316 0.6003344481605352 0.12842105263157894 0.06521739130434782
