0 0.911578947368421 0.4899665551839465 0.08315789473684211 0.13043478260869565
0 0.2294736842105263 0.6421404682274248 0.13157894736842105 0.13377926421404682
0 0.8947368421052632 0.7090301003344481 0.10526315789473684 0.14381270903010032
0 0.02526315789473684 0.1488294314381271 0.05578947368421053 0.028428093645484948
0 0.18736842105263157 0.15719063545150502 0.05578947368421053 0.051839464882943144
0 0.023157894736842106 0.30267558528428096 0.015789473684210527 0.05852842809364549
0 0.08 0.3311036789297659 0.06315789473684211 0.07357859531772576
0 0.37894736842105264 0.431438127090301 0.12105263157894737 0.07190635451505016
0 0.8621052631578947 0.47324414715719065 0.10736842105263159 0.07525083612040134
0 0.17473684210526316 0.47491638795986624 0.03263157894736842 0.11204013377926421
0 0.40210526315789474 0.5518394648829431 0.13578947368421052 0.08695652173913043
