0 0.911578947368421 0.4882943143812709 0.0863157894736842 0.13712374581939799
0 0.16631578947368422 0.6086956521739131 0.13473684210526315 0.11872909698996656
0 0.7894736842105263 0.6555183946488294 0.18736842105263157 0.16555183946488294
0 0.47157894736842104 0.8511705685618729 0.11368421052631579 0.14715719063545152
0 0.028421052631578948 0.15217391304347827 0.05157894736842105 0.026755852842809364
0 0.02736842105263158 0.2809364548494983 0.014736842105263158 0.061872909698996656
0 0.06631578947368422 0.3177257525083612 0.056842105263157895 0.05518394648829431
0 0.3778947368421053 0.4331103678929766 0.1231578947368421 0.07190635451505016
0 0.12842105263157894 0.43645484949832775 0.02736842105263158 0.10702341137123746
0 0.86 0.47324414715719065 0.11157894736842106 0.07692307692307693
0 0.34 0.5167224080267558 0.11368421052631579 0.09197324414715718
