0 0.911578947368421 0.4882943143812709 0.0863157894736842 0.13712374581939799
0 0.028421052631578948 0.1505016722408027 0.05157894736842105 0.026755852842809364
0 0.1863157894736842 0.15719063545150502 0.056842105263157895 0.051839464882943144
0 0.02736842105263158 0.2792642140468227 0.014736842105263158 0.06521739130434782
0 0.06631578947368422 0.3177257525083612 0.056842105263157895 0.056856187290969896
0 0.3778947368421053 0.43478260869565216 0.1231578947368421 0.07023411371237458
0 0.12842105263157894 0.43478260869565216 0.02631578947368421 0.10869565217391304
0 0.8610526315789474 0.47324414715719065 0.10947368421052632 0.07525083612040134
0 0.34 0.5167224080267558 0.11263157894736842 0.09197324414715718
0 0.16736842105263158 0.6137123745819398 0.13263157894736843 0.10367892976588629
