0 0.9105263157894737 0.4899665551839465 0.08736842105263158 0.13377926421404682
0 0.15473684210526314 0.6053511705685619 0.13263157894736843 0.11872909698996656
0 0.7663157894736842 0.6655518394648829 0.23578947368421052 0.18729096989966554
0 0.44105263157894736 0.8561872909698997 0.14736842105263157 0.14046822742474915
0 0.028421052631578948 0.15217391304347827 0.05157894736842105 0.026755852842809364
0 0.028421052631578948 0.2792642140468227 0.014736842105263158 0.06354515050167224
0 0.06421052631578947 0.31438127090301005 0.056842105263157895 0.06020066889632107
0 0.11894736842105263 0.43478260869565216 0.02631578947368421 0.05016722408026756
0 0.37894736842105264 0.43478260869565216 0.12105263157894737 0.07023411371237458
0 0.86 0.47157190635451507 0.11368421052631579 0.07859531772575251
0 0.33052631578947367 0.5117056856187291 0.1031578947368421 0.08862876254180602
