0 0.911578947368421 0.4916387959866221 0.0863157894736842 0.13377926421404682
0 0.15578947368421053 0.6053511705685619 0.13052631578947368 0.11872909698996656
0 0.7642105263157895 0.6605351170568562 0.23789473684210527 0.19230769230769232
0 0.028421052631578948 0.15217391304347827 0.05157894736842105 0.026755852842809364
0 0.028421052631578948 0.2792642140468227 0.014736842105263158 0.061872909698996656
0 0.06421052631578947 0.31438127090301005 0.056842105263157895 0.06020066889632107
0 0.12 0.431438127090301 0.02631578947368421 0.051839464882943144
0 0.38 0.43478260869565216 0.12105263157894737 0.07023411371237458
0 0.86 0.47157190635451507 0.11263157894736842 0.07692307692307693
0 0.33052631578947367 0.5133779264214047 0.1031578947368421 0.08695652173913043
