0 0.9084210526315789 0.4866220735785953 0.08947368421052632 0.1454849498327759
0 0.6852631578947368 0.6254180602006689 0.24210526315789474 0.17558528428093645
0 0.3473684210526316 0.8545150501672241 0.14210526315789473 0.13210702341137123
0 0.42736842105263156 0.8645484949832776 0.2063157894736842 0.12207357859531773
0 0.031578947368421054 0.2625418060200669 0.01368421052631579 0.056856187290969896
0 0.061052631578947365 0.2993311036789298 0.049473684210526316 0.05852842809364549
0 0.3778947368421053 0.43478260869565216 0.1231578947368421 0.06856187290969899
0 0.8610526315789474 0.4698996655518395 0.11157894736842106 0.08193979933110368
0 0.2789473684210526 0.4882943143812709 0.10105263157894737 0.08361204013377926
0 0.12 0.5785953177257525 0.11368421052631579 0.11036789297658862
