0 0.9084210526315789 0.4866220735785953 0.08947368421052632 0.1454849498327759
0 0.6821052631578948 0.6254180602006689 0.24526315789473685 0.17558528428093645
0 0.3473684210526316 0.8545150501672241 0.14526315789473684 0.13210702341137123
0 0.42526315789473684 0.8645484949832776 0.20842105263157895 0.12207357859531773
0 0.031578947368421054 0.2625418060200669 0.01368421052631579 0.056856187290969896
0 0.06210526315789474 0.2993311036789298 0.049473684210526316 0.06020066889632107
0 0.37894736842105264 0.43478260869565216 0.12210526315789473 0.06856187290969899
0 0.8610526315789474 0.4698996655518395 0.11052631578947368 0.08193979933110368
0 0.2768421052631579 0.4882943143812709 0.10210526315789474 0.08193979933110368
0 0.12 0.5785953177257525 0.11263157894736842 0.10869565217391304
