0 0.9073684210526316 0.48494983277591974 0.09052631578947369 0.15217391304347827
0 0.5726315789473684 0.5735785953177257 0.18105263157894738 0.13879598662207357
0 0.19894736842105262 0.8545150501672241 0.28 0.14214046822742474
0 0.034736842105263156 0.24414715719063546 0.01263157894736842 0.0451505016722408
0 0.06210526315789474 0.2826086956521739 0.04 0.0451505016722408
0 0.05263157894736842 0.362876254180602 0.022105263157894735 0.09698996655518395
0 0.38105263157894737 0.43645484949832775 0.11894736842105263 0.06688963210702341
0 0.21263157894736842 0.45484949832775917 0.09368421052631579 0.07023411371237458
0 0.8631578947368421 0.47157190635451507 0.10947368421052632 0.0802675585284281
0 0.06736842105263158 0.5451505016722408 0.1031578947368421 0.10367892976588629
