0 0.9073684210526316 0.48327759197324416 0.09052631578947369 0.15384615384615385
0 0.828421052631579 0.8762541806020067 0.17473684210526316 0.12374581939799331
0 0.03684210526315789 0.23578595317725753 0.01263157894736842 0.05351170568561873
0 0.06 0.27424749163879597 0.04 0.043478260869565216
0 0.1863157894736842 0.4331103678929766 0.08421052631578947 0.07190635451505016
0 0.38105263157894737 0.43645484949832775 0.1168421052631579 0.06688963210702341
0 0.8621052631578947 0.47157190635451507 0.11052631578947368 0.0802675585284281
0 0.0431578947368421 0.5250836120401338 0.0968421052631579 0.09197324414715718
0 0.5221052631578947 0.5618729096989966 0.11473684210526315 0.10702341137123746
0 0.6094736842105263 0.6137123745819398 0.10736842105263159 0.0903010033444816
