0 0.9073684210526316 0.4866220735785953 0.08947368421052632 0.14715719063545152
0 0.4926315789473684 0.5367892976588629 0.17473684210526316 0.14046822742474915
0 0.7673684210526316 0.8511705685618729 0.2336842105263158 0.15217391304347827
0 0.035789473684210524 0.23244147157190637 0.01368421052631579 0.051839464882943144
0 0.05789473684210526 0.26588628762541805 0.04105263157894737 0.04180602006688963
0 0.035789473684210524 0.3394648829431438 0.015789473684210527 0.05016722408026756
0 0.1705263157894737 0.4214046822742475 0.08 0.06856187290969899
0 0.38105263157894737 0.43645484949832775 0.1168421052631579 0.06521739130434782
0 0.8621052631578947 0.47157190635451507 0.11157894736842106 0.07859531772575251
0 0.03368421052631579 0.5133779264214047 0.09263157894736843 0.09698996655518395
