0 0.9073684210526316 0.4866220735785953 0.08947368421052632 0.1454849498327759
0 0.7421052631578947 0.8411371237458194 0.25894736842105265 0.1588628762541806
0 0.03684210526315789 0.22909698996655517 0.01263157894736842 0.051839464882943144
0 0.05789473684210526 0.26588628762541805 0.04105263157894737 0.04013377926421405
0 0.03263157894736842 0.33612040133779264 0.015789473684210527 0.05351170568561873
0 0.16421052631578947 0.4180602006688963 0.07473684210526316 0.07023411371237458
0 0.38 0.43645484949832775 0.11894736842105263 0.06521739130434782
0 0.8610526315789474 0.47157190635451507 0.11157894736842106 0.07859531772575251
0 0.02631578947368421 0.5100334448160535 0.08947368421052632 0.09698996655518395
0 0.47368421052631576 0.5451505016722408 0.11473684210526315 0.09698996655518395
