0 0.9084210526315789 0.4899665551839465 0.08842105263157894 0.14046822742474915
0 0.21789473684210525 0.5702341137123745 0.16842105263157894 0.14715719063545152
0 0.13789473684210526 0.8528428093645485 0.18210526315789474 0.11705685618729098
0 0.791578947368421 0.8678929765886287 0.2063157894736842 0.1254180602006689
0 0.05473684210526316 0.21906354515050167 0.03263157894736842 0.03511705685618729
0 0.9168421052631579 0.26421404682274247 0.056842105263157895 0.04180602006688963
0 0.061052631578947365 0.3093645484949833 0.04 0.04180602006688963
0 0.19157894736842104 0.41638795986622074 0.09789473684210526 0.08862876254180602
0 0.37894736842105264 0.43478260869565216 0.12210526315789473 0.06688963210702341
0 0.8610526315789474 0.47157190635451507 0.11263157894736842 0.0802675585284281
