0 0.9084210526315789 0.4899665551839465 0.08842105263157894 0.1354515050167224
0 0.31684210526315787 0.6153846153846154 0.14526315789473684 0.12374581939799331
0 0.8115789473684211 0.8361204013377926 0.18842105263157893 0.1505016722408027
0 0.029473684210526315 0.15384615384615385 0.05157894736842105 0.02508361204013378
0 0.05368421052631579 0.19230769230769232 0.029473684210526315 0.030100334448160536
0 0.05157894736842105 0.24247491638795987 0.037894736842105266 0.033444816053511704
0 0.07263157894736842 0.32441471571906355 0.06526315789473684 0.07692307692307693
0 0.015789473684210527 0.4197324414715719 0.09052631578947369 0.10367892976588629
0 0.37894736842105264 0.43645484949832775 0.11894736842105263 0.06354515050167224
0 0.8610526315789474 0.47157190635451507 0.11052631578947368 0.07692307692307693
