0 0.9073684210526316 0.4899665551839465 0.09052631578947369 0.13879598662207357
0 0.26 0.5836120401337793 0.13157894736842105 0.11872909698996656
0 0.6957894736842105 0.7775919732441472 0.2305263157894737 0.17725752508361203
0 0.031578947368421054 0.15551839464882944 0.04736842105263158 0.023411371237458192
0 0.05157894736842105 0.18896321070234115 0.030526315789473683 0.03177257525083612
0 0.05263157894736842 0.23578595317725753 0.034736842105263156 0.033444816053511704
0 0.06736842105263158 0.3076923076923077 0.05578947368421053 0.07023411371237458
0 0.004210526315789474 0.3996655518394649 0.07684210526315789 0.09364548494983277
0 0.37894736842105264 0.43478260869565216 0.12 0.06521739130434782
0 0.8621052631578947 0.4698996655518395 0.11157894736842106 0.07859531772575251
