0 0.9073684210526316 0.4899665551839465 0.09052631578947369 0.13879598662207357
0 0.26105263157894737 0.5852842809364549 0.13052631578947368 0.11705685618729098
0 0.6957894736842105 0.7775919732441472 0.23157894736842105 0.17725752508361203
0 0.031578947368421054 0.15551839464882944 0.04736842105263158 0.023411371237458192
0 0.05157894736842105 0.18896321070234115 0.030526315789473683 0.03177257525083612
0 0.05473684210526316 0.22909698996655517 0.031578947368421054 0.030100334448160536
0 0.06736842105263158 0.3076923076923077 0.05578947368421053 0.07023411371237458
0 0.004210526315789474 0.3996655518394649 0.07684210526315789 0.09364548494983277
0 0.37894736842105264 0.43478260869565216 0.12 0.06521739130434782
0 0.8621052631578947 0.4698996655518395 0.11157894736842106 0.07859531772575251
