0 0.9084210526315789 0.4899665551839465 0.09052631578947369 0.13879598662207357
0 0.6663157894736842 0.7642140468227425 0.22736842105263158 0.18729096989966554
0 0.03263157894736842 0.15551839464882944 0.04631578947368421 0.023411371237458192
0 0.05263157894736842 0.19063545150501673 0.028421052631578948 0.030100334448160536
0 0.05368421052631579 0.22742474916387959 0.03368421052631579 0.030100334448160536
0 0.06736842105263158 0.3060200668896321 0.05263157894736842 0.06688963210702341
0 0.0 0.3963210702341137 0.07684210526315789 0.09364548494983277
0 0.37894736842105264 0.43478260869565216 0.12 0.06521739130434782
0 0.8610526315789474 0.4698996655518395 0.11263157894736842 0.07859531772575251
0 0.24421052631578946 0.5869565217391305 0.12736842105263158 0.09364548494983277
