0 0.9084210526315789 0.4899665551839465 0.08947368421052632 0.13879598662207357
0 0.6136842105263158 0.7357859531772575 0.22 0.1588628762541806
0 0.13157894736842105 0.8528428093645485 0.1863157894736842 0.11036789297658862
0 0.05157894736842105 0.19230769230769232 0.031578947368421054 0.03177257525083612
0 0.05368421052631579 0.22408026755852842 0.03368421052631579 0.03177257525083612
0 0.06631578947368422 0.2993311036789298 0.05263157894736842 0.06688963210702341
0 0.0010526315789473684 0.3896321070234114 0.06421052631578947 0.08193979933110368
0 0.38 0.43478260869565216 0.12 0.06521739130434782
0 0.8610526315789474 0.47157190635451507 0.11157894736842106 0.0802675585284281
0 0.22105263157894736 0.560200668896321 0.11789473684210526 0.10033444816053512
