0 0.9063157894736842 0.4899665551839465 0.09157894736842105 0.13712374581939799
0 0.44105263157894736 0.6488294314381271 0.17473684210526316 0.13043478260869565
0 0.042105263157894736 0.1688963210702341 0.031578947368421054 0.030100334448160536
0 0.05263157894736842 0.21739130434782608 0.030526315789473683 0.026755852842809364
0 0.0 0.26421404682274247 0.018947368421052633 0.03678929765886288
0 0.05789473684210526 0.27591973244147155 0.04105263157894737 0.03678929765886288
0 -0.0010526315789473684 0.342809364548495 0.03368421052631579 0.07859531772575251
0 0.37894736842105264 0.43478260869565216 0.12 0.06688963210702341
0 0.8621052631578947 0.4698996655518395 0.11052631578947368 0.0802675585284281
0 0.13578947368421052 0.5033444816053512 0.09578947368421052 0.08695652173913043
