0 0.9073684210526316 0.4882943143812709 0.09052631578947369 0.13879598662207357
0 0.4052631578947368 0.6254180602006689 0.1705263157894737 0.13377926421404682
0 0.04105263157894737 0.1688963210702341 0.031578947368421054 0.030100334448160536
0 0.05578947368421053 0.20735785953177258 0.02526315789473684 0.020066889632107024
0 0.05368421052631579 0.2140468227424749 0.029473684210526315 0.026755852842809364
0 0.05789473684210526 0.2692307692307692 0.03894736842105263 0.038461538461538464
0 0.9431578947368421 0.2525083612040134 0.05578947368421053 0.07190635451505016
0 0.37894736842105264 0.43478260869565216 0.12 0.06688963210702341
0 0.8621052631578947 0.4698996655518395 0.11157894736842106 0.0802675585284281
0 0.11578947368421053 0.4899665551839465 0.09368421052631579 0.08862876254180602
