0 0.9073684210526316 0.4882943143812709 0.09052631578947369 0.13879598662207357
0 0.4231578947368421 0.6421404682274248 0.1736842105263158 0.12709030100334448
0 0.04105263157894737 0.16722408026755853 0.031578947368421054 0.03177257525083612
0 0.05473684210526316 0.21739130434782608 0.029473684210526315 0.026755852842809364
0 -0.0010526315789473684 0.2608695652173913 0.021052631578947368 0.04180602006688963
0 0.05894736842105263 0.27424749163879597 0.03894736842105263 0.03511705685618729
0 0.9389473684210526 0.2525083612040134 0.06 0.07190635451505016
0 -0.002105263157894737 0.3394648829431438 0.03263157894736842 0.0802675585284281
0 0.37894736842105264 0.43478260869565216 0.12 0.06688963210702341
0 0.8621052631578947 0.4698996655518395 0.11157894736842106 0.0802675585284281
0 0.12842105263157894 0.5 0.0968421052631579 0.08528428093645485
