0 0.9073684210526316 0.4899665551839465 0.09052631578947369 0.13712374581939799
0 0.38842105263157894 0.6220735785953178 0.16631578947368422 0.12040133779264214
0 0.037894736842105266 0.16555183946488294 0.03263157894736842 0.03177257525083612
0 0.05473684210526316 0.2140468227424749 0.029473684210526315 0.026755852842809364
0 0.05894736842105263 0.26755852842809363 0.03894736842105263 0.04013377926421405
0 0.9568421052631579 0.25418060200668896 0.04 0.07190635451505016
0 0.0010526315789473684 0.3311036789297659 0.021052631578947368 0.06354515050167224
0 0.37894736842105264 0.43478260869565216 0.12 0.06688963210702341
0 0.8621052631578947 0.4698996655518395 0.11052631578947368 0.0802675585284281
0 0.10947368421052632 0.4882943143812709 0.09263157894736843 0.08695652173913043
