0 0.9084210526315789 0.4882943143812709 0.08842105263157894 0.14046822742474915
0 0.45789473684210524 0.6688963210702341 0.11052631578947368 0.14214046822742474
0 0.03684210526315789 0.15551839464882944 0.037894736842105266 0.01839464882943144
0 0.023157894736842106 0.17391304347826086 0.02631578947368421 0.020066889632107024
0 0.06526315789473684 0.19732441471571907 0.030526315789473683 0.026755852842809364
0 0.0010526315789473684 0.2157190635451505 0.028421052631578948 0.043478260869565216
0 0.005263157894736842 0.31270903010033446 0.04105263157894737 0.04180602006688963
0 0.029473684210526315 0.3862876254180602 0.06315789473684211 0.061872909698996656
0 0.37894736842105264 0.43478260869565216 0.12 0.06521739130434782
0 0.8610526315789474 0.47157190635451507 0.11157894736842106 0.0802675585284281
