0 0.611578947368421 0.7976588628762542 0.24526315789473685 0.13712374581939799
0 0.03263157894736842 0.15384615384615385 0.0431578947368421 0.021739130434782608
0 0.18842105263157893 0.15719063545150502 0.05578947368421053 0.05351170568561873
0 0.022105263157894735 0.32274247491638797 0.03684210526315789 0.04013377926421405
0 0.09578947368421052 0.3595317725752508 0.06 0.06688963210702341
0 0.37684210526315787 0.43645484949832775 0.11894736842105263 0.06020066889632107
0 0.1231578947368421 0.4765886287625418 0.10842105263157895 0.08193979933110368
0 0.38421052631578945 0.5 0.11368421052631579 0.06354515050167224
0 0.9873684210526316 0.5050167224080268 0.011578947368421053 0.07190635451505016
0 0.8010526315789473 0.540133779264214 0.1368421052631579 0.08862876254180602
0 0.5031578947368421 0.5719063545150501 0.15578947368421053 0.07859531772575251
