0 0.611578947368421 0.7993311036789298 0.24526315789473685 0.13712374581939799
0 0.03263157894736842 0.15384615384615385 0.0431578947368421 0.021739130434782608
0 0.022105263157894735 0.32274247491638797 0.03684210526315789 0.04013377926421405
0 0.09052631578947369 0.3612040133779264 0.06526315789473684 0.061872909698996656
0 0.3778947368421053 0.43478260869565216 0.11789473684210526 0.06020066889632107
0 0.1231578947368421 0.4765886287625418 0.10947368421052632 0.08193979933110368
0 0.3831578947368421 0.4983277591973244 0.11473684210526315 0.061872909698996656
0 0.9873684210526316 0.5066889632107023 0.01263157894736842 0.07023411371237458
0 0.8010526315789473 0.540133779264214 0.13578947368421052 0.08862876254180602
0 0.5031578947368421 0.5719063545150501 0.15578947368421053 0.0802675585284281
