0 0.5736842105263158 0.8010033444816054 0.23894736842105263 0.14046822742474915
0 0.03263157894736842 0.15384615384615385 0.0431578947368421 0.021739130434782608
0 0.18842105263157893 0.15551839464882944 0.05578947368421053 0.05351170568561873
0 0.02 0.31605351170568563 0.03368421052631579 0.046822742474916385
0 0.08736842105263158 0.3612040133779264 0.06421052631578947 0.06020066889632107
0 0.3778947368421053 0.43478260869565216 0.12 0.06521739130434782
0 0.11263157894736842 0.4682274247491639 0.11052631578947368 0.08528428093645485
0 0.37473684210526315 0.49498327759197325 0.11368421052631579 0.06521739130434782
0 0.9726315789473684 0.4916387959866221 0.02736842105263158 0.09698996655518395
0 0.7852631578947369 0.5468227424749164 0.13894736842105262 0.08361204013377926
0 0.4863157894736842 0.5719063545150501 0.15263157894736842 0.07357859531772576
