0 0.5736842105263158 0.8010033444816054 0.23894736842105263 0.13879598662207357
0 0.03263157894736842 0.15384615384615385 0.04421052631578947 0.021739130434782608
0 0.18842105263157893 0.15551839464882944 0.05578947368421053 0.05351170568561873
0 0.018947368421052633 0.31605351170568563 0.034736842105263156 0.046822742474916385
0 0.08842105263157894 0.3612040133779264 0.06421052631578947 0.06020066889632107
0 0.3778947368421053 0.43478260869565216 0.12 0.06521739130434782
0 0.11157894736842106 0.4682274247491639 0.11052631578947368 0.08528428093645485
0 0.3736842105263158 0.48494983277591974 0.11894736842105263 0.06354515050167224
0 0.9705263157894737 0.4916387959866221 0.028421052631578948 0.09698996655518395
0 0.7852631578947369 0.5451505016722408 0.13894736842105262 0.08361204013377926
0 0.4863157894736842 0.5719063545150501 0.15368421052631578 0.07357859531772576
