0 0.5357894736842105 0.8010033444816054 0.24210526315789474 0.13712374581939799
0 0.03263157894736842 0.15217391304347827 0.04421052631578947 0.021739130434782608
0 0.18842105263157893 0.15719063545150502 0.05578947368421053 0.05351170568561873
0 0.017894736842105262 0.31438127090301005 0.03263157894736842 0.0451505016722408
0 0.08421052631578947 0.3595317725752508 0.06315789473684211 0.06020066889632107
0 0.3757894736842105 0.43478260869565216 0.12421052631578948 0.06521739130434782
0 0.10526315789473684 0.4665551839464883 0.10210526315789474 0.07859531772575251
0 0.3568421052631579 0.4899665551839465 0.12210526315789473 0.05518394648829431
0 0.9631578947368421 0.5 0.035789473684210524 0.08193979933110368
0 0.7642105263157895 0.5501672240802675 0.14842105263157895 0.0802675585284281
0 0.4694736842105263 0.5668896321070234 0.15263157894736842 0.07859531772575251
