0 0.4610526315789474 0.7959866220735786 0.23157894736842105 0.14715719063545152
0 0.03263157894736842 0.15384615384615385 0.04421052631578947 0.021739130434782608
0 0.18947368421052632 0.15551839464882944 0.05473684210526316 0.051839464882943144
0 0.015789473684210527 0.3093645484949833 0.03263157894736842 0.0451505016722408
0 0.07894736842105263 0.3528428093645485 0.06 0.06688963210702341
0 0.37473684210526315 0.43478260869565216 0.12631578947368421 0.06521739130434782
0 0.08947368421052632 0.45484949832775917 0.09789473684210526 0.07859531772575251
0 0.3336842105263158 0.479933110367893 0.12105263157894737 0.07525083612040134
0 0.9389473684210526 0.4816053511705686 0.06736842105263158 0.12040133779264214
0 0.7305263157894737 0.5535117056856187 0.15263157894736842 0.08361204013377926
0 0.43157894736842106 0.5668896321070234 0.15052631578947367 0.0802675585284281
