0 0.7221052631578947 0.5484949832775919 0.14 0.09364548494983277
0 0.4242105263157895 0.7959866220735786 0.2294736842105263 0.13210702341137123
0 0.03263157894736842 0.15384615384615385 0.0431578947368421 0.021739130434782608
0 0.19052631578947368 0.15551839464882944 0.05473684210526316 0.05351170568561873
0 0.029473684210526315 0.19732441471571907 0.030526315789473683 0.033444816053511704
0 0.014736842105263158 0.3010033444816054 0.03263157894736842 0.05351170568561873
0 0.07473684210526316 0.34615384615384615 0.06315789473684211 0.07023411371237458
0 0.3757894736842105 0.43478260869565216 0.12421052631578948 0.06856187290969899
0 0.08105263157894736 0.45652173913043476 0.09368421052631579 0.07357859531772576
0 0.3231578947368421 0.4765886287625418 0.12210526315789473 0.08193979933110368
0 0.9315789473684211 0.4916387959866221 0.07473684210526316 0.10033444816053512
0 0.41789473684210526 0.5668896321070234 0.14736842105263157 0.07692307692307693
