0 0.3757894736842105 0.7959866220735786 0.23684210526315788 0.13879598662207357
0 0.031578947368421054 0.15384615384615385 0.045263157894736845 0.023411371237458192
0 0.18947368421052632 0.15551839464882944 0.05578947368421053 0.05351170568561873
0 0.01368421052631579 0.2993311036789298 0.03368421052631579 0.04013377926421405
0 0.07157894736842105 0.34448160535117056 0.06 0.07357859531772576
0 0.37684210526315787 0.43478260869565216 0.12421052631578948 0.06856187290969899
0 0.07578947368421053 0.4498327759197324 0.08947368421052632 0.06856187290969899
0 0.3094736842105263 0.4765886287625418 0.12105263157894737 0.0802675585284281
0 0.9189473684210526 0.5100334448160535 0.08 0.09197324414715718
0 0.391578947368421 0.5635451505016722 0.1568421052631579 0.0802675585284281
0 0.7042105263157895 0.5568561872909699 0.14210526315789473 0.0903010033444816
