0 0.34842105263157896 0.7959866220735786 0.22421052631578947 0.1454849498327759
0 0.031578947368421054 0.15384615384615385 0.045263157894736845 0.023411371237458192
0 0.18947368421052632 0.15551839464882944 0.05578947368421053 0.05351170568561873
0 0.02631578947368421 0.1956521739130435 0.03263157894736842 0.033444816053511704
0 0.011578947368421053 0.2959866220735786 0.034736842105263156 0.04180602006688963
0 0.07263157894736842 0.3411371237458194 0.05578947368421053 0.07525083612040134
0 0.3757894736842105 0.43645484949832775 0.12631578947368421 0.06688963210702341
0 0.06736842105263158 0.44481605351170567 0.08736842105263158 0.07023411371237458
0 0.3 0.47324414715719065 0.12210526315789473 0.07190635451505016
0 0.9073684210526316 0.5083612040133779 0.08947368421052632 0.09531772575250837
0 0.6810526315789474 0.5551839464882943 0.14736842105263157 0.0802675585284281
0 0.3831578947368421 0.5618729096989966 0.1431578947368421 0.07859531772575251
