0 0.30105263157894735 0.7909698996655519 0.23157894736842105 0.1605351170568562
0 0.031578947368421054 0.15384615384615385 0.04421052631578947 0.023411371237458192
0 0.18947368421052632 0.15719063545150502 0.05578947368421053 0.05351170568561873
0 0.024210526315789474 0.1956521739130435 0.03263157894736842 0.033444816053511704
0 0.010526315789473684 0.29431438127090304 0.034736842105263156 0.038461538461538464
0 0.06842105263157895 0.33444816053511706 0.05578947368421053 0.07190635451505016
0 0.3757894736842105 0.43645484949832775 0.12526315789473685 0.06688963210702341
0 0.061052631578947365 0.4397993311036789 0.08736842105263158 0.07859531772575251
0 0.2863157894736842 0.4698996655518395 0.11789473684210526 0.08193979933110368
0 0.8926315789473684 0.5117056856187291 0.10421052631578948 0.09698996655518395
0 0.36210526315789476 0.5535117056856187 0.15578947368421053 0.08361204013377926
0 0.6694736842105263 0.5585284280936454 0.1368421052631579 0.08528428093645485
