0 0.3410526315789474 0.5468227424749164 0.16842105263157894 0.09364548494983277
0 0.24947368421052632 0.7926421404682275 0.25157894736842107 0.16555183946488294
0 0.030526315789473683 0.15384615384615385 0.045263157894736845 0.023411371237458192
0 0.18947368421052632 0.15719063545150502 0.05578947368421053 0.05351170568561873
0 0.009473684210526316 0.29264214046822745 0.035789473684210524 0.03511705685618729
0 0.06736842105263158 0.33277591973244147 0.05473684210526316 0.07023411371237458
0 0.05578947368421053 0.43478260869565216 0.08105263157894736 0.07023411371237458
0 0.37684210526315787 0.43478260869565216 0.1231578947368421 0.06688963210702341
0 0.2768421052631579 0.46488294314381273 0.1168421052631579 0.08862876254180602
0 0.88 0.5183946488294314 0.10947368421052632 0.0903010033444816
0 0.6526315789473685 0.560200668896321 0.1336842105263158 0.0903010033444816
