0 0.20526315789473684 0.794314381270903 0.2463157894736842 0.16387959866220736
0 0.030526315789473683 0.15384615384615385 0.045263157894736845 0.023411371237458192
0 0.19052631578947368 0.15719063545150502 0.05473684210526316 0.05351170568561873
0 0.008421052631578947 0.2909698996655518 0.034736842105263156 0.03678929765886288
0 0.06526315789473684 0.3277591973244147 0.05263157894736842 0.06856187290969899
0 0.049473684210526316 0.4297658862876254 0.08105263157894736 0.06521739130434782
0 0.37894736842105264 0.43478260869565216 0.12210526315789473 0.06521739130434782
0 0.26631578947368423 0.46153846153846156 0.10842105263157895 0.09364548494983277
0 0.8673684210526316 0.5183946488294314 0.12421052631578948 0.09197324414715718
0 0.33263157894736844 0.5484949832775919 0.14526315789473684 0.08361204013377926
0 0.6294736842105263 0.560200668896321 0.1336842105263158 0.08528428093645485
