0 0.20526315789473684 0.794314381270903 0.2463157894736842 0.16220735785953178
0 0.030526315789473683 0.15384615384615385 0.045263157894736845 0.021739130434782608
0 0.008421052631578947 0.28929765886287623 0.034736842105263156 0.03678929765886288
0 0.06526315789473684 0.3294314381270903 0.05263157894736842 0.06688963210702341
0 0.049473684210526316 0.431438127090301 0.08105263157894736 0.06354515050167224
0 0.37894736842105264 0.43478260869565216 0.12105263157894737 0.06521739130434782
0 0.26631578947368423 0.46153846153846156 0.10842105263157895 0.09197324414715718
0 0.8673684210526316 0.5183946488294314 0.12421052631578948 0.09197324414715718
0 0.33263157894736844 0.5468227424749164 0.14526315789473684 0.08528428093645485
0 0.6294736842105263 0.5618729096989966 0.13473684210526315 0.08361204013377926
