0 0.16105263157894736 0.7976588628762542 0.24736842105263157 0.14214046822742474
0 0.030526315789473683 0.15384615384615385 0.045263157894736845 0.021739130434782608
0 0.19052631578947368 0.15551839464882944 0.05473684210526316 0.05351170568561873
0 0.008421052631578947 0.28595317725752506 0.035789473684210524 0.038461538461538464
0 0.061052631578947365 0.32608695652173914 0.05368421052631579 0.06856187290969899
0 0.04421052631578947 0.42642140468227424 0.07894736842105263 0.06354515050167224
0 0.3778947368421053 0.43478260869565216 0.12210526315789473 0.06688963210702341
0 0.2578947368421053 0.46153846153846156 0.11263157894736842 0.09364548494983277
0 0.8557894736842105 0.5234113712374582 0.12 0.08862876254180602
0 0.3136842105263158 0.5484949832775919 0.15052631578947367 0.08695652173913043
0 0.6147368421052631 0.5635451505016722 0.13263157894736843 0.0802675585284281
