0 0.31894736842105265 0.5434782608695652 0.1463157894736842 0.09866220735785954
0 0.1631578947368421 0.7993311036789298 0.2463157894736842 0.14046822742474915
0 0.031578947368421054 0.15384615384615385 0.045263157894736845 0.023411371237458192
0 0.19052631578947368 0.15551839464882944 0.05473684210526316 0.05351170568561873
0 0.02 0.19230769230769232 0.031578947368421054 0.038461538461538464
0 0.008421052631578947 0.28595317725752506 0.035789473684210524 0.038461538461538464
0 0.061052631578947365 0.32608695652173914 0.05368421052631579 0.07023411371237458
0 0.04421052631578947 0.42642140468227424 0.07894736842105263 0.06354515050167224
0 0.3778947368421053 0.43478260869565216 0.12105263157894737 0.06688963210702341
0 0.2578947368421053 0.459866220735786 0.11263157894736842 0.09531772575250837
0 0.8557894736842105 0.5234113712374582 0.12 0.0903010033444816
0 0.6147368421052631 0.5635451505016722 0.13263157894736843 0.0802675585284281
