0 0.8052631578947368 0.5234113712374582 0.16736842105263158 0.10367892976588629
0 0.035789473684210524 0.8010033444816054 0.24210526315789474 0.1454849498327759
0 0.031578947368421054 0.15551839464882944 0.04631578947368421 0.021739130434782608
0 0.014736842105263158 0.19230769230769232 0.030526315789473683 0.038461538461538464
0 0.00631578947368421 0.27591973244147155 0.029473684210526315 0.033444816053511704
0 0.061052631578947365 0.3193979933110368 0.045263157894736845 0.06688963210702341
0 0.034736842105263156 0.411371237458194 0.07157894736842105 0.06020066889632107
0 0.37894736842105264 0.43478260869565216 0.11894736842105263 0.06688963210702341
0 0.2336842105263158 0.45484949832775917 0.09894736842105263 0.07190635451505016
0 0.2631578947368421 0.5267558528428093 0.15473684210526314 0.08695652173913043
0 0.5589473684210526 0.560200668896321 0.1336842105263158 0.08193979933110368
