0 0.7494736842105263 0.5384615384615384 0.18736842105263157 0.09531772575250837
0 0.003157894736842105 0.802675585284281 0.14947368421052631 0.14046822742474915
0 0.03263157894736842 0.15551839464882944 0.045263157894736845 0.021739130434782608
0 0.00631578947368421 0.26755852842809363 0.02736842105263158 0.033444816053511704
0 0.056842105263157895 0.3093645484949833 0.042105263157894736 0.048494983277591976
0 0.024210526315789474 0.3963210702341137 0.06631578947368422 0.07023411371237458
0 0.38 0.43478260869565216 0.1168421052631579 0.06688963210702341
0 0.2031578947368421 0.44648829431438125 0.10210526315789474 0.07525083612040134
0 0.22210526315789475 0.5167224080267558 0.14105263157894737 0.0903010033444816
0 0.5052631578947369 0.5618729096989966 0.13052631578947368 0.07859531772575251
