0 0.7505263157894737 0.5384615384615384 0.18421052631578946 0.09698996655518395
0 0.002105263157894737 0.802675585284281 0.14842105263157895 0.14046822742474915
0 0.03263157894736842 0.15551839464882944 0.045263157894736845 0.021739130434782608
0 0.00631578947368421 0.2692307692307692 0.028421052631578948 0.033444816053511704
0 0.056842105263157895 0.3093645484949833 0.042105263157894736 0.048494983277591976
0 0.024210526315789474 0.3963210702341137 0.06631578947368422 0.07023411371237458
0 0.38 0.43645484949832775 0.1168421052631579 0.06521739130434782
0 0.20421052631578948 0.44816053511705684 0.1 0.07190635451505016
0 0.22210526315789475 0.5150501672240803 0.14210526315789473 0.09197324414715718
0 0.5042105263157894 0.5635451505016722 0.13157894736842105 0.07692307692307693
