0 0.7305263157894737 0.5384615384615384 0.1957894736842105 0.1020066889632107
0 0.0010526315789473684 0.7959866220735786 0.10526315789473684 0.1505016722408027
0 0.03368421052631579 0.15551839464882944 0.045263157894736845 0.021739130434782608
0 0.00631578947368421 0.26421404682274247 0.028421052631578948 0.03511705685618729
0 0.05578947368421053 0.3060200668896321 0.0431578947368421 0.051839464882943144
0 0.022105263157894735 0.3896321070234114 0.06421052631578947 0.061872909698996656
0 0.38 0.43645484949832775 0.11789473684210526 0.06688963210702341
0 0.18947368421052632 0.4431438127090301 0.10526315789473684 0.07859531772575251
0 0.2094736842105263 0.5150501672240803 0.14210526315789473 0.09364548494983277
0 0.49157894736842106 0.5652173913043478 0.12421052631578948 0.07692307692307693
