0 0.62 0.540133779264214 0.18842105263157893 0.09531772575250837
0 0.031578947368421054 0.15384615384615385 0.045263157894736845 0.021739130434782608
0 0.00631578947368421 0.24749163879598662 0.02631578947368421 0.028428093645484948
0 0.05263157894736842 0.28595317725752506 0.04 0.046822742474916385
0 0.016842105263157894 0.3595317725752508 0.04421052631578947 0.05016722408026756
0 0.14526315789473684 0.411371237458194 0.08105263157894736 0.06856187290969899
0 0.3778947368421053 0.43478260869565216 0.12 0.06521739130434782
0 0.1336842105263158 0.4765886287625418 0.11578947368421053 0.08361204013377926
0 0.9294736842105263 0.5117056856187291 0.07157894736842105 0.0903010033444816
0 0.36526315789473685 0.5468227424749164 0.1231578947368421 0.07859531772575251
