0 0.031578947368421054 0.15551839464882944 0.045263157894736845 0.021739130434782608
0 0.007368421052631579 0.24581939799331104 0.02631578947368421 0.028428093645484948
0 0.05368421052631579 0.28595317725752506 0.04 0.046822742474916385
0 0.010526315789473684 0.3511705685618729 0.049473684210526316 0.06354515050167224
0 0.14105263157894737 0.4096989966555184 0.07684210526315789 0.06521739130434782
0 0.37684210526315787 0.43478260869565216 0.12210526315789473 0.06521739130434782
0 0.12631578947368421 0.47157190635451507 0.11052631578947368 0.08528428093645485
0 0.9147368421052632 0.5117056856187291 0.0863157894736842 0.09531772575250837
0 0.3463157894736842 0.5451505016722408 0.1231578947368421 0.07692307692307693
0 0.6021052631578947 0.5501672240802675 0.17684210526315788 0.07859531772575251
