0 0.5684210526315789 0.5418060200668896 0.1936842105263158 0.09866220735785954
0 0.03263157894736842 0.15551839464882944 0.04421052631578947 0.021739130434782608
0 0.19052631578947368 0.15551839464882944 0.05473684210526316 0.051839464882943144
0 0.007368421052631579 0.24247491638795987 0.02631578947368421 0.028428093645484948
0 0.05263157894736842 0.2809364548494983 0.03894736842105263 0.046822742474916385
0 0.011578947368421053 0.342809364548495 0.04421052631578947 0.046822742474916385
0 0.13157894736842105 0.40468227424749165 0.07578947368421053 0.06688963210702341
0 0.37684210526315787 0.43478260869565216 0.12105263157894737 0.06688963210702341
0 0.10842105263157895 0.46321070234113715 0.10842105263157895 0.09364548494983277
0 0.31894736842105265 0.5301003344481605 0.1231578947368421 0.07859531772575251
0 0.8831578947368421 0.5183946488294314 0.11789473684210526 0.09866220735785954
