0 0.5684210526315789 0.5418060200668896 0.19263157894736843 0.09866220735785954
0 0.030526315789473683 0.15551839464882944 0.045263157894736845 0.021739130434782608
0 0.008421052631578947 0.24247491638795987 0.02526315789473684 0.028428093645484948
0 0.05263157894736842 0.2809364548494983 0.04 0.046822742474916385
0 0.011578947368421053 0.342809364548495 0.04421052631578947 0.046822742474916385
0 0.13157894736842105 0.40468227424749165 0.07578947368421053 0.06688963210702341
0 0.37684210526315787 0.43478260869565216 0.12105263157894737 0.06688963210702341
0 0.10947368421052632 0.46153846153846156 0.10736842105263159 0.09197324414715718
0 0.32 0.5301003344481605 0.12210526315789473 0.07859531772575251
0 0.8831578947368421 0.5167224080267558 0.1168421052631579 0.09866220735785954
