0 0.49157894736842106 0.5384615384615384 0.17789473684210527 0.09698996655518395
0 0.03263157894736842 0.15551839464882944 0.04421052631578947 0.021739130434782608
0 0.19052631578947368 0.15551839464882944 0.05473684210526316 0.05351170568561873
0 0.05052631578947368 0.20066889632107024 0.031578947368421054 0.03177257525083612
0 0.009473684210526316 0.23745819397993312 0.03368421052631579 0.033444816053511704
0 0.05052631578947368 0.26755852842809363 0.04 0.04013377926421405
0 0.008421052631578947 0.32608695652173914 0.042105263157894736 0.038461538461538464
0 0.11157894736842106 0.3879598662207358 0.06736842105263158 0.06020066889632107
0 0.3778947368421053 0.43478260869565216 0.12 0.06688963210702341
0 0.08315789473684211 0.4414715719063545 0.09368421052631579 0.07859531772575251
0 0.2578947368421053 0.520066889632107 0.11578947368421053 0.07859531772575251
0 0.8178947368421052 0.5367892976588629 0.14736842105263157 0.08862876254180602
