0 0.45789473684210524 0.540133779264214 0.1736842105263158 0.09698996655518395
0 0.031578947368421054 0.15384615384615385 0.04631578947368421 0.021739130434782608
0 0.04631578947368421 0.19732441471571907 0.031578947368421054 0.033444816053511704
0 0.05157894736842105 0.2625418060200669 0.037894736842105266 0.04180602006688963
0 0.007368421052631579 0.3177257525083612 0.042105263157894736 0.043478260869565216
0 0.10210526315789474 0.38127090301003347 0.06631578947368422 0.061872909698996656
0 0.06842105263157895 0.4280936454849498 0.09157894736842105 0.08361204013377926
0 0.37684210526315787 0.43645484949832775 0.12105263157894737 0.06688963210702341
0 0.2336842105263158 0.5133779264214047 0.11052631578947368 0.08361204013377926
0 0.783157894736842 0.5451505016722408 0.14736842105263157 0.08361204013377926
