0 0.42526315789473684 0.540133779264214 0.17473684210526316 0.10033444816053512
0 0.7463157894736843 0.540133779264214 0.15473684210526314 0.10367892976588629
0 0.031578947368421054 0.15384615384615385 0.045263157894736845 0.021739130434782608
0 0.01263157894736842 0.22742474916387959 0.028421052631578948 0.030100334448160536
0 0.05157894736842105 0.2608695652173913 0.035789473684210524 0.04180602006688963
0 0.007368421052631579 0.3110367892976589 0.04 0.04180602006688963
0 0.09894736842105263 0.3795986622073579 0.06 0.056856187290969896
0 0.06 0.42642140468227424 0.08526315789473685 0.07190635451505016
0 0.3757894736842105 0.43478260869565216 0.12526315789473685 0.07023411371237458
0 0.2031578947368421 0.5033444816053512 0.11473684210526315 0.07859531772575251
