0 0.031578947368421054 0.15551839464882944 0.045263157894736845 0.021739130434782608
0 0.01263157894736842 0.22073578595317725 0.028421052631578948 0.03177257525083612
0 0.05263157894736842 0.2508361204013378 0.03368421052631579 0.03678929765886288
0 0.005263157894736842 0.2993311036789298 0.03368421052631579 0.04013377926421405
0 0.08526315789473685 0.362876254180602 0.06315789473684211 0.05518394648829431
0 0.04631578947368421 0.4080267558528428 0.07578947368421053 0.07190635451505016
0 0.37684210526315787 0.43645484949832775 0.12421052631578948 0.06354515050167224
0 0.1705263157894737 0.4899665551839465 0.10210526315789474 0.08361204013377926
0 0.3778947368421053 0.5434782608695652 0.15157894736842106 0.06856187290969899
0 0.6905263157894737 0.5535117056856187 0.15578947368421053 0.08193979933110368
