0 0.031578947368421054 0.15551839464882944 0.045263157894736845 0.021739130434782608
0 0.01368421052631579 0.22073578595317725 0.028421052631578948 0.03177257525083612
0 0.05263157894736842 0.2508361204013378 0.03368421052631579 0.03678929765886288
0 0.005263157894736842 0.2993311036789298 0.03368421052631579 0.038461538461538464
0 0.08526315789473685 0.362876254180602 0.06210526315789474 0.05518394648829431
0 0.04631578947368421 0.4096989966555184 0.07578947368421053 0.07023411371237458
0 0.3757894736842105 0.43645484949832775 0.12421052631578948 0.06354515050167224
0 0.17157894736842105 0.4899665551839465 0.10105263157894737 0.08361204013377926
0 0.3778947368421053 0.5451505016722408 0.15157894736842106 0.07023411371237458
0 0.6894736842105263 0.5535117056856187 0.1568421052631579 0.08193979933110368
