0 0.9326315789473684 0.7357859531772575 0.06736842105263158 0.17391304347826086
0 0.03263157894736842 0.15551839464882944 0.04421052631578947 0.021739130434782608
0 0.01263157894736842 0.21906354515050167 0.030526315789473683 0.03177257525083612
0 0.05263157894736842 0.24749163879598662 0.03368421052631579 0.038461538461538464
0 0.005263157894736842 0.2976588628762542 0.03263157894736842 0.038461538461538464
0 0.08210526315789474 0.3595317725752508 0.061052631578947365 0.05518394648829431
0 0.04421052631578947 0.40635451505016723 0.06842105263157895 0.06856187290969899
0 0.3757894736842105 0.43812709030100333 0.12631578947368421 0.06354515050167224
0 0.16421052631578947 0.4816053511705686 0.10105263157894737 0.07692307692307693
0 0.35789473684210527 0.5451505016722408 0.16 0.06688963210702341
0 0.6736842105263158 0.5535117056856187 0.15473684210526314 0.08361204013377926
