0 0.9042105263157895 0.7474916387959866 0.09473684210526316 0.16220735785953178
0 0.03263157894736842 0.15384615384615385 0.04421052631578947 0.023411371237458192
0 0.014736842105263158 0.21739130434782608 0.029473684210526315 0.033444816053511704
0 0.05368421052631579 0.24581939799331104 0.03368421052631579 0.038461538461538464
0 0.00631578947368421 0.2909698996655518 0.031578947368421054 0.04180602006688963
0 0.08 0.35618729096989965 0.061052631578947365 0.05351170568561873
0 0.042105263157894736 0.4013377926421405 0.06947368421052631 0.07357859531772576
0 0.37473684210526315 0.43812709030100333 0.12526315789473685 0.06354515050167224
0 0.15157894736842106 0.4816053511705686 0.1 0.07692307692307693
0 0.34210526315789475 0.5301003344481605 0.15368421052631578 0.07525083612040134
0 0.6526315789473685 0.5535117056856187 0.15789473684210525 0.08193979933110368
