0 0.3231578947368421 0.5301003344481605 0.16842105263157894 0.09364548494983277
0 0.8673684210526316 0.7357859531772575 0.13157894736842105 0.1806020066889632
0 0.03263157894736842 0.15384615384615385 0.0431578947368421 0.021739130434782608
0 0.014736842105263158 0.21739130434782608 0.031578947368421054 0.033444816053511704
0 0.05368421052631579 0.24414715719063546 0.03368421052631579 0.038461538461538464
0 0.004210526315789474 0.28929765886287623 0.03263157894736842 0.04013377926421405
0 0.07578947368421053 0.3528428093645485 0.06 0.051839464882943144
0 0.034736842105263156 0.3979933110367893 0.06842105263157895 0.07023411371237458
0 0.37473684210526315 0.43812709030100333 0.12526315789473685 0.06354515050167224
0 0.14105263157894737 0.47491638795986624 0.09894736842105263 0.07859531772575251
0 0.6347368421052632 0.5535117056856187 0.15052631578947367 0.08361204013377926
