0 0.7884210526315789 0.7876254180602007 0.2094736842105263 0.13043478260869565
0 0.03368421052631579 0.15384615384615385 0.04421052631578947 0.021739130434782608
0 0.015789473684210527 0.2140468227424749 0.031578947368421054 0.03177257525083612
0 0.005263157894736842 0.28595317725752506 0.03263157894736842 0.04013377926421405
0 0.07263157894736842 0.34782608695652173 0.056842105263157895 0.05852842809364549
0 0.02736842105263158 0.3879598662207358 0.06842105263157895 0.06354515050167224
0 0.3757894736842105 0.43478260869565216 0.12421052631578948 0.06521739130434782
0 0.12526315789473685 0.4682274247491639 0.09157894736842105 0.07692307692307693
0 0.2968421052631579 0.5234113712374582 0.14421052631578948 0.07859531772575251
0 0.5947368421052631 0.5518394648829431 0.14736842105263157 0.08528428093645485
