0 0.7526315789473684 0.7926421404682275 0.21894736842105264 0.12207357859531773
0 0.031578947368421054 0.15384615384615385 0.04631578947368421 0.023411371237458192
0 0.016842105263157894 0.2140468227424749 0.030526315789473683 0.03177257525083612
0 0.05368421052631579 0.24749163879598662 0.030526315789473683 0.033444816053511704
0 0.005263157894736842 0.28595317725752506 0.031578947368421054 0.038461538461538464
0 0.06947368421052631 0.3411371237458194 0.05473684210526316 0.056856187290969896
0 0.024210526315789474 0.3862876254180602 0.06842105263157895 0.061872909698996656
0 0.37684210526315787 0.43645484949832775 0.1231578947368421 0.06688963210702341
0 0.11368421052631579 0.45819397993311034 0.09473684210526316 0.07190635451505016
0 0.28 0.520066889632107 0.14947368421052631 0.07357859531772576
0 0.5789473684210527 0.5518394648829431 0.14526315789473684 0.08695652173913043
