0 0.7147368421052631 0.794314381270903 0.20842105263157895 0.12709030100334448
0 0.030526315789473683 0.15384615384615385 0.04736842105263158 0.021739130434782608
0 0.018947368421052633 0.1956521739130435 0.03263157894736842 0.03177257525083612
0 0.05368421052631579 0.24414715719063546 0.031578947368421054 0.03511705685618729
0 0.005263157894736842 0.27759197324414714 0.030526315789473683 0.03177257525083612
0 0.06947368421052631 0.33444816053511706 0.05368421052631579 0.06354515050167224
0 0.023157894736842106 0.38127090301003347 0.06736842105263158 0.06354515050167224
0 0.3778947368421053 0.43645484949832775 0.12210526315789473 0.06688963210702341
0 0.10421052631578948 0.45484949832775917 0.0968421052631579 0.07190635451505016
0 0.2694736842105263 0.5167224080267558 0.14210526315789473 0.0802675585284281
0 0.5578947368421052 0.5484949832775919 0.14947368421052631 0.09197324414715718
