0 0.6357894736842106 0.794314381270903 0.21263157894736842 0.1488294314381271
0 0.030526315789473683 0.15384615384615385 0.04736842105263158 0.021739130434782608
0 0.016842105263157894 0.1939799331103679 0.03368421052631579 0.033444816053511704
0 0.004210526315789474 0.27424749163879597 0.031578947368421054 0.033444816053511704
0 0.06631578947368422 0.3311036789297659 0.05157894736842105 0.06020066889632107
0 0.018947368421052633 0.3762541806020067 0.06526315789473684 0.05351170568561873
0 0.3778947368421053 0.43645484949832775 0.12105263157894737 0.06688963210702341
0 0.09052631578947369 0.4498327759197324 0.08526315789473685 0.07023411371237458
0 0.24210526315789474 0.5133779264214047 0.13578947368421052 0.08862876254180602
0 0.5242105263157895 0.5484949832775919 0.13894736842105262 0.08528428093645485
