0 0.6031578947368421 0.8010033444816054 0.2063157894736842 0.1454849498327759
0 0.03263157894736842 0.15384615384615385 0.04631578947368421 0.021739130434782608
0 0.017894736842105262 0.1956521739130435 0.030526315789473683 0.033444816053511704
0 0.004210526315789474 0.2725752508361204 0.031578947368421054 0.033444816053511704
0 0.06842105263157895 0.3294314381270903 0.04421052631578947 0.048494983277591976
0 0.022105263157894735 0.36622073578595316 0.05894736842105263 0.056856187290969896
0 0.3778947368421053 0.43645484949832775 0.12105263157894737 0.06521739130434782
0 0.08421052631578947 0.44648829431438125 0.08526315789473685 0.06688963210702341
0 0.22736842105263158 0.4983277591973244 0.13052631578947368 0.08361204013377926
0 0.508421052631579 0.5484949832775919 0.1368421052631579 0.08361204013377926
