0 0.5621052631578948 0.7976588628762542 0.2031578947368421 0.15217391304347827
0 0.03263157894736842 0.15384615384615385 0.04631578947368421 0.021739130434782608
0 0.015789473684210527 0.1939799331103679 0.031578947368421054 0.033444816053511704
0 0.004210526315789474 0.2709030100334448 0.031578947368421054 0.030100334448160536
0 0.06526315789473684 0.32274247491638797 0.04842105263157895 0.06688963210702341
0 0.018947368421052633 0.36454849498327757 0.05473684210526316 0.056856187290969896
0 0.07789473684210527 0.43645484949832775 0.07894736842105263 0.06354515050167224
0 0.37894736842105264 0.43645484949832775 0.12 0.06688963210702341
0 0.21368421052631578 0.49665551839464883 0.14421052631578948 0.08862876254180602
0 0.4863157894736842 0.5501672240802675 0.14210526315789473 0.08361204013377926
