0 0.5189473684210526 0.7993311036789298 0.2063157894736842 0.15217391304347827
0 0.03263157894736842 0.15384615384615385 0.04631578947368421 0.021739130434782608
0 0.015789473684210527 0.19230769230769232 0.030526315789473683 0.03511705685618729
0 0.004210526315789474 0.2692307692307692 0.031578947368421054 0.028428093645484948
0 0.06631578947368422 0.32274247491638797 0.04421052631578947 0.04013377926421405
0 0.017894736842105262 0.35785953177257523 0.05368421052631579 0.05852842809364549
0 0.06736842105263158 0.43478260869565216 0.08421052631578947 0.06354515050167224
0 0.3778947368421053 0.43478260869565216 0.12105263157894737 0.06856187290969899
0 0.2 0.49331103678929766 0.13473684210526315 0.09364548494983277
0 0.4694736842105263 0.5484949832775919 0.14105263157894737 0.08193979933110368
