0 0.4863157894736842 0.8043478260869565 0.1936842105263158 0.14715719063545152
0 0.031578947368421054 0.15384615384615385 0.04736842105263158 0.021739130434782608
0 0.015789473684210527 0.1939799331103679 0.029473684210526315 0.03177257525083612
0 0.004210526315789474 0.26755852842809363 0.031578947368421054 0.033444816053511704
0 0.06526315789473684 0.32274247491638797 0.042105263157894736 0.04013377926421405
0 0.017894736842105262 0.35785953177257523 0.05052631578947368 0.0451505016722408
0 0.06315789473684211 0.4280936454849498 0.08 0.06688963210702341
0 0.37894736842105264 0.43478260869565216 0.12210526315789473 0.06856187290969899
0 0.18736842105263157 0.4899665551839465 0.13157894736842105 0.08528428093645485
0 0.45052631578947366 0.5418060200668896 0.13473684210526315 0.08361204013377926
