0 0.43894736842105264 0.8076923076923077 0.19894736842105262 0.14214046822742474
0 0.03263157894736842 0.15384615384615385 0.045263157894736845 0.021739130434782608
0 0.015789473684210527 0.1939799331103679 0.02736842105263158 0.03177257525083612
0 0.004210526315789474 0.26421404682274247 0.03263157894736842 0.033444816053511704
0 0.06315789473684211 0.3177257525083612 0.0431578947368421 0.038461538461538464
0 0.016842105263157894 0.35451505016722407 0.04842105263157895 0.048494983277591976
0 0.061052631578947365 0.42642140468227424 0.07052631578947369 0.05852842809364549
0 0.3778947368421053 0.43478260869565216 0.1231578947368421 0.06856187290969899
0 0.17684210526315788 0.4866220735785953 0.13473684210526315 0.0903010033444816
0 0.44 0.5434782608695652 0.12526315789473685 0.08193979933110368
