0 0.22210526315789475 0.822742474916388 0.19789473684210526 0.13712374581939799
0 0.03368421052631579 0.15384615384615385 0.04421052631578947 0.021739130434782608
0 0.011578947368421053 0.19063545150501673 0.021052631578947368 0.026755852842809364
0 0.005263157894736842 0.2508361204013378 0.030526315789473683 0.030100334448160536
0 0.06210526315789474 0.3010033444816054 0.04 0.03678929765886288
0 0.009473684210526316 0.3377926421404682 0.04631578947368421 0.046822742474916385
0 0.034736842105263156 0.40468227424749165 0.06842105263157895 0.05852842809364549
0 0.3757894736842105 0.43645484949832775 0.12526315789473685 0.06521739130434782
0 0.13052631578947368 0.46153846153846156 0.12421052631578948 0.09531772575250837
0 0.33789473684210525 0.5284280936454849 0.14 0.08193979933110368
