0 0.12 0.8361204013377926 0.2094736842105263 0.14046822742474915
0 0.03368421052631579 0.15384615384615385 0.0431578947368421 0.021739130434782608
0 0.00631578947368421 0.17725752508361203 0.022105263157894735 0.028428093645484948
0 0.011578947368421053 0.18896321070234115 0.021052631578947368 0.028428093645484948
0 0.00631578947368421 0.24749163879598662 0.029473684210526315 0.028428093645484948
0 0.008421052631578947 0.33277591973244147 0.045263157894736845 0.046822742474916385
0 0.029473684210526315 0.391304347826087 0.061052631578947365 0.05852842809364549
0 0.3778947368421053 0.43645484949832775 0.12210526315789473 0.06521739130434782
0 0.11052631578947368 0.4531772575250836 0.12105263157894737 0.10869565217391304
0 0.31473684210526315 0.5217391304347826 0.12842105263157894 0.08193979933110368
