0 0.07578947368421053 0.8411371237458194 0.20842105263157895 0.13879598662207357
0 0.03368421052631579 0.15384615384615385 0.0431578947368421 0.021739130434782608
0 0.007368421052631579 0.17725752508361203 0.022105263157894735 0.030100334448160536
0 0.005263157894736842 0.24749163879598662 0.030526315789473683 0.026755852842809364
0 0.06 0.29264214046822745 0.04 0.03511705685618729
0 0.008421052631578947 0.3294314381270903 0.04421052631578947 0.0451505016722408
0 0.02631578947368421 0.391304347826087 0.061052631578947365 0.056856187290969896
0 0.3757894736842105 0.43645484949832775 0.1231578947368421 0.06688963210702341
0 0.10631578947368421 0.44481605351170567 0.11789473684210526 0.08695652173913043
0 0.3 0.5217391304347826 0.12421052631578948 0.07357859531772576
