0 0.0 0.8461538461538461 0.1431578947368421 0.13712374581939799
0 0.034736842105263156 0.15384615384615385 0.042105263157894736 0.021739130434782608
0 0.007368421052631579 0.19230769230769232 0.022105263157894735 0.023411371237458192
0 0.009473684210526316 0.24247491638795987 0.03263157894736842 0.030100334448160536
0 0.061052631578947365 0.28595317725752506 0.03684210526315789 0.038461538461538464
0 0.00631578947368421 0.3193979933110368 0.0431578947368421 0.04013377926421405
0 0.021052631578947368 0.3762541806020067 0.05263157894736842 0.051839464882943144
0 0.3778947368421053 0.43645484949832775 0.12105263157894737 0.06688963210702341
0 0.08736842105263158 0.4414715719063545 0.10736842105263159 0.0802675585284281
0 0.25263157894736843 0.5016722408026756 0.12947368421052632 0.0802675585284281
