0 0.03684210526315789 0.15551839464882944 0.04 0.020066889632107024
0 0.008421052631578947 0.17725752508361203 0.023157894736842106 0.028428093645484948
0 0.19052631578947368 0.16220735785953178 0.05052631578947368 0.04013377926421405
0 0.04105263157894737 0.1939799331103679 0.029473684210526315 0.02508361204013378
0 0.00631578947368421 0.22408026755852842 0.031578947368421054 0.028428093645484948
0 0.009473684210526316 0.22073578595317725 0.034736842105263156 0.03177257525083612
0 0.38842105263157894 0.4214046822742475 0.030526315789473683 0.033444816053511704
0 0.37684210526315787 0.4331103678929766 0.12421052631578948 0.07023411371237458
0 0.39473684210526316 0.4331103678929766 0.1168421052631579 0.06521739130434782
0 0.38 0.4431438127090301 0.11578947368421053 0.06856187290969899
