0 0.6789473684210526 0.6755852842809364 0.20210526315789473 0.15217391304347827
0 0.03368421052631579 0.15384615384615385 0.042105263157894736 0.023411371237458192
0 0.005263157894736842 0.19230769230769232 0.02631578947368421 0.02508361204013378
0 0.8557894736842105 0.23578595317725753 0.056842105263157895 0.03511705685618729
0 0.035789473684210524 0.2692307692307692 0.03368421052631579 0.03678929765886288
0 0.030526315789473683 0.3093645484949833 0.04736842105263158 0.046822742474916385
0 0.3778947368421053 0.4331103678929766 0.12105263157894737 0.06856187290969899
0 0.10526315789473684 0.459866220735786 0.08105263157894736 0.06856187290969899
0 0.871578947368421 0.46153846153846156 0.12526315789473685 0.08193979933110368
0 0.2336842105263158 0.5367892976588629 0.11473684210526315 0.08695652173913043
