0 0.5136842105263157 0.6003344481605352 0.15263157894736842 0.11204013377926421
0 0.035789473684210524 0.15384615384615385 0.04 0.023411371237458192
0 0.0010526315789473684 0.17725752508361203 0.021052631578947368 0.028428093645484948
0 0.03684210526315789 0.24581939799331104 0.031578947368421054 0.030100334448160536
0 0.9147368421052632 0.2608695652173913 0.05789473684210526 0.038461538461538464
0 0.02 0.2842809364548495 0.04 0.04180602006688963
0 0.06842105263157895 0.42474916387959866 0.07368421052631578 0.07692307692307693
0 0.37894736842105264 0.4331103678929766 0.11894736842105263 0.06856187290969899
0 0.8694736842105263 0.46153846153846156 0.12736842105263158 0.08193979933110368
0 0.16526315789473683 0.49331103678929766 0.09894736842105263 0.0802675585284281
