0 0.5136842105263157 0.6003344481605352 0.15263157894736842 0.11371237458193979
0 0.035789473684210524 0.15384615384615385 0.04 0.023411371237458192
0 0.0010526315789473684 0.17725752508361203 0.021052631578947368 0.030100334448160536
0 0.03684210526315789 0.24581939799331104 0.031578947368421054 0.028428093645484948
0 0.9147368421052632 0.2608695652173913 0.05789473684210526 0.038461538461538464
0 0.02 0.28595317725752506 0.03894736842105263 0.04013377926421405
0 0.06842105263157895 0.4230769230769231 0.07263157894736842 0.07859531772575251
0 0.37894736842105264 0.43478260869565216 0.12 0.06688963210702341
0 0.8694736842105263 0.46153846153846156 0.12736842105263158 0.08193979933110368
0 0.16526315789473683 0.49331103678929766 0.09789473684210526 0.07859531772575251
