0 0.03368421052631579 0.15217391304347827 0.042105263157894736 0.02508361204013378
0 0.18947368421052632 0.15551839464882944 0.05473684210526316 0.051839464882943144
0 0.03894736842105263 0.225752508361204 0.02736842105263158 0.02508361204013378
0 0.016842105263157894 0.2625418060200669 0.031578947368421054 0.04013377926421405
0 0.96 0.2709030100334448 0.037894736842105266 0.0451505016722408
0 0.03894736842105263 0.391304347826087 0.06210526315789474 0.051839464882943144
0 0.3778947368421053 0.43645484949832775 0.12210526315789473 0.06354515050167224
0 0.11473684210526315 0.45484949832775917 0.08842105263157894 0.06688963210702341
0 0.8705263157894737 0.46153846153846156 0.12736842105263158 0.08193979933110368
0 0.37157894736842106 0.5518394648829431 0.13789473684210526 0.08695652173913043
