0 0.03368421052631579 0.15217391304347827 0.042105263157894736 0.02508361204013378
0 0.18947368421052632 0.15551839464882944 0.05473684210526316 0.051839464882943144
0 0.03894736842105263 0.21906354515050167 0.02631578947368421 0.026755852842809364
0 0.016842105263157894 0.24749163879598662 0.03263157894736842 0.03511705685618729
0 0.9842105263157894 0.2792642140468227 0.014736842105263158 0.06020066889632107
0 0.028421052631578948 0.362876254180602 0.05368421052631579 0.05852842809364549
0 0.09368421052631579 0.431438127090301 0.07789473684210527 0.06856187290969899
0 0.3778947368421053 0.43478260869565216 0.12105263157894737 0.06521739130434782
0 0.871578947368421 0.46153846153846156 0.12631578947368421 0.08193979933110368
0 0.3094736842105263 0.5117056856187291 0.1231578947368421 0.0903010033444816
