0 0.12631578947368421 0.7909698996655519 0.31894736842105265 0.19732441471571907
0 0.03368421052631579 0.15217391304347827 0.04105263157894737 0.023411371237458192
0 0.19052631578947368 0.1588628762541806 0.04842105263157895 0.0451505016722408
0 0.031578947368421054 0.20066889632107024 0.02736842105263158 0.026755852842809364
0 0.021052631578947368 0.22073578595317725 0.02736842105263158 0.03177257525083612
0 0.015789473684210527 0.3210702341137124 0.04 0.07357859531772576
0 0.04842105263157895 0.3896321070234114 0.06736842105263158 0.05518394648829431
0 0.37894736842105264 0.43478260869565216 0.12 0.06856187290969899
0 0.18 0.43645484949832775 0.09578947368421052 0.09197324414715718
0 0.8705263157894737 0.46153846153846156 0.12526315789473685 0.08193979933110368
