0 -0.002105263157894737 0.7926421404682275 0.2463157894736842 0.18729096989966554
0 0.8115789473684211 0.8461538461538461 0.19157894736842104 0.1505016722408027
0 0.03368421052631579 0.15217391304347827 0.042105263157894736 0.02508361204013378
0 0.19052631578947368 0.15719063545150502 0.04842105263157895 0.046822742474916385
0 0.02526315789473684 0.19899665551839466 0.02736842105263158 0.030100334448160536
0 0.021052631578947368 0.21070234113712374 0.02631578947368421 0.03177257525083612
0 0.028421052631578948 0.362876254180602 0.06 0.056856187290969896
0 0.1336842105263158 0.4080267558528428 0.07789473684210527 0.07190635451505016
0 0.37894736842105264 0.43478260869565216 0.12 0.06856187290969899
0 0.8705263157894737 0.46153846153846156 0.12631578947368421 0.08193979933110368
