0 0.035789473684210524 0.15384615384615385 0.03894736842105263 0.020066889632107024
0 0.008421052631578947 0.17725752508361203 0.022105263157894735 0.02508361204013378
0 0.0431578947368421 0.1806020066889632 0.029473684210526315 0.01839464882943144
0 0.19052631578947368 0.16220735785953178 0.049473684210526316 0.04013377926421405
0 0.03894736842105263 0.1939799331103679 0.030526315789473683 0.026755852842809364
0 0.005263157894736842 0.22073578595317725 0.031578947368421054 0.028428093645484948
0 0.011578947368421053 0.22073578595317725 0.030526315789473683 0.030100334448160536
0 0.9084210526315789 0.27591973244147155 0.04736842105263158 0.04013377926421405
0 0.9136842105263158 0.2792642140468227 0.049473684210526316 0.0451505016722408
0 0.9063157894736842 0.2792642140468227 0.056842105263157895 0.05016722408026756
0 0.37684210526315787 0.4331103678929766 0.12421052631578948 0.07023411371237458
0 0.3957894736842105 0.43478260869565216 0.11578947368421053 0.06354515050167224
0 0.37894736842105264 0.4431438127090301 0.1168421052631579 0.06856187290969899
