0 0.035789473684210524 0.15384615384615385 0.03894736842105263 0.020066889632107024
0 0.007368421052631579 0.17892976588628762 0.021052631578947368 0.021739130434782608
0 0.04105263157894737 0.1806020066889632 0.030526315789473683 0.01839464882943144
0 0.19052631578947368 0.16220735785953178 0.05052631578947368 0.038461538461538464
0 0.02631578947368421 0.1956521739130435 0.031578947368421054 0.021739130434782608
0 0.03894736842105263 0.1939799331103679 0.028421052631578948 0.023411371237458192
0 0.008421052631578947 0.22408026755852842 0.02736842105263158 0.026755852842809364
0 0.011578947368421053 0.22073578595317725 0.031578947368421054 0.030100334448160536
0 0.9136842105263158 0.2842809364548495 0.06210526315789474 0.05351170568561873
0 0.9231578947368421 0.28595317725752506 0.06 0.05518394648829431
0 0.37684210526315787 0.4331103678929766 0.12421052631578948 0.07023411371237458
0 0.3957894736842105 0.43478260869565216 0.11578947368421053 0.06354515050167224
0 0.37894736842105264 0.4431438127090301 0.1168421052631579 0.06856187290969899
