0 0.035789473684210524 0.15384615384615385 0.04 0.020066889632107024
0 0.007368421052631579 0.17892976588628762 0.021052631578947368 0.023411371237458192
0 0.042105263157894736 0.18227424749163879 0.028421052631578948 0.01839464882943144
0 0.18947368421052632 0.16220735785953178 0.05052631578947368 0.038461538461538464
0 0.03894736842105263 0.19230769230769232 0.028421052631578948 0.023411371237458192
0 0.007368421052631579 0.22408026755852842 0.028421052631578948 0.026755852842809364
0 0.011578947368421053 0.22240802675585283 0.031578947368421054 0.030100334448160536
0 0.9273684210526316 0.28929765886287623 0.06 0.05518394648829431
0 0.37684210526315787 0.4331103678929766 0.12421052631578948 0.07023411371237458
0 0.3957894736842105 0.43478260869565216 0.11578947368421053 0.06354515050167224
0 0.37894736842105264 0.4431438127090301 0.1168421052631579 0.06856187290969899
