0 0.034736842105263156 0.15384615384615385 0.04105263157894737 0.020066889632107024
0 0.0431578947368421 0.18227424749163879 0.02736842105263158 0.01839464882943144
0 0.03894736842105263 0.19230769230769232 0.02736842105263158 0.023411371237458192
0 0.008421052631578947 0.22240802675585283 0.02631578947368421 0.02508361204013378
0 0.01263157894736842 0.22073578595317725 0.030526315789473683 0.030100334448160536
0 0.9336842105263158 0.29264214046822745 0.05894736842105263 0.056856187290969896
0 0.9347368421052632 0.2959866220735786 0.06 0.06354515050167224
0 0.38842105263157894 0.4214046822742475 0.030526315789473683 0.033444816053511704
0 0.37684210526315787 0.4331103678929766 0.1231578947368421 0.07023411371237458
0 0.39473684210526316 0.4331103678929766 0.1168421052631579 0.06521739130434782
0 0.37894736842105264 0.4431438127090301 0.1168421052631579 0.06856187290969899
