0 0.035789473684210524 0.15384615384615385 0.04 0.020066889632107024
0 0.0431578947368421 0.18227424749163879 0.02736842105263158 0.01839464882943144
0 0.18947368421052632 0.16220735785953178 0.05052631578947368 0.04013377926421405
0 0.03894736842105263 0.19230769230769232 0.02736842105263158 0.023411371237458192
0 0.009473684210526316 0.22240802675585283 0.02526315789473684 0.02508361204013378
0 0.011578947368421053 0.21906354515050167 0.030526315789473683 0.030100334448160536
0 0.9389473684210526 0.29431438127090304 0.05894736842105263 0.05518394648829431
0 0.94 0.2976588628762542 0.05894736842105263 0.06020066889632107
0 0.9715789473684211 0.3210702341137124 0.02736842105263158 0.038461538461538464
0 0.37684210526315787 0.4331103678929766 0.1231578947368421 0.07023411371237458
0 0.39473684210526316 0.4331103678929766 0.1168421052631579 0.06521739130434782
0 0.38 0.4431438127090301 0.11578947368421053 0.06856187290969899
