0 0.03684210526315789 0.15384615384615385 0.04 0.020066889632107024
0 0.18842105263157893 0.16220735785953178 0.05157894736842105 0.04013377926421405
0 0.02526315789473684 0.1956521739130435 0.029473684210526315 0.023411371237458192
0 0.011578947368421053 0.21906354515050167 0.031578947368421054 0.028428093645484948
0 0.9442105263157895 0.2993311036789298 0.05368421052631579 0.05852842809364549
0 0.9663157894736842 0.3177257525083612 0.03368421052631579 0.048494983277591976
0 0.9536842105263158 0.30434782608695654 0.045263157894736845 0.05852842809364549
0 0.38842105263157894 0.4214046822742475 0.030526315789473683 0.033444816053511704
0 0.37684210526315787 0.4331103678929766 0.12421052631578948 0.07023411371237458
0 0.39473684210526316 0.4331103678929766 0.1168421052631579 0.06521739130434782
0 0.37894736842105264 0.4431438127090301 0.1168421052631579 0.06856187290969899
