0 0.03684210526315789 0.15384615384615385 0.04 0.020066889632107024
0 0.004210526315789474 0.17892976588628762 0.022105263157894735 0.023411371237458192
0 0.04105263157894737 0.1806020066889632 0.029473684210526315 0.020066889632107024
0 0.18842105263157893 0.16220735785953178 0.05157894736842105 0.04013377926421405
0 0.02526315789473684 0.1939799331103679 0.030526315789473683 0.02508361204013378
0 0.01263157894736842 0.21906354515050167 0.031578947368421054 0.030100334448160536
0 0.9484210526315789 0.3060200668896321 0.04842105263157895 0.06020066889632107
0 0.9642105263157895 0.3093645484949833 0.03368421052631579 0.056856187290969896
0 0.9568421052631579 0.3060200668896321 0.04105263157894737 0.06354515050167224
0 0.37684210526315787 0.4331103678929766 0.12421052631578948 0.07023411371237458
0 0.39473684210526316 0.4331103678929766 0.11789473684210526 0.06521739130434782
0 0.37894736842105264 0.4431438127090301 0.1168421052631579 0.06856187290969899
