0 0.03684210526315789 0.15384615384615385 0.03894736842105263 0.020066889632107024
0 0.003157894736842105 0.17725752508361203 0.022105263157894735 0.023411371237458192
0 0.04105263157894737 0.1806020066889632 0.029473684210526315 0.020066889632107024
0 0.18842105263157893 0.16220735785953178 0.05157894736842105 0.04013377926421405
0 0.01368421052631579 0.21906354515050167 0.029473684210526315 0.030100334448160536
0 0.9652631578947368 0.3076923076923077 0.030526315789473683 0.06020066889632107
0 0.9621052631578947 0.3060200668896321 0.035789473684210524 0.07023411371237458
0 0.38842105263157894 0.4214046822742475 0.030526315789473683 0.033444816053511704
0 0.37684210526315787 0.4331103678929766 0.12421052631578948 0.07023411371237458
0 0.39473684210526316 0.4331103678929766 0.1168421052631579 0.06521739130434782
0 0.37894736842105264 0.4431438127090301 0.1168421052631579 0.06856187290969899
