0 0.9463157894736842 0.5217391304347826 0.05263157894736842 0.19732441471571907
0 0.07789473684210527 0.725752508361204 0.18105263157894738 0.12207357859531773
0 0.031578947368421054 0.15217391304347827 0.045263157894736845 0.023411371237458192
0 0.18947368421052632 0.15719063545150502 0.056842105263157895 0.05351170568561873
0 0.04105263157894737 0.342809364548495 0.06 0.05518394648829431
0 0.20105263157894737 0.4197324414715719 0.1168421052631579 0.08361204013377926
0 0.37894736842105264 0.43478260869565216 0.12210526315789473 0.07023411371237458
0 0.9221052631578948 0.45652173913043476 0.07578947368421053 0.06688963210702341
0 0.5610526315789474 0.5066889632107023 0.14 0.07357859531772576
0 0.6052631578947368 0.580267558528428 0.14947368421052631 0.06688963210702341
