0 0.9178947368421052 0.5317725752508361 0.08526315789473685 0.18896321070234115
0 0.031578947368421054 0.15217391304347827 0.04421052631578947 0.023411371237458192
0 0.18842105263157893 0.15551839464882944 0.056842105263157895 0.05351170568561873
0 0.03368421052631579 0.32608695652173914 0.05368421052631579 0.06354515050167224
0 0.1705263157894737 0.40468227424749165 0.11263157894736842 0.10367892976588629
0 0.3778947368421053 0.43478260869565216 0.12105263157894737 0.06856187290969899
0 0.8873684210526316 0.4665551839464883 0.10421052631578948 0.07525083612040134
0 0.4978947368421053 0.5066889632107023 0.13789473684210526 0.06856187290969899
0 0.5463157894736842 0.5785953177257525 0.14210526315789473 0.07357859531772576
0 -0.002105263157894737 0.7357859531772575 0.12210526315789473 0.10367892976588629
