0 0.9084210526315789 0.5351170568561873 0.09263157894736843 0.19230769230769232
0 0.0 0.7157190635451505 0.08526315789473685 0.13210702341137123
0 0.031578947368421054 0.15217391304347827 0.04421052631578947 0.023411371237458192
0 0.18842105263157893 0.15719063545150502 0.056842105263157895 0.05351170568561873
0 0.03684210526315789 0.3210702341137124 0.04421052631578947 0.0451505016722408
0 0.16210526315789472 0.4013377926421405 0.09894736842105263 0.07859531772575251
0 0.37684210526315787 0.43478260869565216 0.1231578947368421 0.07023411371237458
0 0.8789473684210526 0.4698996655518395 0.10526315789473684 0.07023411371237458
0 0.4884210526315789 0.5066889632107023 0.13789473684210526 0.06688963210702341
0 0.5326315789473685 0.5785953177257525 0.14421052631578948 0.07357859531772576
