0 0.7147368421052631 0.5267558528428093 0.28210526315789475 0.22909698996655517
0 0.2810526315789474 0.5484949832775919 0.14736842105263157 0.11204013377926421
0 0.8 0.7976588628762542 0.2063157894736842 0.15384615384615385
0 0.03263157894736842 0.15217391304347827 0.04421052631578947 0.023411371237458192
0 0.18736842105263157 0.15719063545150502 0.056842105263157895 0.051839464882943144
0 0.029473684210526315 0.2608695652173913 0.035789473684210524 0.038461538461538464
0 0.07368421052631578 0.33277591973244147 0.056842105263157895 0.07023411371237458
0 0.37684210526315787 0.43478260869565216 0.1231578947368421 0.07023411371237458
0 0.9189473684210526 0.4531772575250836 0.08 0.08193979933110368
0 0.24947368421052632 0.46153846153846156 0.11263157894736842 0.0903010033444816
