0 0.6978947368421052 0.5234113712374582 0.29368421052631577 0.23244147157190637
0 0.76 0.7926421404682275 0.22631578947368422 0.16220735785953178
0 0.03263157894736842 0.15217391304347827 0.04421052631578947 0.023411371237458192
0 0.18842105263157893 0.15719063545150502 0.05578947368421053 0.051839464882943144
0 0.028421052631578948 0.25585284280936454 0.03684210526315789 0.04180602006688963
0 0.06736842105263158 0.3294314381270903 0.05789473684210526 0.06521739130434782
0 0.37684210526315787 0.4331103678929766 0.12421052631578948 0.07190635451505016
0 0.23578947368421052 0.4531772575250836 0.10631578947368421 0.07692307692307693
0 0.9126315789473685 0.45484949832775917 0.08526315789473685 0.07859531772575251
0 0.2694736842105263 0.5501672240802675 0.14105263157894737 0.08695652173913043
