0 0.68 0.5250836120401338 0.3157894736842105 0.22073578595317725
0 0.7273684210526316 0.8010033444816054 0.22736842105263158 0.13879598662207357
0 0.03263157894736842 0.15217391304347827 0.04421052631578947 0.023411371237458192
0 0.18842105263157893 0.15719063545150502 0.05578947368421053 0.05351170568561873
0 0.031578947368421054 0.25418060200668896 0.031578947368421054 0.04180602006688963
0 0.06526315789473684 0.3294314381270903 0.05789473684210526 0.05351170568561873
0 0.37473684210526315 0.4331103678929766 0.12526315789473685 0.07190635451505016
0 0.2294736842105263 0.44648829431438125 0.1 0.08193979933110368
0 0.8947368421052632 0.46488294314381273 0.1 0.07525083612040134
0 0.2631578947368421 0.5484949832775919 0.13789473684210526 0.08695652173913043
