0 0.6421052631578947 0.5334448160535117 0.3568421052631579 0.20234113712374582
0 0.5842105263157895 0.8043478260869565 0.2231578947368421 0.15551839464882944
0 0.03263157894736842 0.15384615384615385 0.04421052631578947 0.023411371237458192
0 0.19052631578947368 0.15551839464882944 0.05473684210526316 0.05351170568561873
0 0.029473684210526315 0.24749163879598662 0.035789473684210524 0.03177257525083612
0 0.06210526315789474 0.3177257525083612 0.04631578947368421 0.04180602006688963
0 0.18736842105263157 0.4297658862876254 0.09789473684210526 0.07190635451505016
0 0.37894736842105264 0.43478260869565216 0.12 0.07023411371237458
0 0.58 0.5083612040133779 0.13052631578947368 0.07023411371237458
0 0.21473684210526317 0.5418060200668896 0.1368421052631579 0.0903010033444816
