0 0.6147368421052631 0.5351170568561873 0.38842105263157894 0.20735785953177258
0 0.5221052631578947 0.8010033444816054 0.21473684210526317 0.16722408026755853
0 0.03263157894736842 0.15384615384615385 0.04421052631578947 0.023411371237458192
0 0.18947368421052632 0.15551839464882944 0.05578947368421053 0.05351170568561873
0 0.030526315789473683 0.24247491638795987 0.03368421052631579 0.03177257525083612
0 0.05894736842105263 0.3076923076923077 0.045263157894736845 0.0451505016722408
0 0.16842105263157894 0.42642140468227424 0.09368421052631579 0.07190635451505016
0 0.37894736842105264 0.43478260869565216 0.12 0.07023411371237458
0 0.5526315789473685 0.5050167224080268 0.12842105263157894 0.07525083612040134
0 0.1968421052631579 0.5367892976588629 0.13052631578947368 0.09364548494983277
