0 0.6126315789473684 0.540133779264214 0.3863157894736842 0.1956521739130435
0 0.47578947368421054 0.8043478260869565 0.2305263157894737 0.15551839464882944
0 0.03263157894736842 0.15384615384615385 0.04421052631578947 0.023411371237458192
0 0.18947368421052632 0.15551839464882944 0.05578947368421053 0.05351170568561873
0 0.030526315789473683 0.24247491638795987 0.03263157894736842 0.033444816053511704
0 0.056842105263157895 0.30267558528428096 0.04631578947368421 0.048494983277591976
0 0.16105263157894736 0.42474916387959866 0.09157894736842105 0.07190635451505016
0 0.3778947368421053 0.43478260869565216 0.12105263157894737 0.07023411371237458
0 0.5389473684210526 0.5050167224080268 0.12947368421052632 0.07692307692307693
0 0.19263157894736843 0.5267558528428093 0.12421052631578948 0.07692307692307693
