0 0.5821052631578948 0.5468227424749164 0.4105263157894737 0.18729096989966554
0 0.4705263157894737 0.8444816053511706 0.1936842105263158 0.14381270903010032
0 0.03263157894736842 0.15217391304347827 0.04631578947368421 0.023411371237458192
0 0.18947368421052632 0.15551839464882944 0.05578947368421053 0.051839464882943144
0 0.031578947368421054 0.23745819397993312 0.031578947368421054 0.03511705685618729
0 0.9157894736842105 0.26755852842809363 0.037894736842105266 0.048494983277591976
0 0.05473684210526316 0.3010033444816054 0.04842105263157895 0.051839464882943144
0 0.15157894736842106 0.4230769230769231 0.08736842105263158 0.06688963210702341
0 0.37894736842105264 0.4331103678929766 0.12 0.07023411371237458
0 0.5305263157894737 0.5066889632107023 0.12421052631578948 0.07357859531772576
0 0.17684210526315788 0.5250836120401338 0.12947368421052632 0.07859531772575251
