0 0.5610526315789474 0.5501672240802675 0.38421052631578945 0.18729096989966554
0 0.03263157894736842 0.15384615384615385 0.04421052631578947 0.023411371237458192
0 0.18947368421052632 0.15719063545150502 0.05578947368421053 0.051839464882943144
0 0.030526315789473683 0.22742474916387959 0.03263157894736842 0.028428093645484948
0 0.035789473684210524 0.23578595317725753 0.031578947368421054 0.03511705685618729
0 0.05263157894736842 0.2976588628762542 0.045263157894736845 0.03678929765886288
0 0.13578947368421052 0.40635451505016723 0.08421052631578947 0.06856187290969899
0 0.3778947368421053 0.43478260869565216 0.12 0.06856187290969899
0 0.15473684210526314 0.5066889632107023 0.11368421052631579 0.06688963210702341
0 0.4831578947368421 0.5050167224080268 0.12631578947368421 0.07190635451505016
