0 0.48947368421052634 0.5334448160535117 0.38526315789473686 0.19899665551839466
0 0.07473684210526316 0.8461538461538461 0.21894736842105264 0.14214046822742474
0 0.03263157894736842 0.15384615384615385 0.04421052631578947 0.023411371237458192
0 0.18842105263157893 0.15719063545150502 0.05789473684210526 0.05351170568561873
0 0.034736842105263156 0.21906354515050167 0.03368421052631579 0.03177257525083612
0 0.05263157894736842 0.27424749163879597 0.03684210526315789 0.03678929765886288
0 0.09368421052631579 0.3779264214046823 0.07052631578947369 0.05852842809364549
0 0.3778947368421053 0.43478260869565216 0.12210526315789473 0.06354515050167224
0 0.1168421052631579 0.4882943143812709 0.1 0.08862876254180602
0 0.40421052631578946 0.5 0.12210526315789473 0.06521739130434782
