0 0.4336842105263158 0.5334448160535117 0.37684210526315787 0.19732441471571907
0 0.031578947368421054 0.15384615384615385 0.045263157894736845 0.023411371237458192
0 0.18736842105263157 0.1588628762541806 0.05789473684210526 0.05351170568561873
0 0.03368421052631579 0.2157190635451505 0.035789473684210524 0.030100334448160536
0 0.05157894736842105 0.26588628762541805 0.03894736842105263 0.03511705685618729
0 0.9168421052631579 0.27591973244147155 0.07263157894736842 0.06354515050167224
0 0.07368421052631578 0.3612040133779264 0.06947368421052631 0.05852842809364549
0 0.37894736842105264 0.43645484949832775 0.11789473684210526 0.061872909698996656
0 0.09263157894736843 0.4698996655518395 0.09473684210526316 0.0802675585284281
0 0.35789473684210527 0.49498327759197325 0.11368421052631579 0.07023411371237458
