0 0.4357894736842105 0.5301003344481605 0.3726315789473684 0.20234113712374582
0 0.031578947368421054 0.1505016722408027 0.04631578947368421 0.02508361204013378
0 0.1863157894736842 0.1588628762541806 0.05789473684210526 0.05351170568561873
0 0.034736842105263156 0.2140468227424749 0.035789473684210524 0.03177257525083612
0 0.05157894736842105 0.26588628762541805 0.03894736842105263 0.03678929765886288
0 0.9168421052631579 0.27424749163879597 0.07263157894736842 0.06354515050167224
0 0.07368421052631578 0.362876254180602 0.06947368421052631 0.056856187290969896
0 0.37894736842105264 0.43645484949832775 0.11789473684210526 0.06020066889632107
0 0.09157894736842105 0.4682274247491639 0.09578947368421052 0.08361204013377926
0 0.35789473684210527 0.4916387959866221 0.11263157894736842 0.07190635451505016
