0 0.4242105263157895 0.5367892976588629 0.3631578947368421 0.19732441471571907
0 -0.0010526315789473684 0.8478260869565217 0.09052631578947369 0.14214046822742474
0 0.9126315789473685 0.8528428093645485 0.08421052631578947 0.13879598662207357
0 0.029473684210526315 0.15217391304347827 0.04842105263157895 0.02508361204013378
0 0.1863157894736842 0.15719063545150502 0.05894736842105263 0.05518394648829431
0 0.034736842105263156 0.2157190635451505 0.034736842105263156 0.033444816053511704
0 0.05052631578947368 0.26421404682274247 0.042105263157894736 0.03678929765886288
0 0.92 0.27424749163879597 0.07052631578947369 0.061872909698996656
0 0.07473684210526316 0.35618729096989965 0.06315789473684211 0.061872909698996656
0 0.37894736842105264 0.4397993311036789 0.12 0.056856187290969896
0 0.08947368421052632 0.46153846153846156 0.08526315789473685 0.06354515050167224
0 0.3473684210526316 0.49665551839464883 0.11368421052631579 0.06354515050167224
