0 0.38842105263157894 0.5267558528428093 0.3757894736842105 0.20903010033444816
0 0.8273684210526315 0.8528428093645485 0.17578947368421052 0.14214046822742474
0 0.030526315789473683 0.15217391304347827 0.04736842105263158 0.026755852842809364
0 0.1863157894736842 0.15719063545150502 0.05894736842105263 0.05518394648829431
0 0.034736842105263156 0.2140468227424749 0.035789473684210524 0.033444816053511704
0 0.05263157894736842 0.2608695652173913 0.03894736842105263 0.03678929765886288
0 0.9210526315789473 0.2709030100334448 0.07263157894736842 0.07190635451505016
0 0.37684210526315787 0.43645484949832775 0.12210526315789473 0.06354515050167224
0 0.08105263157894736 0.45484949832775917 0.08210526315789474 0.06521739130434782
0 0.32 0.4816053511705686 0.11789473684210526 0.07190635451505016
