0 0.36526315789473685 0.5267558528428093 0.37157894736842106 0.205685618729097
0 0.9442105263157895 0.5083612040133779 0.05578947368421053 0.21070234113712374
0 0.7294736842105263 0.8612040133779264 0.22631578947368422 0.1354515050167224
0 0.031578947368421054 0.15217391304347827 0.045263157894736845 0.02508361204013378
0 0.1863157894736842 0.1588628762541806 0.05789473684210526 0.05351170568561873
0 0.035789473684210524 0.20234113712374582 0.030526315789473683 0.030100334448160536
0 0.03684210526315789 0.2157190635451505 0.030526315789473683 0.030100334448160536
0 0.056842105263157895 0.2491638795986622 0.031578947368421054 0.03511705685618729
0 0.9326315789473684 0.26421404682274247 0.06315789473684211 0.05852842809364549
0 0.37684210526315787 0.43645484949832775 0.12421052631578948 0.06354515050167224
0 0.06736842105263158 0.44648829431438125 0.08842105263157894 0.07859531772575251
0 0.29578947368421055 0.4782608695652174 0.13052631578947368 0.06354515050167224
