0 0.3473684210526316 0.5234113712374582 0.3568421052631579 0.205685618729097
0 0.9273684210526316 0.5050167224080268 0.07263157894736842 0.23076923076923078
0 0.6547368421052632 0.8695652173913043 0.21473684210526317 0.13043478260869565
0 0.030526315789473683 0.15217391304347827 0.045263157894736845 0.02508361204013378
0 0.18842105263157893 0.1588628762541806 0.056842105263157895 0.051839464882943144
0 0.035789473684210524 0.20234113712374582 0.031578947368421054 0.030100334448160536
0 0.05578947368421053 0.24749163879598662 0.03368421052631579 0.03511705685618729
0 0.9389473684210526 0.27759197324414714 0.06210526315789474 0.05852842809364549
0 0.05578947368421053 0.33612040133779264 0.05473684210526316 0.061872909698996656
0 0.38 0.43645484949832775 0.12 0.061872909698996656
0 0.06526315789473684 0.4397993311036789 0.07789473684210527 0.08193979933110368
0 0.27052631578947367 0.47157190635451507 0.13157894736842105 0.06521739130434782
