0 0.3473684210526316 0.5234113712374582 0.3568421052631579 0.20735785953177258
0 0.9273684210526316 0.5050167224080268 0.07263157894736842 0.22909698996655517
0 0.6547368421052632 0.8678929765886287 0.21473684210526317 0.13210702341137123
0 0.031578947368421054 0.15217391304347827 0.045263157894736845 0.02508361204013378
0 0.18736842105263157 0.1605351170568562 0.05578947368421053 0.0451505016722408
0 0.035789473684210524 0.20234113712374582 0.031578947368421054 0.030100334448160536
0 0.05578947368421053 0.24749163879598662 0.03368421052631579 0.03511705685618729
0 0.9378947368421052 0.27759197324414714 0.06315789473684211 0.06020066889632107
0 0.05578947368421053 0.33612040133779264 0.05473684210526316 0.06020066889632107
0 0.38 0.43645484949832775 0.12 0.061872909698996656
0 0.06421052631578947 0.4397993311036789 0.07789473684210527 0.08193979933110368
0 0.27157894736842103 0.47324414715719065 0.13157894736842105 0.06354515050167224
