0 0.3336842105263158 0.5150501672240803 0.3410526315789474 0.2140468227424749
0 0.9084210526315789 0.5033444816053512 0.09052631578947369 0.2157190635451505
0 0.5621052631578948 0.8729096989966555 0.2073684210526316 0.12374581939799331
0 0.030526315789473683 0.15217391304347827 0.04631578947368421 0.02508361204013378
0 0.1863157894736842 0.1588628762541806 0.05789473684210526 0.051839464882943144
0 0.03368421052631579 0.19732441471571907 0.03263157894736842 0.03177257525083612
0 0.05578947368421053 0.24581939799331104 0.03368421052631579 0.03177257525083612
0 0.05052631578947368 0.3294314381270903 0.05157894736842105 0.061872909698996656
0 0.05578947368421053 0.4331103678929766 0.07578947368421053 0.06688963210702341
0 0.3778947368421053 0.43645484949832775 0.12210526315789473 0.06354515050167224
0 0.25157894736842107 0.46153846153846156 0.10842105263157895 0.06521739130434782
