0 0.3336842105263158 0.5167224080267558 0.3410526315789474 0.2140468227424749
0 0.9084210526315789 0.5016722408026756 0.08947368421052632 0.21739130434782608
0 0.5631578947368421 0.8729096989966555 0.2063157894736842 0.12374581939799331
0 0.030526315789473683 0.15384615384615385 0.045263157894736845 0.02508361204013378
0 0.1863157894736842 0.1588628762541806 0.05789473684210526 0.051839464882943144
0 0.034736842105263156 0.19899665551839466 0.03368421052631579 0.03177257525083612
0 0.05578947368421053 0.24581939799331104 0.03368421052631579 0.033444816053511704
0 0.05052631578947368 0.3294314381270903 0.05263157894736842 0.06020066889632107
0 0.05578947368421053 0.431438127090301 0.07578947368421053 0.06856187290969899
0 0.3778947368421053 0.43645484949832775 0.12210526315789473 0.06354515050167224
0 0.25157894736842107 0.459866220735786 0.10842105263157895 0.06521739130434782
0 0.5136842105263157 0.5033444816053512 0.10842105263157895 0.03678929765886288
