0 0.3126315789473684 0.520066889632107 0.34210526315789475 0.20234113712374582
0 0.8873684210526316 0.5 0.11368421052631579 0.22408026755852842
0 0.508421052631579 0.8729096989966555 0.22736842105263158 0.1254180602006689
0 0.030526315789473683 0.15217391304347827 0.045263157894736845 0.02508361204013378
0 0.1863157894736842 0.1588628762541806 0.05789473684210526 0.05016722408026756
0 0.03368421052631579 0.19899665551839466 0.03263157894736842 0.030100334448160536
0 0.05473684210526316 0.24414715719063546 0.034736842105263156 0.033444816053511704
0 0.049473684210526316 0.431438127090301 0.07789473684210527 0.07023411371237458
0 0.3778947368421053 0.43812709030100333 0.12210526315789473 0.061872909698996656
0 0.2463157894736842 0.45819397993311034 0.0968421052631579 0.061872909698996656
0 0.5021052631578947 0.5050167224080268 0.10947368421052632 0.033444816053511704
