0 0.28842105263157897 0.5183946488294314 0.35789473684210527 0.2040133779264214
0 0.8757894736842106 0.5066889632107023 0.1231578947368421 0.21070234113712374
0 0.4673684210526316 0.8695652173913043 0.20526315789473684 0.12876254180602006
0 0.030526315789473683 0.15217391304347827 0.045263157894736845 0.02508361204013378
0 0.18736842105263157 0.15719063545150502 0.056842105263157895 0.051839464882943144
0 0.03368421052631579 0.19899665551839466 0.02736842105263158 0.026755852842809364
0 0.05368421052631579 0.24247491638795987 0.037894736842105266 0.033444816053511704
0 0.04631578947368421 0.4280936454849498 0.07578947368421053 0.07357859531772576
0 0.37894736842105264 0.43645484949832775 0.12 0.061872909698996656
0 0.23473684210526316 0.45484949832775917 0.10105263157894737 0.06688963210702341
0 0.4863157894736842 0.5033444816053512 0.10736842105263159 0.03678929765886288
