0 0.2894736842105263 0.5183946488294314 0.3568421052631579 0.20234113712374582
0 0.8757894736842106 0.5050167224080268 0.12421052631578948 0.21237458193979933
0 0.46842105263157896 0.8712374581939799 0.2063157894736842 0.12709030100334448
0 0.031578947368421054 0.15217391304347827 0.04421052631578947 0.02508361204013378
0 0.18736842105263157 0.16220735785953178 0.05368421052631579 0.043478260869565216
0 0.03368421052631579 0.19899665551839466 0.02736842105263158 0.026755852842809364
0 0.05368421052631579 0.24247491638795987 0.037894736842105266 0.033444816053511704
0 0.045263157894736845 0.4280936454849498 0.07684210526315789 0.07357859531772576
0 0.38 0.43645484949832775 0.12 0.061872909698996656
0 0.2336842105263158 0.45484949832775917 0.10210526315789474 0.06688963210702341
0 0.48526315789473684 0.5033444816053512 0.10842105263157895 0.03678929765886288
