0 0.27789473684210525 0.5133779264214047 0.3547368421052632 0.20903010033444816
0 0.8642105263157894 0.5050167224080268 0.13789473684210526 0.2157190635451505
0 0.4357894736842105 0.8762541806020067 0.18421052631578946 0.12374581939799331
0 0.031578947368421054 0.15217391304347827 0.04421052631578947 0.02508361204013378
0 0.03263157894736842 0.19732441471571907 0.029473684210526315 0.028428093645484948
0 0.05368421052631579 0.2391304347826087 0.03684210526315789 0.03177257525083612
0 0.04421052631578947 0.42474916387959866 0.07263157894736842 0.07692307692307693
0 0.38 0.43645484949832775 0.12 0.061872909698996656
0 0.22736842105263158 0.451505016722408 0.10210526315789474 0.06856187290969899
0 0.48 0.5033444816053512 0.09789473684210526 0.03678929765886288
