0 0.2736842105263158 0.5066889632107023 0.3547368421052632 0.21906354515050167
0 0.8568421052631578 0.5100334448160535 0.14421052631578948 0.21739130434782608
0 0.031578947368421054 0.15217391304347827 0.04421052631578947 0.02508361204013378
0 0.18736842105263157 0.1588628762541806 0.056842105263157895 0.051839464882943144
0 0.031578947368421054 0.1956521739130435 0.029473684210526315 0.028428093645484948
0 0.05473684210526316 0.23745819397993312 0.034736842105263156 0.033444816053511704
0 0.04736842105263158 0.31605351170568563 0.04421052631578947 0.043478260869565216
0 0.04631578947368421 0.4197324414715719 0.06526315789473684 0.07859531772575251
0 0.37894736842105264 0.4397993311036789 0.12 0.056856187290969896
0 0.21473684210526317 0.4498327759197324 0.1031578947368421 0.07023411371237458
0 0.4557894736842105 0.4983277591973244 0.11473684210526315 0.038461538461538464
