0 0.24210526315789474 0.5016722408026756 0.35368421052631577 0.2157190635451505
0 0.8347368421052631 0.520066889632107 0.1631578947368421 0.2140468227424749
0 0.031578947368421054 0.15217391304347827 0.0431578947368421 0.023411371237458192
0 0.1863157894736842 0.15719063545150502 0.05789473684210526 0.051839464882943144
0 0.02736842105263158 0.1939799331103679 0.030526315789473683 0.030100334448160536
0 0.05473684210526316 0.225752508361204 0.03263157894736842 0.03177257525083612
0 0.04736842105263158 0.31270903010033446 0.03894736842105263 0.0451505016722408
0 0.035789473684210524 0.411371237458194 0.06631578947368422 0.08361204013377926
0 0.38105263157894737 0.4397993311036789 0.11789473684210526 0.05351170568561873
0 0.20105263157894737 0.44481605351170567 0.10210526315789474 0.07357859531772576
0 0.42526315789473684 0.4916387959866221 0.12105263157894737 0.048494983277591976
