0 0.22842105263157894 0.49498327759197325 0.3547368421052632 0.225752508361204
0 0.8210526315789474 0.4899665551839465 0.17473684210526316 0.2608695652173913
0 0.2168421052631579 0.8795986622073578 0.21052631578947367 0.12040133779264214
0 0.03263157894736842 0.15217391304347827 0.0431578947368421 0.023411371237458192
0 0.02736842105263158 0.1939799331103679 0.030526315789473683 0.028428093645484948
0 0.05578947368421053 0.225752508361204 0.030526315789473683 0.030100334448160536
0 0.029473684210526315 0.4013377926421405 0.07368421052631578 0.07859531772575251
0 0.19157894736842104 0.431438127090301 0.09368421052631579 0.07525083612040134
0 0.38105263157894737 0.4397993311036789 0.11789473684210526 0.051839464882943144
0 0.4010526315789474 0.4916387959866221 0.13052631578947368 0.05016722408026756
