0 0.22526315789473683 0.49331103678929766 0.32526315789473687 0.22240802675585283
0 0.7957894736842105 0.48494983277591974 0.19789473684210526 0.2692307692307692
0 0.03263157894736842 0.15217391304347827 0.0431578947368421 0.023411371237458192
0 0.18842105263157893 0.1588628762541806 0.05157894736842105 0.0451505016722408
0 0.02526315789473684 0.19230769230769232 0.029473684210526315 0.028428093645484948
0 0.05473684210526316 0.22408026755852842 0.03368421052631579 0.028428093645484948
0 0.04631578947368421 0.29431438127090304 0.03684210526315789 0.03678929765886288
0 0.028421052631578948 0.4013377926421405 0.06210526315789474 0.0802675585284281
0 0.17684210526315788 0.4297658862876254 0.08842105263157894 0.06354515050167224
0 0.38105263157894737 0.4397993311036789 0.11578947368421053 0.051839464882943144
0 0.3989473684210526 0.4882943143812709 0.10947368421052632 0.048494983277591976
