0 0.20210526315789473 0.49498327759197325 0.33789473684210525 0.21906354515050167
0 0.7894736842105263 0.4882943143812709 0.2031578947368421 0.2692307692307692
0 0.03368421052631579 0.15217391304347827 0.04105263157894737 0.023411371237458192
0 0.18842105263157893 0.1588628762541806 0.05157894736842105 0.043478260869565216
0 0.022105263157894735 0.19230769230769232 0.029473684210526315 0.026755852842809364
0 0.05473684210526316 0.22408026755852842 0.03368421052631579 0.026755852842809364
0 0.04736842105263158 0.2959866220735786 0.035789473684210524 0.03678929765886288
0 0.02736842105263158 0.3979933110367893 0.05894736842105263 0.07692307692307693
0 0.16631578947368422 0.42642140468227424 0.09157894736842105 0.06521739130434782
0 0.3821052631578947 0.43812709030100333 0.11157894736842106 0.051839464882943144
0 0.38105263157894737 0.48327759197324416 0.11368421052631579 0.05351170568561873
