0 0.17578947368421052 0.4983277591973244 0.33473684210526317 0.2140468227424749
0 0.7642105263157895 0.48327759197324416 0.22736842105263158 0.28595317725752506
0 -0.0010526315789473684 0.8946488294314381 0.17157894736842105 0.10033444816053512
0 0.03263157894736842 0.15217391304347827 0.0431578947368421 0.021739130434782608
0 0.18842105263157893 0.1605351170568562 0.05052631578947368 0.043478260869565216
0 0.017894736842105262 0.19230769230769232 0.031578947368421054 0.02508361204013378
0 0.05473684210526316 0.22408026755852842 0.03263157894736842 0.026755852842809364
0 0.022105263157894735 0.391304347826087 0.06 0.0802675585284281
0 0.15789473684210525 0.4230769230769231 0.08842105263157894 0.06688963210702341
0 0.38 0.43812709030100333 0.11789473684210526 0.05016722408026756
0 0.36210526315789476 0.48327759197324416 0.11263157894736842 0.046822742474916385
