0 0.17473684210526316 0.49665551839464883 0.3368421052631579 0.21739130434782608
0 0.7642105263157895 0.4866220735785953 0.22631578947368422 0.2842809364548495
0 -0.002105263157894737 0.8946488294314381 0.1736842105263158 0.10033444816053512
0 0.03368421052631579 0.15217391304347827 0.042105263157894736 0.021739130434782608
0 0.016842105263157894 0.19230769230769232 0.031578947368421054 0.026755852842809364
0 0.056842105263157895 0.22408026755852842 0.031578947368421054 0.026755852842809364
0 0.022105263157894735 0.3896321070234114 0.06 0.0802675585284281
0 0.15789473684210525 0.4214046822742475 0.08842105263157894 0.06856187290969899
0 0.38 0.43812709030100333 0.11789473684210526 0.05016722408026756
0 0.3631578947368421 0.48327759197324416 0.11368421052631579 0.046822742474916385
