0 0.17473684210526316 0.4983277591973244 0.3368421052631579 0.2140468227424749
0 0.7631578947368421 0.48494983277591974 0.22736842105263158 0.28762541806020064
0 -0.002105263157894737 0.8929765886287625 0.1736842105263158 0.1020066889632107
0 0.03368421052631579 0.15217391304347827 0.042105263157894736 0.023411371237458192
0 0.015789473684210527 0.19063545150501673 0.03263157894736842 0.026755852842809364
0 0.05578947368421053 0.22240802675585283 0.03263157894736842 0.028428093645484948
0 0.023157894736842106 0.3896321070234114 0.05894736842105263 0.08193979933110368
0 0.15789473684210525 0.4230769230769231 0.08736842105263158 0.06688963210702341
0 0.38 0.43812709030100333 0.11789473684210526 0.05016722408026756
0 0.36210526315789476 0.48327759197324416 0.11263157894736842 0.046822742474916385
