0 0.16526315789473683 0.49665551839464883 0.3294736842105263 0.2140468227424749
0 0.7431578947368421 0.49498327759197325 0.2557894736842105 0.27424749163879597
0 0.03368421052631579 0.15217391304347827 0.042105263157894736 0.021739130434782608
0 0.18526315789473685 0.1588628762541806 0.05789473684210526 0.051839464882943144
0 0.015789473684210527 0.19063545150501673 0.029473684210526315 0.02508361204013378
0 0.05578947368421053 0.22240802675585283 0.03263157894736842 0.026755852842809364
0 0.021052631578947368 0.38294314381270905 0.06 0.07357859531772576
0 0.15368421052631578 0.4197324414715719 0.08421052631578947 0.06521739130434782
0 0.3821052631578947 0.43812709030100333 0.11578947368421053 0.051839464882943144
0 0.35368421052631577 0.4816053511705686 0.11473684210526315 0.0451505016722408
