0 0.8547368421052631 0.8678929765886287 0.14842105263157895 0.1354515050167224
0 0.034736842105263156 0.15384615384615385 0.03894736842105263 0.023411371237458192
0 0.005263157894736842 0.1705685618729097 0.022105263157894735 0.026755852842809364
0 0.18842105263157893 0.15719063545150502 0.05578947368421053 0.05518394648829431
0 0.05263157894736842 0.2959866220735786 0.045263157894736845 0.03678929765886288
0 0.07473684210526316 0.35451505016722407 0.06631578947368422 0.056856187290969896
0 0.00631578947368421 0.41638795986622074 0.06421052631578947 0.05852842809364549
0 0.37894736842105264 0.43478260869565216 0.12105263157894737 0.06688963210702341
0 0.27789473684210525 0.46153846153846156 0.10210526315789474 0.08862876254180602
0 0.8768421052631579 0.47157190635451507 0.1168421052631579 0.07859531772575251
