0 0.8547368421052631 0.8678929765886287 0.14947368421052631 0.1354515050167224
0 0.035789473684210524 0.15384615384615385 0.03684210526315789 0.021739130434782608
0 0.005263157894736842 0.1705685618729097 0.022105263157894735 0.02508361204013378
0 0.014736842105263158 0.22073578595317725 0.02736842105263158 0.03511705685618729
0 0.05368421052631579 0.2959866220735786 0.04421052631578947 0.03678929765886288
0 0.07473684210526316 0.3528428093645485 0.06631578947368422 0.05852842809364549
0 0.00631578947368421 0.41638795986622074 0.06421052631578947 0.05852842809364549
0 0.37894736842105264 0.43478260869565216 0.12105263157894737 0.06688963210702341
0 0.27789473684210525 0.46153846153846156 0.10210526315789474 0.08862876254180602
0 0.8768421052631579 0.47157190635451507 0.1168421052631579 0.07859531772575251
