0 0.8294736842105264 0.8595317725752508 0.1726315789473684 0.1354515050167224
0 0.035789473684210524 0.15384615384615385 0.037894736842105266 0.021739130434782608
0 0.19052631578947368 0.1588628762541806 0.049473684210526316 0.0451505016722408
0 0.014736842105263158 0.21906354515050167 0.02631578947368421 0.03511705685618729
0 0.05368421052631579 0.2959866220735786 0.04421052631578947 0.03678929765886288
0 0.07263157894736842 0.34782608695652173 0.06736842105263158 0.06856187290969899
0 0.003157894736842105 0.41638795986622074 0.06526315789473684 0.05852842809364549
0 0.37894736842105264 0.4331103678929766 0.12210526315789473 0.06856187290969899
0 0.2673684210526316 0.46153846153846156 0.10421052631578948 0.08695652173913043
0 0.8768421052631579 0.47157190635451507 0.11789473684210526 0.07859531772575251
