0 0.8294736842105264 0.8595317725752508 0.1726315789473684 0.13712374581939799
0 0.035789473684210524 0.15384615384615385 0.037894736842105266 0.021739130434782608
0 0.02 0.19230769230769232 0.02736842105263158 0.03177257525083612
0 0.014736842105263158 0.22073578595317725 0.02631578947368421 0.03511705685618729
0 0.05368421052631579 0.2959866220735786 0.0431578947368421 0.03678929765886288
0 0.07263157894736842 0.34782608695652173 0.06736842105263158 0.06856187290969899
0 0.002105263157894737 0.41638795986622074 0.06631578947368422 0.05852842809364549
0 0.3778947368421053 0.4331103678929766 0.12421052631578948 0.06856187290969899
0 0.26842105263157895 0.45819397993311034 0.1031578947368421 0.08862876254180602
0 0.8768421052631579 0.47157190635451507 0.11789473684210526 0.07859531772575251
