0 0.8021052631578948 0.8461538461538461 0.2063157894736842 0.1488294314381271
0 0.035789473684210524 0.15384615384615385 0.037894736842105266 0.021739130434782608
0 0.19157894736842104 0.1605351170568562 0.04842105263157895 0.043478260869565216
0 0.018947368421052633 0.19063545150501673 0.028421052631578948 0.03511705685618729
0 0.05368421052631579 0.29431438127090304 0.0431578947368421 0.03678929765886288
0 0.07157894736842105 0.34782608695652173 0.06315789473684211 0.06354515050167224
0 0.002105263157894737 0.411371237458194 0.06210526315789474 0.05852842809364549
0 0.3757894736842105 0.4331103678929766 0.12631578947368421 0.07190635451505016
0 0.25894736842105265 0.451505016722408 0.0968421052631579 0.08695652173913043
0 0.8768421052631579 0.47157190635451507 0.11789473684210526 0.07859531772575251
