0 0.8010526315789473 0.8461538461538461 0.20526315789473684 0.1488294314381271
0 0.035789473684210524 0.15384615384615385 0.037894736842105266 0.021739130434782608
0 0.004210526315789474 0.17224080267558528 0.021052631578947368 0.02508361204013378
0 0.19157894736842104 0.1605351170568562 0.04842105263157895 0.043478260869565216
0 0.018947368421052633 0.19230769230769232 0.028421052631578948 0.033444816053511704
0 0.05157894736842105 0.2959866220735786 0.0431578947368421 0.03678929765886288
0 0.07157894736842105 0.34782608695652173 0.06315789473684211 0.06354515050167224
0 0.002105263157894737 0.411371237458194 0.06210526315789474 0.05852842809364549
0 0.3757894736842105 0.4331103678929766 0.12526315789473685 0.07190635451505016
0 0.25894736842105265 0.451505016722408 0.0968421052631579 0.08695652173913043
0 0.8757894736842106 0.47157190635451507 0.11894736842105263 0.07859531772575251
