0 0.7673684210526316 0.8361204013377926 0.2305263157894737 0.16220735785953178
0 0.03684210526315789 0.15384615384615385 0.037894736842105266 0.021739130434782608
0 0.003157894736842105 0.1705685618729097 0.021052631578947368 0.026755852842809364
0 0.19157894736842104 0.16220735785953178 0.04842105263157895 0.043478260869565216
0 0.017894736842105262 0.1939799331103679 0.028421052631578948 0.033444816053511704
0 0.05157894736842105 0.29264214046822745 0.042105263157894736 0.03678929765886288
0 0.06421052631578947 0.3394648829431438 0.06315789473684211 0.056856187290969896
0 0.0010526315789473684 0.40635451505016723 0.06 0.06020066889632107
0 0.3736842105263158 0.4331103678929766 0.12842105263157894 0.07190635451505016
0 0.24736842105263157 0.451505016722408 0.09894736842105263 0.08361204013377926
0 0.8768421052631579 0.47324414715719065 0.11789473684210526 0.07692307692307693
