0 0.7347368421052631 0.822742474916388 0.26 0.17725752508361203
0 0.03684210526315789 0.15551839464882944 0.03684210526315789 0.020066889632107024
0 0.002105263157894737 0.1705685618729097 0.021052631578947368 0.02508361204013378
0 0.19052631578947368 0.16220735785953178 0.049473684210526316 0.043478260869565216
0 0.05263157894736842 0.28762541806020064 0.04631578947368421 0.038461538461538464
0 0.06421052631578947 0.33612040133779264 0.06315789473684211 0.05852842809364549
0 0.0 0.4013377926421405 0.05578947368421053 0.06020066889632107
0 0.3736842105263158 0.4331103678929766 0.12842105263157894 0.07190635451505016
0 0.23789473684210527 0.44481605351170567 0.09894736842105263 0.08695652173913043
0 0.8768421052631579 0.47324414715719065 0.11789473684210526 0.07692307692307693
