0 0.7336842105263158 0.8210702341137124 0.26 0.17892976588628762
0 0.03684210526315789 0.15551839464882944 0.03684210526315789 0.020066889632107024
0 0.002105263157894737 0.1705685618729097 0.021052631578947368 0.02508361204013378
0 0.19052631578947368 0.16220735785953178 0.049473684210526316 0.043478260869565216
0 0.049473684210526316 0.28929765886287623 0.045263157894736845 0.03678929765886288
0 0.06315789473684211 0.33444816053511706 0.06315789473684211 0.05852842809364549
0 0.0 0.3996655518394649 0.05473684210526316 0.061872909698996656
0 0.3726315789473684 0.4331103678929766 0.12842105263157894 0.07357859531772576
0 0.23789473684210527 0.44648829431438125 0.09894736842105263 0.08695652173913043
0 0.8768421052631579 0.47324414715719065 0.1168421052631579 0.07692307692307693
