0 0.4368421052631579 0.6789297658862876 0.22105263157894736 0.1588628762541806
0 0.035789473684210524 0.15384615384615385 0.04 0.021739130434782608
0 0.19052631578947368 0.1605351170568562 0.049473684210526316 0.043478260869565216
0 0.008421052631578947 0.21906354515050167 0.024210526315789474 0.03177257525083612
0 0.05157894736842105 0.2959866220735786 0.037894736842105266 0.03511705685618729
0 0.9189473684210526 0.28762541806020064 0.06842105263157895 0.056856187290969896
0 0.0 0.342809364548495 0.024210526315789474 0.048494983277591976
0 0.14736842105263157 0.39297658862876256 0.07578947368421053 0.07190635451505016
0 0.3736842105263158 0.43478260869565216 0.12736842105263158 0.07023411371237458
0 0.8768421052631579 0.47324414715719065 0.1168421052631579 0.07692307692307693
