0 0.3894736842105263 0.6505016722408027 0.2063157894736842 0.15551839464882944
0 0.8347368421052631 0.8879598662207357 0.16842105263157894 0.11036789297658862
0 0.035789473684210524 0.15384615384615385 0.04 0.023411371237458192
0 0.05789473684210526 0.2508361204013378 0.037894736842105266 0.028428093645484948
0 0.049473684210526316 0.29264214046822745 0.04 0.03678929765886288
0 0.9378947368421052 0.28762541806020064 0.06315789473684211 0.061872909698996656
0 0.0 0.33444816053511706 0.022105263157894735 0.05016722408026756
0 0.12842105263157894 0.3779264214046823 0.07368421052631578 0.07190635451505016
0 0.3757894736842105 0.4331103678929766 0.12631578947368421 0.06856187290969899
0 0.8747368421052631 0.47324414715719065 0.11894736842105263 0.07525083612040134
