0 0.3631578947368421 0.6421404682274248 0.2073684210526316 0.15217391304347827
0 0.8084210526315789 0.8779264214046822 0.19473684210526315 0.12040133779264214
0 0.035789473684210524 0.15384615384615385 0.04 0.023411371237458192
0 0.05789473684210526 0.2491638795986622 0.03684210526315789 0.030100334448160536
0 0.05157894736842105 0.2909698996655518 0.037894736842105266 0.03678929765886288
0 0.9410526315789474 0.2959866220735786 0.061052631578947365 0.06521739130434782
0 0.0 0.33277591973244147 0.022105263157894735 0.05016722408026756
0 0.12210526315789473 0.3762541806020067 0.07263157894736842 0.06688963210702341
0 0.37473684210526315 0.4331103678929766 0.12736842105263158 0.06856187290969899
0 0.8747368421052631 0.47157190635451507 0.11894736842105263 0.07525083612040134
