0 0.2789473684210526 0.5986622073578596 0.18842105263157893 0.13377926421404682
0 0.6694736842105263 0.8093645484949833 0.24 0.1705685618729097
0 0.03368421052631579 0.15384615384615385 0.042105263157894736 0.023411371237458192
0 0.061052631578947365 0.2408026755852843 0.03368421052631579 0.030100334448160536
0 0.049473684210526316 0.2725752508361204 0.034736842105263156 0.03177257525083612
0 0.0 0.31438127090301005 0.022105263157894735 0.046822742474916385
0 0.9757894736842105 0.3076923076923077 0.024210526315789474 0.051839464882943144
0 0.1 0.35785953177257523 0.06631578947368422 0.06020066889632107
0 0.37473684210526315 0.4331103678929766 0.12631578947368421 0.06856187290969899
0 0.8757894736842106 0.47157190635451507 0.11789473684210526 0.07525083612040134
