0 0.18105263157894738 0.5351170568561873 0.14736842105263157 0.12040133779264214
0 0.48105263157894734 0.7290969899665551 0.22736842105263158 0.17391304347826086
0 0.030526315789473683 0.15384615384615385 0.04736842105263158 0.023411371237458192
0 0.06210526315789474 0.23076923076923078 0.031578947368421054 0.02508361204013378
0 0.05263157894736842 0.2491638795986622 0.034736842105263156 0.03177257525083612
0 0.05263157894736842 0.2625418060200669 0.035789473684210524 0.03678929765886288
0 -0.0010526315789473684 0.29264214046822745 0.022105263157894735 0.04180602006688963
0 0.07473684210526316 0.3294314381270903 0.05368421052631579 0.06020066889632107
0 0.37473684210526315 0.4331103678929766 0.12631578947368421 0.06856187290969899
0 0.8757894736842106 0.47324414715719065 0.1168421052631579 0.07692307692307693
