0 0.16210526315789472 0.5317725752508361 0.1568421052631579 0.11705685618729098
0 0.4652631578947368 0.7123745819397993 0.22631578947368422 0.16555183946488294
0 0.03263157894736842 0.15384615384615385 0.045263157894736845 0.023411371237458192
0 0.06210526315789474 0.23076923076923078 0.031578947368421054 0.02508361204013378
0 0.05157894736842105 0.2491638795986622 0.03684210526315789 0.03177257525083612
0 0.05052631578947368 0.2625418060200669 0.03894736842105263 0.03678929765886288
0 0.0 0.29264214046822745 0.022105263157894735 0.04013377926421405
0 0.07473684210526316 0.32608695652173914 0.05157894736842105 0.056856187290969896
0 0.37473684210526315 0.43478260869565216 0.12631578947368421 0.06688963210702341
0 0.8757894736842106 0.47324414715719065 0.1168421052631579 0.07692307692307693
