0 0.14105263157894737 0.5133779264214047 0.14526315789473684 0.12207357859531773
0 0.4242105263157895 0.7023411371237458 0.21578947368421053 0.1588628762541806
0 0.03368421052631579 0.15384615384615385 0.0431578947368421 0.021739130434782608
0 0.06210526315789474 0.23076923076923078 0.031578947368421054 0.02508361204013378
0 0.05263157894736842 0.24749163879598662 0.034736842105263156 0.03177257525083612
0 0.05368421052631579 0.2608695652173913 0.034736842105263156 0.03511705685618729
0 -0.002105263157894737 0.28762541806020064 0.023157894736842106 0.04013377926421405
0 0.07157894736842105 0.3210702341137124 0.05052631578947368 0.05016722408026756
0 0.37473684210526315 0.43478260869565216 0.12631578947368421 0.06688963210702341
0 0.8757894736842106 0.47324414715719065 0.1168421052631579 0.07692307692307693
