0 0.33157894736842103 0.6605351170568562 0.1968421052631579 0.14046822742474915
0 0.03368421052631579 0.15384615384615385 0.04421052631578947 0.023411371237458192
0 0.18842105263157893 0.15719063545150502 0.056842105263157895 0.05351170568561873
0 0.06 0.22742474916387959 0.03263157894736842 0.026755852842809364
0 0.05263157894736842 0.24581939799331104 0.035789473684210524 0.030100334448160536
0 -0.0010526315789473684 0.28595317725752506 0.022105263157894735 0.03511705685618729
0 0.06631578947368422 0.3060200668896321 0.04105263157894737 0.05016722408026756
0 0.37684210526315787 0.43478260869565216 0.12421052631578948 0.06688963210702341
0 0.8757894736842106 0.47324414715719065 0.11789473684210526 0.07692307692307693
0 0.08210526315789474 0.49331103678929766 0.1431578947368421 0.09698996655518395
