0 0.07789473684210527 0.47324414715719065 0.12842105263157894 0.12040133779264214
0 0.3157894736842105 0.6538461538461539 0.19473684210526315 0.1354515050167224
0 0.03263157894736842 0.15384615384615385 0.045263157894736845 0.023411371237458192
0 0.18736842105263157 0.15719063545150502 0.05789473684210526 0.05351170568561873
0 0.06 0.22742474916387959 0.03263157894736842 0.026755852842809364
0 0.05368421052631579 0.24581939799331104 0.034736842105263156 0.033444816053511704
0 -0.002105263157894737 0.27424749163879597 0.024210526315789474 0.03678929765886288
0 0.06736842105263158 0.30267558528428096 0.03894736842105263 0.05016722408026756
0 0.3757894736842105 0.4331103678929766 0.12421052631578948 0.06856187290969899
0 0.8757894736842106 0.47157190635451507 0.11789473684210526 0.07859531772575251
