0 0.2968421052631579 0.6488294314381271 0.18947368421052632 0.13377926421404682
0 0.03263157894736842 0.15384615384615385 0.045263157894736845 0.023411371237458192
0 0.18736842105263157 0.15719063545150502 0.05789473684210526 0.05351170568561873
0 0.05789473684210526 0.22742474916387959 0.028421052631578948 0.026755852842809364
0 0.05263157894736842 0.24414715719063546 0.034736842105263156 0.033444816053511704
0 -0.002105263157894737 0.27424749163879597 0.024210526315789474 0.033444816053511704
0 0.06842105263157895 0.3010033444816054 0.035789473684210524 0.048494983277591976
0 0.3757894736842105 0.4331103678929766 0.1231578947368421 0.06856187290969899
0 0.06526315789473684 0.47491638795986624 0.13263157894736843 0.09364548494983277
0 0.8747368421052631 0.47157190635451507 0.11894736842105263 0.07859531772575251
