0 0.2694736842105263 0.6237458193979933 0.18210526315789474 0.13043478260869565
0 0.888421052631579 0.7424749163879598 0.11263157894736842 0.1806020066889632
0 0.03368421052631579 0.15384615384615385 0.045263157894736845 0.021739130434782608
0 0.18736842105263157 0.15719063545150502 0.05789473684210526 0.05351170568561873
0 0.056842105263157895 0.225752508361204 0.030526315789473683 0.028428093645484948
0 0.05368421052631579 0.2408026755852843 0.03368421052631579 0.03511705685618729
0 -0.0010526315789473684 0.2709030100334448 0.024210526315789474 0.03511705685618729
0 0.06736842105263158 0.2959866220735786 0.035789473684210524 0.0451505016722408
0 0.3757894736842105 0.4331103678929766 0.1231578947368421 0.06856187290969899
0 0.06 0.46153846153846156 0.11157894736842106 0.09866220735785954
0 0.8747368421052631 0.47157190635451507 0.11894736842105263 0.07859531772575251
