0 0.2557894736842105 0.6204013377926422 0.1736842105263158 0.12709030100334448
0 0.871578947368421 0.7374581939799331 0.13052631578947368 0.17391304347826086
0 0.03368421052631579 0.15384615384615385 0.04631578947368421 0.023411371237458192
0 0.18736842105263157 0.15719063545150502 0.05789473684210526 0.05351170568561873
0 0.056842105263157895 0.225752508361204 0.030526315789473683 0.028428093645484948
0 0.05368421052631579 0.2391304347826087 0.034736842105263156 0.03511705685618729
0 -0.0010526315789473684 0.2692307692307692 0.024210526315789474 0.03511705685618729
0 0.06526315789473684 0.29264214046822745 0.035789473684210524 0.0451505016722408
0 0.3757894736842105 0.43478260869565216 0.1231578947368421 0.06688963210702341
0 0.05157894736842105 0.459866220735786 0.10947368421052632 0.09197324414715718
0 0.8757894736842106 0.47157190635451507 0.11789473684210526 0.07859531772575251
