0 0.24 0.6120401337792643 0.17894736842105263 0.13043478260869565
0 0.8431578947368421 0.7441471571906354 0.15157894736842106 0.14381270903010032
0 0.03368421052631579 0.15384615384615385 0.04631578947368421 0.023411371237458192
0 0.18736842105263157 0.15719063545150502 0.05789473684210526 0.05351170568561873
0 0.056842105263157895 0.225752508361204 0.031578947368421054 0.028428093645484948
0 0.05368421052631579 0.2391304347826087 0.034736842105263156 0.03511705685618729
0 -0.002105263157894737 0.26755852842809363 0.02526315789473684 0.03511705685618729
0 0.06736842105263158 0.2909698996655518 0.03368421052631579 0.043478260869565216
0 0.3757894736842105 0.43478260869565216 0.12421052631578948 0.06688963210702341
0 0.04105263157894737 0.4498327759197324 0.10736842105263159 0.0903010033444816
0 0.8747368421052631 0.47157190635451507 0.11894736842105263 0.07859531772575251
