0 0.2305263157894737 0.6070234113712375 0.16210526315789472 0.11872909698996656
0 0.8168421052631579 0.7424749163879598 0.18 0.14214046822742474
0 0.03368421052631579 0.15384615384615385 0.04631578947368421 0.023411371237458192
0 0.18736842105263157 0.15719063545150502 0.05789473684210526 0.051839464882943144
0 0.056842105263157895 0.22742474916387959 0.030526315789473683 0.026755852842809364
0 0.05368421052631579 0.23745819397993312 0.035789473684210524 0.03511705685618729
0 -0.0010526315789473684 0.26588628762541805 0.024210526315789474 0.03511705685618729
0 0.06526315789473684 0.28929765886287623 0.034736842105263156 0.043478260869565216
0 0.3757894736842105 0.43478260869565216 0.12421052631578948 0.06688963210702341
0 0.037894736842105266 0.44816053511705684 0.10526315789473684 0.08695652173913043
0 0.8747368421052631 0.47157190635451507 0.11894736842105263 0.0802675585284281
