0 0.2231578947368421 0.6036789297658863 0.16210526315789472 0.12040133779264214
0 0.7863157894736842 0.7357859531772575 0.2031578947368421 0.1354515050167224
0 0.03263157894736842 0.15384615384615385 0.045263157894736845 0.021739130434782608
0 0.18736842105263157 0.15719063545150502 0.05789473684210526 0.051839464882943144
0 0.05578947368421053 0.225752508361204 0.03263157894736842 0.028428093645484948
0 0.05368421052631579 0.2391304347826087 0.034736842105263156 0.033444816053511704
0 -0.003157894736842105 0.26588628762541805 0.02631578947368421 0.03511705685618729
0 0.06421052631578947 0.28762541806020064 0.034736842105263156 0.04180602006688963
0 0.37473684210526315 0.43478260869565216 0.12526315789473685 0.06688963210702341
0 0.03368421052631579 0.4397993311036789 0.09789473684210526 0.08862876254180602
0 0.8747368421052631 0.47157190635451507 0.11894736842105263 0.07859531772575251
