0 0.20210526315789473 0.5986622073578596 0.15894736842105264 0.12207357859531773
0 0.7684210526315789 0.7224080267558528 0.1957894736842105 0.13377926421404682
0 0.034736842105263156 0.15384615384615385 0.04421052631578947 0.023411371237458192
0 0.18736842105263157 0.15719063545150502 0.05789473684210526 0.051839464882943144
0 0.056842105263157895 0.225752508361204 0.031578947368421054 0.026755852842809364
0 0.05473684210526316 0.2391304347826087 0.03368421052631579 0.03177257525083612
0 -0.002105263157894737 0.26588628762541805 0.02526315789473684 0.033444816053511704
0 0.06631578947368422 0.2842809364548495 0.03368421052631579 0.043478260869565216
0 0.37473684210526315 0.4331103678929766 0.12526315789473685 0.06856187290969899
0 0.030526315789473683 0.43478260869565216 0.09473684210526316 0.08862876254180602
0 0.8747368421052631 0.47157190635451507 0.11894736842105263 0.07859531772575251
