0 0.18947368421052632 0.5852842809364549 0.15894736842105264 0.11371237458193979
0 0.7410526315789474 0.7107023411371237 0.19263157894736843 0.13210702341137123
0 0.03368421052631579 0.15384615384615385 0.045263157894736845 0.023411371237458192
0 0.18736842105263157 0.15719063545150502 0.05789473684210526 0.051839464882943144
0 0.056842105263157895 0.225752508361204 0.031578947368421054 0.026755852842809364
0 0.05473684210526316 0.23745819397993312 0.03368421052631579 0.033444816053511704
0 -0.003157894736842105 0.26421404682274247 0.02631578947368421 0.03678929765886288
0 0.06421052631578947 0.2809364548494983 0.034736842105263156 0.0451505016722408
0 0.02526315789473684 0.4297658862876254 0.08736842105263158 0.08361204013377926
0 0.3757894736842105 0.43478260869565216 0.12421052631578948 0.06688963210702341
0 0.8747368421052631 0.47157190635451507 0.11894736842105263 0.0802675585284281
