0 0.6663157894736842 0.6872909698996655 0.19263157894736843 0.13043478260869565
0 0.03263157894736842 0.15384615384615385 0.045263157894736845 0.023411371237458192
0 0.18842105263157893 0.15719063545150502 0.056842105263157895 0.051839464882943144
0 0.05473684210526316 0.22408026755852842 0.03368421052631579 0.028428093645484948
0 -0.002105263157894737 0.2608695652173913 0.02526315789473684 0.03511705685618729
0 0.06315789473684211 0.27591973244147155 0.03684210526315789 0.04013377926421405
0 0.017894736842105262 0.41638795986622074 0.07789473684210527 0.0802675585284281
0 0.3757894736842105 0.43478260869565216 0.1231578947368421 0.06856187290969899
0 0.8747368421052631 0.47157190635451507 0.11894736842105263 0.07859531772575251
0 0.1568421052631579 0.5719063545150501 0.15052631578947367 0.08862876254180602
