0 0.1368421052631579 0.5568561872909699 0.13578947368421052 0.10033444816053512
0 0.6273684210526316 0.6688963210702341 0.17578947368421052 0.1254180602006689
0 0.03263157894736842 0.15384615384615385 0.045263157894736845 0.023411371237458192
0 0.18842105263157893 0.15719063545150502 0.056842105263157895 0.051839464882943144
0 0.05368421052631579 0.22408026755852842 0.034736842105263156 0.028428093645484948
0 -0.002105263157894737 0.2608695652173913 0.02631578947368421 0.03511705685618729
0 0.06421052631578947 0.2725752508361204 0.035789473684210524 0.04180602006688963
0 0.011578947368421053 0.40468227424749165 0.06842105263157895 0.06856187290969899
0 0.3757894736842105 0.4331103678929766 0.1231578947368421 0.06856187290969899
0 0.8757894736842106 0.47157190635451507 0.11789473684210526 0.07859531772575251
