0 0.4905263157894737 0.617056856187291 0.16210526315789472 0.11705685618729098
0 0.03368421052631579 0.15384615384615385 0.04421052631578947 0.023411371237458192
0 0.18842105263157893 0.15719063545150502 0.056842105263157895 0.051839464882943144
0 0.05368421052631579 0.21906354515050167 0.034736842105263156 0.028428093645484948
0 0.0010526315789473684 0.24749163879598662 0.02631578947368421 0.03177257525083612
0 0.06631578947368422 0.2608695652173913 0.03368421052631579 0.038461538461538464
0 0.003157894736842105 0.362876254180602 0.05052631578947368 0.06521739130434782
0 0.37684210526315787 0.4331103678929766 0.12210526315789473 0.06856187290969899
0 0.8757894736842106 0.47157190635451507 0.11789473684210526 0.07859531772575251
0 0.07052631578947369 0.5066889632107023 0.11368421052631579 0.10033444816053512
