0 0.4705263157894737 0.6120401337792643 0.16631578947368422 0.11705685618729098
0 0.03368421052631579 0.15384615384615385 0.0431578947368421 0.023411371237458192
0 0.18842105263157893 0.15719063545150502 0.056842105263157895 0.051839464882943144
0 0.05368421052631579 0.21906354515050167 0.034736842105263156 0.026755852842809364
0 0.0 0.2491638795986622 0.028421052631578948 0.03177257525083612
0 0.06526315789473684 0.2608695652173913 0.034736842105263156 0.03678929765886288
0 0.002105263157894737 0.3612040133779264 0.049473684210526316 0.061872909698996656
0 0.37684210526315787 0.4331103678929766 0.12210526315789473 0.06856187290969899
0 0.8757894736842106 0.47157190635451507 0.11789473684210526 0.07859531772575251
0 0.061052631578947365 0.5 0.11368421052631579 0.09197324414715718
