0 0.46210526315789474 0.6020066889632107 0.1463157894736842 0.11538461538461539
0 0.03263157894736842 0.15384615384615385 0.04421052631578947 0.023411371237458192
0 0.18736842105263157 0.15719063545150502 0.056842105263157895 0.051839464882943144
0 0.05368421052631579 0.21906354515050167 0.034736842105263156 0.028428093645484948
0 0.0010526315789473684 0.24749163879598662 0.02736842105263158 0.03177257525083612
0 0.06736842105263158 0.2608695652173913 0.03368421052631579 0.03678929765886288
0 0.002105263157894737 0.35785953177257523 0.04736842105263158 0.06354515050167224
0 0.37684210526315787 0.4331103678929766 0.12210526315789473 0.06856187290969899
0 0.8757894736842106 0.47157190635451507 0.11789473684210526 0.0802675585284281
0 0.05368421052631579 0.49665551839464883 0.11368421052631579 0.09364548494983277
