0 0.4631578947368421 0.6036789297658863 0.14526315789473684 0.11371237458193979
0 0.03368421052631579 0.15384615384615385 0.04421052631578947 0.023411371237458192
0 0.18842105263157893 0.15719063545150502 0.056842105263157895 0.051839464882943144
0 0.05368421052631579 0.21906354515050167 0.034736842105263156 0.028428093645484948
0 0.0 0.24749163879598662 0.02736842105263158 0.03177257525083612
0 0.06736842105263158 0.2608695652173913 0.03368421052631579 0.03678929765886288
0 0.002105263157894737 0.35785953177257523 0.04736842105263158 0.06354515050167224
0 0.3778947368421053 0.4331103678929766 0.12210526315789473 0.06856187290969899
0 0.8747368421052631 0.47157190635451507 0.11894736842105263 0.0802675585284281
0 0.05263157894736842 0.49498327759197325 0.11473684210526315 0.09531772575250837
