0 0.40842105263157896 0.5903010033444817 0.14842105263157895 0.10702341137123746
0 0.03368421052631579 0.15551839464882944 0.04421052631578947 0.023411371237458192
0 0.18842105263157893 0.15719063545150502 0.056842105263157895 0.051839464882943144
0 0.05368421052631579 0.21906354515050167 0.035789473684210524 0.026755852842809364
0 0.002105263157894737 0.24414715719063546 0.02631578947368421 0.03177257525083612
0 0.06210526315789474 0.2491638795986622 0.03684210526315789 0.04013377926421405
0 0.002105263157894737 0.33612040133779264 0.04 0.06856187290969899
0 0.37684210526315787 0.4331103678929766 0.12210526315789473 0.06856187290969899
0 0.034736842105263156 0.47491638795986624 0.1 0.0903010033444816
0 0.8757894736842106 0.47157190635451507 0.11894736842105263 0.07859531772575251
