0 0.39263157894736844 0.5836120401337793 0.14210526315789473 0.10535117056856187
0 0.03263157894736842 0.15551839464882944 0.045263157894736845 0.023411371237458192
0 0.18842105263157893 0.15719063545150502 0.056842105263157895 0.051839464882943144
0 0.05368421052631579 0.21739130434782608 0.034736842105263156 0.02508361204013378
0 0.002105263157894737 0.24581939799331104 0.02736842105263158 0.03177257525083612
0 0.06315789473684211 0.24749163879598662 0.03684210526315789 0.038461538461538464
0 0.002105263157894737 0.33444816053511706 0.04 0.06688963210702341
0 0.37684210526315787 0.4331103678929766 0.12210526315789473 0.06856187290969899
0 0.029473684210526315 0.47324414715719065 0.09789473684210526 0.0903010033444816
0 0.8757894736842106 0.47157190635451507 0.11894736842105263 0.07859531772575251
