0 0.37894736842105264 0.5785953177257525 0.13578947368421052 0.10367892976588629
0 0.8842105263157894 0.7491638795986622 0.11263157894736842 0.14046822742474915
0 0.03263157894736842 0.15551839464882944 0.045263157894736845 0.023411371237458192
0 0.18736842105263157 0.15719063545150502 0.05789473684210526 0.051839464882943144
0 0.003157894736842105 0.24414715719063546 0.02631578947368421 0.03177257525083612
0 0.06315789473684211 0.24749163879598662 0.035789473684210524 0.038461538461538464
0 0.0010526315789473684 0.33277591973244147 0.04105263157894737 0.06688963210702341
0 0.37684210526315787 0.43478260869565216 0.12105263157894737 0.06688963210702341
0 0.03263157894736842 0.4698996655518395 0.08842105263157894 0.08528428093645485
0 0.8757894736842106 0.47157190635451507 0.11894736842105263 0.07859531772575251
