0 0.8526315789473684 0.7207357859531772 0.14421052631578948 0.14046822742474915
0 0.03263157894736842 0.15551839464882944 0.045263157894736845 0.023411371237458192
0 0.18842105263157893 0.15719063545150502 0.056842105263157895 0.051839464882943144
0 0.002105263157894737 0.24414715719063546 0.02631578947368421 0.030100334448160536
0 0.06421052631578947 0.2491638795986622 0.035789473684210524 0.03511705685618729
0 0.003157894736842105 0.33277591973244147 0.03368421052631579 0.05518394648829431
0 0.37684210526315787 0.43478260869565216 0.12210526315789473 0.06521739130434782
0 0.022105263157894735 0.46321070234113715 0.08736842105263158 0.08528428093645485
0 0.8757894736842106 0.47157190635451507 0.11894736842105263 0.07859531772575251
0 0.36210526315789476 0.5769230769230769 0.13789473684210526 0.08862876254180602
