0 0.7863157894736842 0.7090301003344481 0.1831578947368421 0.14046822742474915
0 0.03263157894736842 0.15384615384615385 0.045263157894736845 0.023411371237458192
0 0.18736842105263157 0.15719063545150502 0.05789473684210526 0.05351170568561873
0 0.002105263157894737 0.24414715719063546 0.02631578947368421 0.028428093645484948
0 0.06631578947368422 0.24581939799331104 0.03368421052631579 0.03678929765886288
0 0.002105263157894737 0.32608695652173914 0.035789473684210524 0.05518394648829431
0 0.37684210526315787 0.43478260869565216 0.12210526315789473 0.06521739130434782
0 0.014736842105263158 0.45484949832775917 0.08210526315789474 0.07525083612040134
0 0.8768421052631579 0.47157190635451507 0.1168421052631579 0.0802675585284281
0 0.3368421052631579 0.5618729096989966 0.13052631578947368 0.08862876254180602
