0 0.7526315789473684 0.6989966555183946 0.1694736842105263 0.14214046822742474
0 0.03263157894736842 0.15384615384615385 0.045263157894736845 0.023411371237458192
0 0.18842105263157893 0.15719063545150502 0.056842105263157895 0.05351170568561873
0 0.003157894736842105 0.24247491638795987 0.02526315789473684 0.028428093645484948
0 0.06421052631578947 0.24749163879598662 0.034736842105263156 0.033444816053511704
0 0.0010526315789473684 0.31605351170568563 0.03684210526315789 0.05518394648829431
0 0.37684210526315787 0.43478260869565216 0.12210526315789473 0.06521739130434782
0 0.015789473684210527 0.451505016722408 0.07368421052631578 0.07023411371237458
0 0.8768421052631579 0.47157190635451507 0.1168421052631579 0.0802675585284281
0 0.3263157894736842 0.560200668896321 0.12210526315789473 0.08695652173913043
