0 0.6905263157894737 0.6722408026755853 0.1705263157894737 0.13043478260869565
0 0.03368421052631579 0.15551839464882944 0.04421052631578947 0.023411371237458192
0 0.18736842105263157 0.15719063545150502 0.056842105263157895 0.051839464882943144
0 0.05473684210526316 0.20903010033444816 0.030526315789473683 0.020066889632107024
0 0.004210526315789474 0.24414715719063546 0.024210526315789474 0.026755852842809364
0 0.06631578947368422 0.24581939799331104 0.03263157894736842 0.033444816053511704
0 0.002105263157894737 0.31270903010033446 0.035789473684210524 0.05518394648829431
0 0.00631578947368421 0.43478260869565216 0.06947368421052631 0.06856187290969899
0 0.3757894736842105 0.43478260869565216 0.1231578947368421 0.06856187290969899
0 0.8768421052631579 0.47157190635451507 0.11578947368421053 0.0802675585284281
0 0.29789473684210527 0.5468227424749164 0.12 0.07859531772575251
