0 0.6631578947368421 0.6605351170568562 0.16 0.13043478260869565
0 0.03368421052631579 0.15384615384615385 0.04421052631578947 0.023411371237458192
0 0.18842105263157893 0.15719063545150502 0.05578947368421053 0.051839464882943144
0 0.05473684210526316 0.20903010033444816 0.030526315789473683 0.020066889632107024
0 0.004210526315789474 0.24247491638795987 0.024210526315789474 0.026755852842809364
0 0.06526315789473684 0.24414715719063546 0.03263157894736842 0.03177257525083612
0 0.004210526315789474 0.31270903010033446 0.04421052631578947 0.046822742474916385
0 0.008421052631578947 0.43478260869565216 0.06210526315789474 0.06688963210702341
0 0.3757894736842105 0.43478260869565216 0.1231578947368421 0.06856187290969899
0 0.8778947368421053 0.47324414715719065 0.11473684210526315 0.0802675585284281
0 0.2831578947368421 0.5418060200668896 0.12210526315789473 0.08193979933110368
