0 0.611578947368421 0.6287625418060201 0.14947368421052631 0.12374581939799331
0 0.03368421052631579 0.15384615384615385 0.0431578947368421 0.023411371237458192
0 0.18736842105263157 0.15719063545150502 0.056842105263157895 0.051839464882943144
0 0.008421052631578947 0.22408026755852842 0.021052631578947368 0.030100334448160536
0 0.004210526315789474 0.2408026755852843 0.02526315789473684 0.028428093645484948
0 0.06631578947368422 0.24414715719063546 0.03263157894736842 0.03177257525083612
0 0.003157894736842105 0.30267558528428096 0.04736842105263158 0.051839464882943144
0 0.011578947368421053 0.4431438127090301 0.049473684210526316 0.04180602006688963
0 0.37684210526315787 0.43478260869565216 0.12210526315789473 0.07023411371237458
0 0.8778947368421053 0.47324414715719065 0.11578947368421053 0.0802675585284281
0 0.2557894736842105 0.5234113712374582 0.12421052631578948 0.08862876254180602
