0 0.54 0.6103678929765887 0.17473684210526316 0.12040133779264214
0 0.03263157894736842 0.15384615384615385 0.04421052631578947 0.023411371237458192
0 0.18736842105263157 0.1605351170568562 0.05473684210526316 0.043478260869565216
0 0.004210526315789474 0.2408026755852843 0.024210526315789474 0.028428093645484948
0 0.06736842105263158 0.24247491638795987 0.031578947368421054 0.033444816053511704
0 0.004210526315789474 0.2993311036789298 0.04842105263157895 0.043478260869565216
0 0.002105263157894737 0.41638795986622074 0.05052631578947368 0.05518394648829431
0 0.37684210526315787 0.43478260869565216 0.12210526315789473 0.06688963210702341
0 0.8778947368421053 0.47157190635451507 0.11578947368421053 0.08193979933110368
0 0.23789473684210527 0.5167224080267558 0.11157894736842106 0.08361204013377926
0 0.96 0.5033444816053512 0.03684210526315789 0.11371237458193979
