0 0.4747368421052632 0.5668896321070234 0.19473684210526315 0.12876254180602006
0 0.03263157894736842 0.15384615384615385 0.04421052631578947 0.023411371237458192
0 0.18736842105263157 0.1605351170568562 0.05473684210526316 0.043478260869565216
0 0.05473684210526316 0.205685618729097 0.028421052631578948 0.021739130434782608
0 0.003157894736842105 0.2408026755852843 0.02526315789473684 0.030100334448160536
0 0.06736842105263158 0.24247491638795987 0.031578947368421054 0.033444816053511704
0 0.004210526315789474 0.2976588628762542 0.049473684210526316 0.0451505016722408
0 0.0010526315789473684 0.411371237458194 0.049473684210526316 0.05518394648829431
0 0.3778947368421053 0.43478260869565216 0.12210526315789473 0.06688963210702341
0 0.8778947368421053 0.47491638795986624 0.11578947368421053 0.0802675585284281
0 0.2231578947368421 0.5050167224080268 0.11578947368421053 0.08193979933110368
