0 0.4831578947368421 0.5769230769230769 0.1694736842105263 0.11371237458193979
0 0.031578947368421054 0.15217391304347827 0.045263157894736845 0.02508361204013378
0 0.1863157894736842 0.1605351170568562 0.05578947368421053 0.043478260869565216
0 0.05473684210526316 0.205685618729097 0.029473684210526315 0.021739130434782608
0 0.005263157894736842 0.22240802675585283 0.022105263157894735 0.033444816053511704
0 0.003157894736842105 0.2408026755852843 0.02526315789473684 0.030100334448160536
0 0.06736842105263158 0.24247491638795987 0.031578947368421054 0.03177257525083612
0 0.007368421052631579 0.2959866220735786 0.04842105263157895 0.04180602006688963
0 -0.0010526315789473684 0.4013377926421405 0.04631578947368421 0.06521739130434782
0 0.3778947368421053 0.43478260869565216 0.12210526315789473 0.06688963210702341
0 0.8789473684210526 0.47324414715719065 0.11578947368421053 0.08193979933110368
0 0.21473684210526317 0.5050167224080268 0.11052631578947368 0.08193979933110368
0 0.94 0.5033444816053512 0.06526315789473684 0.11371237458193979
