0 0.4863157894736842 0.5735785953177257 0.14 0.1254180602006689
0 0.03263157894736842 0.15217391304347827 0.045263157894736845 0.02508361204013378
0 0.18842105263157893 0.15719063545150502 0.056842105263157895 0.051839464882943144
0 0.05368421052631579 0.2040133779264214 0.031578947368421054 0.02508361204013378
0 0.005263157894736842 0.22073578595317725 0.022105263157894735 0.03511705685618729
0 0.004210526315789474 0.2408026755852843 0.02526315789473684 0.030100334448160536
0 0.06736842105263158 0.24247491638795987 0.031578947368421054 0.033444816053511704
0 0.008421052631578947 0.29431438127090304 0.049473684210526316 0.04013377926421405
0 -0.0010526315789473684 0.3963210702341137 0.04421052631578947 0.06856187290969899
0 0.3778947368421053 0.43478260869565216 0.12210526315789473 0.06521739130434782
0 0.8778947368421053 0.47324414715719065 0.11578947368421053 0.08361204013377926
0 0.2031578947368421 0.5 0.11052631578947368 0.08193979933110368
0 0.9389473684210526 0.5050167224080268 0.06421052631578947 0.11036789297658862
