0 0.4673684210526316 0.5618729096989966 0.14 0.1254180602006689
0 0.03263157894736842 0.15384615384615385 0.045263157894736845 0.023411371237458192
0 0.18842105263157893 0.15719063545150502 0.056842105263157895 0.051839464882943144
0 0.05473684210526316 0.205685618729097 0.030526315789473683 0.023411371237458192
0 0.00631578947368421 0.22240802675585283 0.022105263157894735 0.03177257525083612
0 0.06736842105263158 0.2408026755852843 0.030526315789473683 0.033444816053511704
0 0.011578947368421053 0.2909698996655518 0.045263157894736845 0.038461538461538464
0 -0.0010526315789473684 0.3862876254180602 0.04105263157894737 0.06688963210702341
0 0.3778947368421053 0.43478260869565216 0.12210526315789473 0.06688963210702341
0 0.8778947368421053 0.47324414715719065 0.11473684210526315 0.08193979933110368
0 0.19473684210526315 0.49331103678929766 0.1031578947368421 0.08361204013377926
0 0.94 0.5033444816053512 0.06315789473684211 0.11036789297658862
