0 0.03263157894736842 0.15384615384615385 0.045263157894736845 0.023411371237458192
0 0.18842105263157893 0.15719063545150502 0.056842105263157895 0.051839464882943144
0 0.05368421052631579 0.205685618729097 0.030526315789473683 0.023411371237458192
0 0.00631578947368421 0.22240802675585283 0.021052631578947368 0.030100334448160536
0 0.06842105263157895 0.2408026755852843 0.029473684210526315 0.033444816053511704
0 0.01263157894736842 0.28929765886287623 0.045263157894736845 0.038461538461538464
0 0.0 0.3879598662207358 0.03684210526315789 0.05518394648829431
0 0.3778947368421053 0.43478260869565216 0.12210526315789473 0.06688963210702341
0 0.8778947368421053 0.47324414715719065 0.11368421052631579 0.08193979933110368
0 0.18421052631578946 0.4916387959866221 0.10421052631578948 0.07859531772575251
0 0.9368421052631579 0.49665551839464883 0.06631578947368422 0.12374581939799331
