0 0.03263157894736842 0.15384615384615385 0.045263157894736845 0.023411371237458192
0 0.18842105263157893 0.15719063545150502 0.056842105263157895 0.051839464882943144
0 0.05368421052631579 0.205685618729097 0.031578947368421054 0.023411371237458192
0 0.005263157894736842 0.22073578595317725 0.022105263157894735 0.03177257525083612
0 0.06631578947368422 0.23745819397993312 0.030526315789473683 0.03511705685618729
0 0.014736842105263158 0.28762541806020064 0.04421052631578947 0.04013377926421405
0 0.0010526315789473684 0.3862876254180602 0.03263157894736842 0.051839464882943144
0 0.37684210526315787 0.43478260869565216 0.1231578947368421 0.06521739130434782
0 0.1726315789473684 0.4816053511705686 0.10631578947368421 0.07859531772575251
0 0.8778947368421053 0.47324414715719065 0.11368421052631579 0.08193979933110368
0 0.9368421052631579 0.5016722408026756 0.06736842105263158 0.11036789297658862
