0 0.03368421052631579 0.15384615384615385 0.04421052631578947 0.023411371237458192
0 0.18842105263157893 0.15719063545150502 0.056842105263157895 0.051839464882943144
0 0.004210526315789474 0.22240802675585283 0.024210526315789474 0.033444816053511704
0 0.06631578947368422 0.2391304347826087 0.030526315789473683 0.033444816053511704
0 0.016842105263157894 0.2826086956521739 0.042105263157894736 0.043478260869565216
0 0.3757894736842105 0.43478260869565216 0.1231578947368421 0.06856187290969899
0 0.15789473684210525 0.4765886287625418 0.09894736842105263 0.07023411371237458
0 0.8778947368421053 0.47324414715719065 0.11263157894736842 0.08361204013377926
0 0.9347368421052632 0.5100334448160535 0.06842105263157895 0.09531772575250837
0 0.4073684210526316 0.540133779264214 0.10210526315789474 0.10535117056856187
