0 0.03368421052631579 0.15384615384615385 0.0431578947368421 0.023411371237458192
0 0.18947368421052632 0.1588628762541806 0.05263157894736842 0.04180602006688963
0 0.005263157894736842 0.22073578595317725 0.022105263157894735 0.03177257525083612
0 0.06526315789473684 0.23578595317725753 0.030526315789473683 0.03511705685618729
0 0.021052631578947368 0.2725752508361204 0.04631578947368421 0.04180602006688963
0 0.3757894736842105 0.43478260869565216 0.1231578947368421 0.06856187290969899
0 0.1336842105263158 0.45819397993311034 0.09263157894736843 0.07357859531772576
0 0.8768421052631579 0.47157190635451507 0.11473684210526315 0.08528428093645485
0 0.3568421052631579 0.520066889632107 0.09894736842105263 0.09531772575250837
0 0.9305263157894736 0.5083612040133779 0.07157894736842105 0.09698996655518395
