0 0.03263157894736842 0.15217391304347827 0.04421052631578947 0.021739130434782608
0 0.18947368421052632 0.1588628762541806 0.05157894736842105 0.04180602006688963
0 0.05473684210526316 0.20234113712374582 0.031578947368421054 0.02508361204013378
0 0.005263157894736842 0.22073578595317725 0.023157894736842106 0.03177257525083612
0 0.06631578947368422 0.23745819397993312 0.030526315789473683 0.033444816053511704
0 0.022105263157894735 0.2709030100334448 0.045263157894736845 0.04180602006688963
0 0.37684210526315787 0.43645484949832775 0.12210526315789473 0.06521739130434782
0 0.12736842105263158 0.451505016722408 0.08736842105263158 0.07190635451505016
0 0.8778947368421053 0.47324414715719065 0.11368421052631579 0.08361204013377926
0 0.9326315789473684 0.4866220735785953 0.07052631578947369 0.11036789297658862
