0 0.03368421052631579 0.15217391304347827 0.0431578947368421 0.023411371237458192
0 0.18947368421052632 0.1588628762541806 0.05263157894736842 0.04180602006688963
0 0.004210526315789474 0.20066889632107024 0.022105263157894735 0.030100334448160536
0 0.05473684210526316 0.20234113712374582 0.031578947368421054 0.02508361204013378
0 0.005263157894736842 0.21906354515050167 0.024210526315789474 0.033444816053511704
0 0.06736842105263158 0.23745819397993312 0.029473684210526315 0.033444816053511704
0 0.022105263157894735 0.2709030100334448 0.045263157894736845 0.038461538461538464
0 0.3778947368421053 0.43645484949832775 0.12105263157894737 0.06521739130434782
0 0.11894736842105263 0.44816053511705684 0.08947368421052632 0.07190635451505016
0 0.8778947368421053 0.47157190635451507 0.11263157894736842 0.08528428093645485
0 0.9284210526315789 0.5 0.07368421052631578 0.10869565217391304
