0 0.03368421052631579 0.15217391304347827 0.0431578947368421 0.023411371237458192
0 0.18947368421052632 0.1588628762541806 0.05263157894736842 0.043478260869565216
0 0.004210526315789474 0.19899665551839466 0.023157894736842106 0.033444816053511704
0 0.05368421052631579 0.20234113712374582 0.03368421052631579 0.02508361204013378
0 0.004210526315789474 0.21739130434782608 0.024210526315789474 0.03511705685618729
0 0.06631578947368422 0.23578595317725753 0.030526315789473683 0.033444816053511704
0 0.024210526315789474 0.26755852842809363 0.0431578947368421 0.04180602006688963
0 0.3778947368421053 0.43645484949832775 0.12105263157894737 0.06354515050167224
0 0.11473684210526315 0.44481605351170567 0.08736842105263158 0.07190635451505016
0 0.8778947368421053 0.47157190635451507 0.11263157894736842 0.08528428093645485
0 0.9294736842105263 0.4866220735785953 0.07473684210526316 0.11204013377926421
