0 0.03368421052631579 0.15384615384615385 0.0431578947368421 0.023411371237458192
0 0.18947368421052632 0.1588628762541806 0.05263157894736842 0.043478260869565216
0 0.004210526315789474 0.19899665551839466 0.022105263157894735 0.033444816053511704
0 0.05263157894736842 0.20234113712374582 0.03368421052631579 0.02508361204013378
0 0.005263157894736842 0.21906354515050167 0.022105263157894735 0.03177257525083612
0 0.06631578947368422 0.23578595317725753 0.031578947368421054 0.033444816053511704
0 0.02526315789473684 0.2692307692307692 0.04421052631578947 0.04013377926421405
0 0.10842105263157895 0.43478260869565216 0.08526315789473685 0.07190635451505016
0 0.37894736842105264 0.43645484949832775 0.11894736842105263 0.061872909698996656
0 0.8789473684210526 0.47157190635451507 0.11157894736842106 0.08528428093645485
0 0.9263157894736842 0.5 0.07473684210526316 0.10869565217391304
