0 0.03263157894736842 0.15217391304347827 0.0431578947368421 0.021739130434782608
0 0.18947368421052632 0.1605351170568562 0.05157894736842105 0.043478260869565216
0 0.05263157894736842 0.20234113712374582 0.03368421052631579 0.026755852842809364
0 0.005263157894736842 0.21906354515050167 0.023157894736842106 0.033444816053511704
0 0.06631578947368422 0.23578595317725753 0.031578947368421054 0.03177257525083612
0 0.02526315789473684 0.26588628762541805 0.0431578947368421 0.04180602006688963
0 0.10421052631578948 0.431438127090301 0.08105263157894736 0.07357859531772576
0 0.38 0.43478260869565216 0.11894736842105263 0.06521739130434782
0 0.8778947368421053 0.47157190635451507 0.11263157894736842 0.08528428093645485
0 0.9178947368421052 0.5066889632107023 0.08105263157894736 0.09866220735785954
