0 0.9189473684210526 0.4882943143812709 0.07894736842105263 0.14214046822742474
0 0.03263157894736842 0.15217391304347827 0.0431578947368421 0.023411371237458192
0 0.18947368421052632 0.1605351170568562 0.05263157894736842 0.043478260869565216
0 0.05157894736842105 0.20234113712374582 0.03368421052631579 0.026755852842809364
0 0.005263157894736842 0.21739130434782608 0.024210526315789474 0.033444816053511704
0 0.06631578947368422 0.23578595317725753 0.031578947368421054 0.03177257525083612
0 0.02736842105263158 0.26588628762541805 0.04105263157894737 0.04013377926421405
0 0.09052631578947369 0.42642140468227424 0.08105263157894736 0.06856187290969899
0 0.3778947368421053 0.4331103678929766 0.12105263157894737 0.07190635451505016
0 0.8789473684210526 0.47157190635451507 0.11052631578947368 0.08361204013377926
