0 0.9189473684210526 0.4899665551839465 0.08 0.14214046822742474
0 0.03263157894736842 0.15217391304347827 0.0431578947368421 0.023411371237458192
0 0.18947368421052632 0.1605351170568562 0.05263157894736842 0.043478260869565216
0 0.003157894736842105 0.1956521739130435 0.023157894736842106 0.043478260869565216
0 0.05263157894736842 0.20066889632107024 0.03368421052631579 0.028428093645484948
0 0.004210526315789474 0.2157190635451505 0.024210526315789474 0.03511705685618729
0 0.06631578947368422 0.23578595317725753 0.030526315789473683 0.033444816053511704
0 0.028421052631578948 0.2625418060200669 0.0431578947368421 0.04013377926421405
0 0.08842105263157894 0.4230769230769231 0.07473684210526316 0.07023411371237458
0 0.3778947368421053 0.4331103678929766 0.12210526315789473 0.07190635451505016
0 0.8789473684210526 0.47324414715719065 0.11157894736842106 0.08193979933110368
