0 0.9189473684210526 0.4899665551839465 0.08 0.14381270903010032
0 0.03368421052631579 0.15217391304347827 0.042105263157894736 0.021739130434782608
0 0.18947368421052632 0.1605351170568562 0.05157894736842105 0.043478260869565216
0 0.003157894736842105 0.1939799331103679 0.022105263157894735 0.04180602006688963
0 0.05263157894736842 0.20066889632107024 0.03263157894736842 0.028428093645484948
0 0.004210526315789474 0.2157190635451505 0.024210526315789474 0.03511705685618729
0 0.06842105263157895 0.23578595317725753 0.029473684210526315 0.03177257525083612
0 0.029473684210526315 0.2608695652173913 0.042105263157894736 0.04180602006688963
0 0.08421052631578947 0.41304347826086957 0.07157894736842105 0.06521739130434782
0 0.3778947368421053 0.43478260869565216 0.12210526315789473 0.07023411371237458
0 0.8778947368421053 0.47324414715719065 0.11157894736842106 0.08361204013377926
