0 0.21052631578947367 0.4431438127090301 0.09789473684210526 0.12876254180602006
0 0.9189473684210526 0.4899665551839465 0.08 0.14381270903010032
0 0.03368421052631579 0.15217391304347827 0.042105263157894736 0.023411371237458192
0 0.19052631578947368 0.1605351170568562 0.05052631578947368 0.043478260869565216
0 0.003157894736842105 0.1956521739130435 0.023157894736842106 0.04013377926421405
0 0.05263157894736842 0.19899665551839466 0.03368421052631579 0.028428093645484948
0 0.00631578947368421 0.2157190635451505 0.023157894736842106 0.033444816053511704
0 0.06631578947368422 0.23745819397993312 0.029473684210526315 0.030100334448160536
0 0.029473684210526315 0.25752508361204013 0.0431578947368421 0.04180602006688963
0 0.06947368421052631 0.411371237458194 0.07789473684210527 0.06354515050167224
0 0.3778947368421053 0.43478260869565216 0.12105263157894737 0.07023411371237458
0 0.8768421052631579 0.47324414715719065 0.11263157894736842 0.08361204013377926
