0 0.9189473684210526 0.4899665551839465 0.08 0.1454849498327759
0 0.03368421052631579 0.15217391304347827 0.042105263157894736 0.023411371237458192
0 0.19052631578947368 0.1605351170568562 0.05052631578947368 0.043478260869565216
0 0.004210526315789474 0.19732441471571907 0.022105263157894735 0.03678929765886288
0 0.05157894736842105 0.20066889632107024 0.03368421052631579 0.026755852842809364
0 0.00631578947368421 0.2157190635451505 0.023157894736842106 0.03177257525083612
0 0.06631578947368422 0.23745819397993312 0.028421052631578948 0.028428093645484948
0 0.030526315789473683 0.25752508361204013 0.042105263157894736 0.043478260869565216
0 0.06736842105263158 0.40635451505016723 0.07157894736842105 0.06354515050167224
0 0.3778947368421053 0.43478260869565216 0.12105263157894737 0.06856187290969899
0 0.8768421052631579 0.47324414715719065 0.11263157894736842 0.08361204013377926
