0 0.9189473684210526 0.4916387959866221 0.08 0.14381270903010032
0 0.03263157894736842 0.15217391304347827 0.0431578947368421 0.023411371237458192
0 0.004210526315789474 0.1956521739130435 0.023157894736842106 0.038461538461538464
0 0.05052631578947368 0.19899665551839466 0.03368421052631579 0.028428093645484948
0 0.00631578947368421 0.2157190635451505 0.023157894736842106 0.03177257525083612
0 0.06421052631578947 0.225752508361204 0.031578947368421054 0.03511705685618729
0 0.03368421052631579 0.24749163879598662 0.03894736842105263 0.04180602006688963
0 0.061052631578947365 0.4013377926421405 0.07157894736842105 0.06521739130434782
0 0.3778947368421053 0.43478260869565216 0.12210526315789473 0.06856187290969899
0 0.8768421052631579 0.47157190635451507 0.11263157894736842 0.08528428093645485
