0 0.1726315789473684 0.4096989966555184 0.08947368421052632 0.13879598662207357
0 0.9189473684210526 0.4916387959866221 0.08 0.14214046822742474
0 0.03263157894736842 0.15217391304347827 0.0431578947368421 0.023411371237458192
0 0.05052631578947368 0.19899665551839466 0.03368421052631579 0.028428093645484948
0 0.00631578947368421 0.21906354515050167 0.023157894736842106 0.030100334448160536
0 0.06421052631578947 0.22742474916387959 0.030526315789473683 0.033444816053511704
0 0.034736842105263156 0.2491638795986622 0.03684210526315789 0.038461538461538464
0 0.05052631578947368 0.3879598662207358 0.07368421052631578 0.06521739130434782
0 0.3778947368421053 0.4331103678929766 0.12210526315789473 0.06856187290969899
0 0.8768421052631579 0.47324414715719065 0.11263157894736842 0.08361204013377926
