0 0.9178947368421052 0.4916387959866221 0.08105263157894736 0.14381270903010032
0 0.03368421052631579 0.15384615384615385 0.042105263157894736 0.023411371237458192
0 0.007368421052631579 0.19899665551839466 0.02 0.028428093645484948
0 0.05052631578947368 0.19732441471571907 0.031578947368421054 0.028428093645484948
0 0.00631578947368421 0.2157190635451505 0.023157894736842106 0.03177257525083612
0 0.06842105263157895 0.22408026755852842 0.02631578947368421 0.030100334448160536
0 0.037894736842105266 0.24247491638795987 0.035789473684210524 0.038461538461538464
0 0.037894736842105266 0.3729096989966555 0.06210526315789474 0.05852842809364549
0 0.3778947368421053 0.43645484949832775 0.12210526315789473 0.06521739130434782
0 0.8768421052631579 0.47324414715719065 0.11263157894736842 0.08361204013377926
