0 0.9178947368421052 0.49331103678929766 0.08105263157894736 0.14381270903010032
0 0.03263157894736842 0.15384615384615385 0.0431578947368421 0.023411371237458192
0 0.00631578947368421 0.19899665551839466 0.02 0.02508361204013378
0 0.04842105263157895 0.19732441471571907 0.03263157894736842 0.028428093645484948
0 0.04736842105263158 0.22073578595317725 0.035789473684210524 0.03511705685618729
0 0.0431578947368421 0.2408026755852843 0.034736842105263156 0.033444816053511704
0 0.02736842105263158 0.34448160535117056 0.05052631578947368 0.05351170568561873
0 0.1 0.3595317725752508 0.05368421052631579 0.06354515050167224
0 0.37684210526315787 0.43645484949832775 0.1231578947368421 0.06688963210702341
0 0.8768421052631579 0.47324414715719065 0.11263157894736842 0.08361204013377926
