0 0.9178947368421052 0.49331103678929766 0.08105263157894736 0.14381270903010032
0 0.03263157894736842 0.15384615384615385 0.04421052631578947 0.023411371237458192
0 0.00631578947368421 0.19899665551839466 0.02 0.02508361204013378
0 0.049473684210526316 0.19899665551839466 0.031578947368421054 0.026755852842809364
0 0.04631578947368421 0.22240802675585283 0.037894736842105266 0.033444816053511704
0 0.0431578947368421 0.2408026755852843 0.034736842105263156 0.033444816053511704
0 0.028421052631578948 0.34448160535117056 0.04736842105263158 0.05351170568561873
0 0.09473684210526316 0.35451505016722407 0.05473684210526316 0.061872909698996656
0 0.37684210526315787 0.43478260869565216 0.1231578947368421 0.06856187290969899
0 0.8768421052631579 0.47324414715719065 0.11263157894736842 0.08361204013377926
