0 0.9178947368421052 0.49331103678929766 0.08105263157894736 0.14381270903010032
0 0.03263157894736842 0.15384615384615385 0.0431578947368421 0.023411371237458192
0 0.19052631578947368 0.1588628762541806 0.05052631578947368 0.04180602006688963
0 0.00631578947368421 0.20066889632107024 0.02 0.023411371237458192
0 0.049473684210526316 0.19899665551839466 0.031578947368421054 0.026755852842809364
0 0.045263157894736845 0.22408026755852842 0.035789473684210524 0.030100334448160536
0 0.042105263157894736 0.2408026755852843 0.034736842105263156 0.03177257525083612
0 0.028421052631578948 0.3411371237458194 0.045263157894736845 0.05351170568561873
0 0.09052631578947369 0.3511705685618729 0.05578947368421053 0.06354515050167224
0 0.37684210526315787 0.43478260869565216 0.1231578947368421 0.06856187290969899
0 0.8778947368421053 0.47157190635451507 0.11263157894736842 0.08528428093645485
