0 0.9178947368421052 0.49331103678929766 0.08105263157894736 0.14214046822742474
0 0.7621052631578947 0.9130434782608695 0.23473684210526316 0.08193979933110368
0 0.03368421052631579 0.15384615384615385 0.042105263157894736 0.023411371237458192
0 0.00631578947368421 0.19899665551839466 0.02 0.02508361204013378
0 0.04842105263157895 0.19732441471571907 0.031578947368421054 0.030100334448160536
0 0.045263157894736845 0.22240802675585283 0.03684210526315789 0.033444816053511704
0 0.04421052631578947 0.2391304347826087 0.034736842105263156 0.03511705685618729
0 0.02736842105263158 0.3377926421404682 0.04842105263157895 0.051839464882943144
0 0.09052631578947369 0.34448160535117056 0.05263157894736842 0.06521739130434782
0 0.3778947368421053 0.43478260869565216 0.12210526315789473 0.06856187290969899
0 0.8778947368421053 0.47324414715719065 0.11263157894736842 0.08361204013377926
