0 0.9178947368421052 0.49331103678929766 0.08105263157894736 0.14214046822742474
0 0.03368421052631579 0.15384615384615385 0.042105263157894736 0.023411371237458192
0 0.00631578947368421 0.19899665551839466 0.018947368421052633 0.02508361204013378
0 0.04842105263157895 0.19732441471571907 0.031578947368421054 0.030100334448160536
0 0.04736842105263158 0.21906354515050167 0.035789473684210524 0.03511705685618729
0 0.04736842105263158 0.2408026755852843 0.03368421052631579 0.033444816053511704
0 0.02736842105263158 0.3377926421404682 0.04631578947368421 0.048494983277591976
0 0.0863157894736842 0.33612040133779264 0.05263157894736842 0.06856187290969899
0 0.37684210526315787 0.43478260869565216 0.1231578947368421 0.06856187290969899
0 0.8778947368421053 0.47324414715719065 0.11263157894736842 0.08361204013377926
