0 0.9178947368421052 0.49331103678929766 0.08105263157894736 0.14214046822742474
0 0.6936842105263158 0.8846153846153846 0.27157894736842103 0.11204013377926421
0 0.03263157894736842 0.15384615384615385 0.0431578947368421 0.023411371237458192
0 0.00631578947368421 0.19899665551839466 0.02 0.02508361204013378
0 0.04842105263157895 0.19732441471571907 0.031578947368421054 0.030100334448160536
0 0.04736842105263158 0.21906354515050167 0.03684210526315789 0.03678929765886288
0 0.04421052631578947 0.2408026755852843 0.03684210526315789 0.033444816053511704
0 0.024210526315789474 0.3311036789297659 0.045263157894736845 0.05016722408026756
0 0.3778947368421053 0.43478260869565216 0.12210526315789473 0.06856187290969899
0 0.8778947368421053 0.47324414715719065 0.11263157894736842 0.08361204013377926
