0 0.9178947368421052 0.49331103678929766 0.08105263157894736 0.14046822742474915
0 0.6557894736842105 0.8879598662207357 0.27157894736842103 0.11036789297658862
0 0.03263157894736842 0.15384615384615385 0.0431578947368421 0.023411371237458192
0 0.007368421052631579 0.19899665551839466 0.018947368421052633 0.02508361204013378
0 0.04842105263157895 0.19732441471571907 0.030526315789473683 0.030100334448160536
0 0.04736842105263158 0.22073578595317725 0.035789473684210524 0.03678929765886288
0 0.045263157894736845 0.2391304347826087 0.035789473684210524 0.033444816053511704
0 0.024210526315789474 0.3294314381270903 0.045263157894736845 0.05016722408026756
0 0.37684210526315787 0.43478260869565216 0.1231578947368421 0.06856187290969899
0 0.8778947368421053 0.47324414715719065 0.11263157894736842 0.08361204013377926
