0 0.9178947368421052 0.4916387959866221 0.08105263157894736 0.14214046822742474
0 0.6557894736842105 0.8896321070234113 0.27052631578947367 0.10869565217391304
0 0.03263157894736842 0.15217391304347827 0.0431578947368421 0.023411371237458192
0 0.007368421052631579 0.19899665551839466 0.018947368421052633 0.02508361204013378
0 0.04842105263157895 0.19732441471571907 0.030526315789473683 0.030100334448160536
0 0.04736842105263158 0.22073578595317725 0.035789473684210524 0.03678929765886288
0 0.045263157894736845 0.23745819397993312 0.035789473684210524 0.03511705685618729
0 0.024210526315789474 0.3294314381270903 0.045263157894736845 0.05016722408026756
0 0.37684210526315787 0.43478260869565216 0.1231578947368421 0.06856187290969899
0 0.8778947368421053 0.47324414715719065 0.11263157894736842 0.08361204013377926
