0 0.9178947368421052 0.49331103678929766 0.08105263157894736 0.14046822742474915
0 0.6347368421052632 0.8795986622073578 0.25684210526315787 0.12040133779264214
0 0.03263157894736842 0.15217391304347827 0.0431578947368421 0.023411371237458192
0 0.007368421052631579 0.19899665551839466 0.021052631578947368 0.02508361204013378
0 0.04842105263157895 0.1956521739130435 0.030526315789473683 0.028428093645484948
0 0.04631578947368421 0.22073578595317725 0.03684210526315789 0.03678929765886288
0 0.045263157894736845 0.23745819397993312 0.035789473684210524 0.033444816053511704
0 0.024210526315789474 0.3277591973244147 0.04421052631578947 0.048494983277591976
0 0.37684210526315787 0.43478260869565216 0.1231578947368421 0.06856187290969899
0 0.8789473684210526 0.47324414715719065 0.11157894736842106 0.08361204013377926
