0 0.9178947368421052 0.49331103678929766 0.08105263157894736 0.14046822742474915
0 0.6347368421052632 0.8779264214046822 0.25684210526315787 0.12207357859531773
0 0.03263157894736842 0.15217391304347827 0.0431578947368421 0.023411371237458192
0 0.007368421052631579 0.19899665551839466 0.021052631578947368 0.02508361204013378
0 0.049473684210526316 0.1956521739130435 0.029473684210526315 0.028428093645484948
0 0.04736842105263158 0.22073578595317725 0.035789473684210524 0.03678929765886288
0 0.045263157894736845 0.23745819397993312 0.034736842105263156 0.033444816053511704
0 0.024210526315789474 0.3277591973244147 0.0431578947368421 0.048494983277591976
0 0.37684210526315787 0.43478260869565216 0.1231578947368421 0.06856187290969899
0 0.8778947368421053 0.47324414715719065 0.11263157894736842 0.08361204013377926
