0 0.9178947368421052 0.49498327759197325 0.08105263157894736 0.14046822742474915
0 0.5978947368421053 0.8729096989966555 0.2673684210526316 0.13043478260869565
0 0.03368421052631579 0.15217391304347827 0.04105263157894737 0.021739130434782608
0 0.00631578947368421 0.19899665551839466 0.021052631578947368 0.02508361204013378
0 0.04842105263157895 0.1956521739130435 0.030526315789473683 0.028428093645484948
0 0.04842105263157895 0.22073578595317725 0.035789473684210524 0.03511705685618729
0 0.04736842105263158 0.2391304347826087 0.03368421052631579 0.030100334448160536
0 0.02526315789473684 0.32441471571906355 0.04 0.04013377926421405
0 0.37684210526315787 0.43478260869565216 0.1231578947368421 0.06856187290969899
0 0.8778947368421053 0.47324414715719065 0.11263157894736842 0.08361204013377926
