0 0.9178947368421052 0.49331103678929766 0.08105263157894736 0.14046822742474915
0 0.5536842105263158 0.8662207357859532 0.2789473684210526 0.13712374581939799
0 0.034736842105263156 0.15217391304347827 0.04105263157894737 0.021739130434782608
0 0.00631578947368421 0.19899665551839466 0.021052631578947368 0.02508361204013378
0 0.04736842105263158 0.1956521739130435 0.030526315789473683 0.028428093645484948
0 0.04842105263157895 0.22240802675585283 0.035789473684210524 0.033444816053511704
0 0.04736842105263158 0.2391304347826087 0.03368421052631579 0.030100334448160536
0 0.002105263157894737 0.26588628762541805 0.024210526315789474 0.033444816053511704
0 0.024210526315789474 0.32274247491638797 0.04105263157894737 0.038461538461538464
0 0.37684210526315787 0.43478260869565216 0.1231578947368421 0.06856187290969899
0 0.8778947368421053 0.47324414715719065 0.11263157894736842 0.08361204013377926
