0 0.9178947368421052 0.49331103678929766 0.08105263157894736 0.14046822742474915
0 0.5473684210526316 0.8595317725752508 0.24842105263157896 0.14381270903010032
0 0.034736842105263156 0.15217391304347827 0.042105263157894736 0.021739130434782608
0 0.00631578947368421 0.19899665551839466 0.021052631578947368 0.02508361204013378
0 0.04631578947368421 0.1956521739130435 0.030526315789473683 0.028428093645484948
0 0.04736842105263158 0.22240802675585283 0.03684210526315789 0.033444816053511704
0 0.045263157894736845 0.2391304347826087 0.03684210526315789 0.030100334448160536
0 0.02526315789473684 0.3210702341137124 0.03894736842105263 0.038461538461538464
0 0.37684210526315787 0.43478260869565216 0.1231578947368421 0.06856187290969899
0 0.8778947368421053 0.47324414715719065 0.11263157894736842 0.08361204013377926
