0 0.9178947368421052 0.49498327759197325 0.08105263157894736 0.13879598662207357
0 0.49157894736842106 0.8461538461538461 0.24210526315789474 0.1488294314381271
0 0.034736842105263156 0.15217391304347827 0.04105263157894737 0.021739130434782608
0 0.00631578947368421 0.20066889632107024 0.02 0.023411371237458192
0 0.045263157894736845 0.1939799331103679 0.029473684210526315 0.028428093645484948
0 0.04842105263157895 0.22408026755852842 0.034736842105263156 0.033444816053511704
0 0.002105263157894737 0.2625418060200669 0.023157894736842106 0.03678929765886288
0 0.023157894736842106 0.3177257525083612 0.03894736842105263 0.04013377926421405
0 0.37684210526315787 0.43478260869565216 0.1231578947368421 0.06856187290969899
0 0.8778947368421053 0.47324414715719065 0.11263157894736842 0.08361204013377926
