0 0.9178947368421052 0.49498327759197325 0.08105263157894736 0.13879598662207357
0 0.045263157894736845 0.8043478260869565 0.24421052631578946 0.13879598662207357
0 0.41157894736842104 0.8411371237458194 0.23157894736842105 0.15551839464882944
0 0.034736842105263156 0.15217391304347827 0.04105263157894737 0.021739130434782608
0 0.005263157894736842 0.19899665551839466 0.02 0.023411371237458192
0 0.04421052631578947 0.1939799331103679 0.031578947368421054 0.026755852842809364
0 0.05052631578947368 0.22240802675585283 0.035789473684210524 0.03177257525083612
0 0.049473684210526316 0.2391304347826087 0.03263157894736842 0.030100334448160536
0 0.024210526315789474 0.31438127090301005 0.037894736842105266 0.04013377926421405
0 0.37684210526315787 0.43478260869565216 0.1231578947368421 0.06856187290969899
0 0.8789473684210526 0.47324414715719065 0.11157894736842106 0.08193979933110368
