0 0.9168421052631579 0.4916387959866221 0.08105263157894736 0.14214046822742474
0 0.04105263157894737 0.8010033444816054 0.24947368421052632 0.14214046822742474
0 0.37157894736842106 0.8361204013377926 0.23894736842105263 0.16220735785953178
0 0.035789473684210524 0.15217391304347827 0.04105263157894737 0.021739130434782608
0 0.005263157894736842 0.19899665551839466 0.02 0.023411371237458192
0 0.04421052631578947 0.1939799331103679 0.031578947368421054 0.026755852842809364
0 0.049473684210526316 0.22408026755852842 0.035789473684210524 0.030100334448160536
0 0.023157894736842106 0.31270903010033446 0.03894736842105263 0.04180602006688963
0 0.37684210526315787 0.43478260869565216 0.12210526315789473 0.07023411371237458
0 0.8768421052631579 0.47324414715719065 0.11263157894736842 0.08361204013377926
