0 0.7042105263157895 0.882943143812709 0.2736842105263158 0.12040133779264214
0 0.03263157894736842 0.15551839464882944 0.045263157894736845 0.020066889632107024
0 0.018947368421052633 0.17558528428093645 0.029473684210526315 0.021739130434782608
0 0.18842105263157893 0.1605351170568562 0.05157894736842105 0.04180602006688963
0 0.18842105263157893 0.15719063545150502 0.05578947368421053 0.051839464882943144
0 0.01368421052631579 0.1956521739130435 0.030526315789473683 0.033444816053511704
0 0.9294736842105263 0.2959866220735786 0.05368421052631579 0.038461538461538464
0 0.37684210526315787 0.4331103678929766 0.12421052631578948 0.07023411371237458
0 0.3936842105263158 0.4331103678929766 0.11894736842105263 0.06521739130434782
0 0.3778947368421053 0.4431438127090301 0.11894736842105263 0.06856187290969899
