0 0.9178947368421052 0.49331103678929766 0.07894736842105263 0.14046822742474915
0 0.3642105263157895 0.7491638795986622 0.18105263157894738 0.12207357859531773
0 0.891578947368421 0.745819397993311 0.10947368421052632 0.1454849498327759
0 0.7136842105263158 0.8779264214046822 0.2557894736842105 0.12207357859531773
0 0.04105263157894737 0.17558528428093645 0.04105263157894737 0.02508361204013378
0 0.18947368421052632 0.1605351170568562 0.05157894736842105 0.04180602006688963
0 0.018947368421052633 0.19732441471571907 0.037894736842105266 0.030100334448160536
0 0.04736842105263158 0.3377926421404682 0.045263157894736845 0.04180602006688963
0 0.3757894736842105 0.43478260869565216 0.12421052631578948 0.06856187290969899
0 0.8778947368421053 0.47324414715719065 0.11052631578947368 0.08361204013377926
