0 0.9178947368421052 0.4916387959866221 0.07894736842105263 0.13879598662207357
0 0.33263157894736844 0.7474916387959866 0.18421052631578946 0.1254180602006689
0 0.8631578947368421 0.7424749163879598 0.13157894736842105 0.13879598662207357
0 0.6936842105263158 0.8795986622073578 0.25157894736842107 0.11872909698996656
0 0.04105263157894737 0.17558528428093645 0.04105263157894737 0.026755852842809364
0 0.18947368421052632 0.1605351170568562 0.05263157894736842 0.04180602006688963
0 0.018947368421052633 0.1939799331103679 0.03684210526315789 0.03177257525083612
0 0.9073684210526316 0.2725752508361204 0.0431578947368421 0.04180602006688963
0 0.3757894736842105 0.43478260869565216 0.1231578947368421 0.06856187290969899
0 0.8778947368421053 0.47157190635451507 0.11052631578947368 0.08528428093645485
