0 0.9178947368421052 0.49331103678929766 0.07894736842105263 0.1354515050167224
0 0.29473684210526313 0.7525083612040134 0.19789473684210526 0.1254180602006689
0 0.8368421052631579 0.745819397993311 0.16105263157894736 0.13377926421404682
0 0.6642105263157895 0.8812709030100334 0.24842105263157896 0.12040133779264214
0 0.03894736842105263 0.17558528428093645 0.04421052631578947 0.026755852842809364
0 0.18947368421052632 0.1605351170568562 0.05263157894736842 0.04180602006688963
0 0.018947368421052633 0.1939799331103679 0.04 0.03177257525083612
0 0.9147368421052632 0.2792642140468227 0.04105263157894737 0.0451505016722408
0 0.3757894736842105 0.43478260869565216 0.12421052631578948 0.06856187290969899
0 0.8778947368421053 0.47157190635451507 0.11052631578947368 0.08528428093645485
