0 0.9178947368421052 0.49331103678929766 0.07894736842105263 0.1354515050167224
0 0.31157894736842107 0.7525083612040134 0.18736842105263157 0.12374581939799331
0 0.8378947368421052 0.745819397993311 0.16105263157894736 0.13210702341137123
0 0.6642105263157895 0.8795986622073578 0.24842105263157896 0.12040133779264214
0 0.03894736842105263 0.17558528428093645 0.04421052631578947 0.026755852842809364
0 0.18947368421052632 0.1605351170568562 0.05263157894736842 0.04180602006688963
0 0.017894736842105262 0.1939799331103679 0.03894736842105263 0.03177257525083612
0 0.9168421052631579 0.2809364548494983 0.04 0.043478260869565216
0 0.3757894736842105 0.43478260869565216 0.12421052631578948 0.06856187290969899
0 0.8778947368421053 0.47157190635451507 0.11052631578947368 0.08528428093645485
