0 0.9178947368421052 0.49498327759197325 0.07894736842105263 0.13712374581939799
0 0.03368421052631579 0.7591973244147158 0.2063157894736842 0.12040133779264214
0 0.5536842105263158 0.7474916387959866 0.22210526315789475 0.13712374581939799
0 0.43473684210526314 0.8913043478260869 0.1957894736842105 0.10367892976588629
0 0.18947368421052632 0.1605351170568562 0.05157894736842105 0.04180602006688963
0 0.04421052631578947 0.19063545150501673 0.035789473684210524 0.030100334448160536
0 0.04736842105263158 0.2993311036789298 0.045263157894736845 0.03678929765886288
0 0.9673684210526315 0.3060200668896321 0.028421052631578948 0.05351170568561873
0 0.3757894736842105 0.43478260869565216 0.1231578947368421 0.06856187290969899
0 0.8778947368421053 0.47157190635451507 0.11157894736842106 0.08528428093645485
