0 0.9178947368421052 0.49498327759197325 0.07894736842105263 0.13712374581939799
0 0.03368421052631579 0.7591973244147158 0.2063157894736842 0.11872909698996656
0 0.5515789473684211 0.7474916387959866 0.22421052631578947 0.13712374581939799
0 0.4326315789473684 0.8913043478260869 0.19789473684210526 0.1020066889632107
0 0.18947368421052632 0.1605351170568562 0.05157894736842105 0.04180602006688963
0 0.04421052631578947 0.19230769230769232 0.034736842105263156 0.030100334448160536
0 0.04842105263157895 0.2993311036789298 0.04421052631578947 0.03678929765886288
0 0.968421052631579 0.3060200668896321 0.02736842105263158 0.05351170568561873
0 0.3757894736842105 0.43478260869565216 0.1231578947368421 0.06856187290969899
0 0.8778947368421053 0.47324414715719065 0.11157894736842106 0.08361204013377926
