0 0.9178947368421052 0.49331103678929766 0.07894736842105263 0.13879598662207357
0 0.0 0.7591973244147158 0.18 0.12040133779264214
0 0.48210526315789476 0.7508361204013378 0.22 0.12709030100334448
0 0.00631578947368421 0.17725752508361203 0.024210526315789474 0.030100334448160536
0 0.18947368421052632 0.1605351170568562 0.05157894736842105 0.04180602006688963
0 0.045263157894736845 0.19063545150501673 0.03368421052631579 0.030100334448160536
0 0.04842105263157895 0.2959866220735786 0.04421052631578947 0.033444816053511704
0 0.9673684210526315 0.30267558528428096 0.030526315789473683 0.05852842809364549
0 0.3757894736842105 0.43478260869565216 0.1231578947368421 0.06856187290969899
0 0.8778947368421053 0.47157190635451507 0.11157894736842106 0.08528428093645485
