0 0.9168421052631579 0.49331103678929766 0.08105263157894736 0.1354515050167224
0 0.48210526315789476 0.8662207357859532 0.22 0.1254180602006689
0 0.03368421052631579 0.15217391304347827 0.042105263157894736 0.023411371237458192
0 0.19052631578947368 0.1605351170568562 0.05157894736842105 0.043478260869565216
0 0.13263157894736843 0.1939799331103679 0.02736842105263158 0.026755852842809364
0 0.05473684210526316 0.21906354515050167 0.029473684210526315 0.026755852842809364
0 0.056842105263157895 0.24749163879598662 0.03684210526315789 0.028428093645484948
0 0.02631578947368421 0.3695652173913043 0.05894736842105263 0.05016722408026756
0 0.3778947368421053 0.43645484949832775 0.12105263157894737 0.06521739130434782
0 0.8768421052631579 0.47157190635451507 0.11263157894736842 0.08528428093645485
