0 0.9168421052631579 0.49331103678929766 0.08105263157894736 0.1354515050167224
0 0.47368421052631576 0.8695652173913043 0.1957894736842105 0.12374581939799331
0 0.03263157894736842 0.15217391304347827 0.0431578947368421 0.023411371237458192
0 0.19157894736842104 0.1588628762541806 0.05052631578947368 0.0451505016722408
0 0.13263157894736843 0.19230769230769232 0.02631578947368421 0.026755852842809364
0 0.05578947368421053 0.21739130434782608 0.029473684210526315 0.028428093645484948
0 0.05789473684210526 0.24581939799331104 0.034736842105263156 0.030100334448160536
0 0.028421052631578948 0.3612040133779264 0.05789473684210526 0.05518394648829431
0 0.3778947368421053 0.43645484949832775 0.12105263157894737 0.06521739130434782
0 0.8768421052631579 0.47157190635451507 0.11263157894736842 0.08528428093645485
