0 0.9168421052631579 0.49331103678929766 0.08105263157894736 0.13712374581939799
0 0.4568421052631579 0.8695652173913043 0.16210526315789472 0.12709030100334448
0 0.03263157894736842 0.15217391304347827 0.0431578947368421 0.023411371237458192
0 0.19157894736842104 0.1605351170568562 0.05052631578947368 0.043478260869565216
0 0.13263157894736843 0.18896321070234115 0.02736842105263158 0.028428093645484948
0 0.05368421052631579 0.22073578595317725 0.030526315789473683 0.026755852842809364
0 0.056842105263157895 0.24581939799331104 0.03684210526315789 0.030100334448160536
0 0.03263157894736842 0.35785953177257523 0.05473684210526316 0.05852842809364549
0 0.3778947368421053 0.43645484949832775 0.12105263157894737 0.06521739130434782
0 0.8768421052631579 0.47157190635451507 0.11368421052631579 0.08528428093645485
