0 0.9168421052631579 0.4916387959866221 0.08105263157894736 0.13879598662207357
0 0.03263157894736842 0.15217391304347827 0.0431578947368421 0.023411371237458192
0 0.1231578947368421 0.17558528428093645 0.031578947368421054 0.028428093645484948
0 0.19052631578947368 0.1605351170568562 0.05157894736842105 0.043478260869565216
0 0.05578947368421053 0.2040133779264214 0.02736842105263158 0.02508361204013378
0 0.05473684210526316 0.21739130434782608 0.030526315789473683 0.028428093645484948
0 0.05789473684210526 0.2408026755852843 0.034736842105263156 0.030100334448160536
0 0.04421052631578947 0.342809364548495 0.04421052631578947 0.046822742474916385
0 0.37894736842105264 0.43812709030100333 0.12 0.06354515050167224
0 0.8768421052631579 0.47324414715719065 0.11263157894736842 0.08361204013377926
