0 0.9168421052631579 0.4916387959866221 0.08210526315789474 0.13879598662207357
0 0.16210526315789472 0.8745819397993311 0.24947368421052632 0.11705685618729098
0 0.03263157894736842 0.15217391304347827 0.0431578947368421 0.023411371237458192
0 0.1231578947368421 0.17558528428093645 0.030526315789473683 0.028428093645484948
0 0.19052631578947368 0.1588628762541806 0.05157894736842105 0.0451505016722408
0 0.05473684210526316 0.2040133779264214 0.028421052631578948 0.026755852842809364
0 0.05789473684210526 0.2391304347826087 0.035789473684210524 0.030100334448160536
0 0.045263157894736845 0.3377926421404682 0.04105263157894737 0.05016722408026756
0 0.3778947368421053 0.43812709030100333 0.12105263157894737 0.06354515050167224
0 0.8768421052631579 0.47324414715719065 0.11263157894736842 0.08361204013377926
