0 0.9168421052631579 0.4916387959866221 0.08105263157894736 0.14046822742474915
0 0.0 0.8712374581939799 0.1831578947368421 0.11705685618729098
0 0.03368421052631579 0.15217391304347827 0.04421052631578947 0.023411371237458192
0 0.11894736842105263 0.17224080267558528 0.03263157894736842 0.028428093645484948
0 0.18947368421052632 0.1588628762541806 0.05263157894736842 0.0451505016722408
0 0.05263157894736842 0.20066889632107024 0.029473684210526315 0.026755852842809364
0 0.05894736842105263 0.23745819397993312 0.034736842105263156 0.028428093645484948
0 0.049473684210526316 0.3193979933110368 0.03684210526315789 0.04180602006688963
0 0.37894736842105264 0.43812709030100333 0.12 0.06354515050167224
0 0.8768421052631579 0.47157190635451507 0.11263157894736842 0.08528428093645485
