0 0.5947368421052631 0.8612040133779264 0.29157894736842105 0.14381270903010032
0 0.6347368421052632 0.8662207357859532 0.2505263157894737 0.13043478260869565
0 0.024210526315789474 0.1588628762541806 0.037894736842105266 0.01839464882943144
0 0.03263157894736842 0.15551839464882944 0.04631578947368421 0.020066889632107024
0 0.016842105263157894 0.17391304347826086 0.030526315789473683 0.023411371237458192
0 0.18842105263157893 0.1605351170568562 0.05157894736842105 0.04180602006688963
0 0.18947368421052632 0.15719063545150502 0.05578947368421053 0.051839464882943144
0 0.01263157894736842 0.1939799331103679 0.031578947368421054 0.03511705685618729
0 0.9705263157894737 0.3193979933110368 0.02736842105263158 0.03678929765886288
0 0.3757894736842105 0.4331103678929766 0.12526315789473685 0.07023411371237458
0 0.3936842105263158 0.4331103678929766 0.12 0.06521739130434782
0 0.3778947368421053 0.44481605351170567 0.11894736842105263 0.06688963210702341
