0 0.576530612244898 0.19791666666666666 0.09438775510204081 0.13932291666666666
0 0.5221088435374149 0.041666666666666664 0.03741496598639456 0.032552083333333336
0 0.3758503401360544 0.06770833333333333 0.02891156462585034 0.029947916666666668
0 0.5833333333333334 0.2799479166666667 0.05697278911564626 0.06640625
0 0.27976190476190477 0.3723958333333333 0.06462585034013606 0.07942708333333333
0 0.20153061224489796 0.4153645833333333 0.07908163265306123 0.08723958333333333
0 0.26785714285714285 0.4479166666666667 0.05187074829931973 0.078125
0 0.12074829931972789 0.4622395833333333 0.070578231292517 0.08984375
0 0.008503401360544218 0.515625 0.10459183673469388 0.1015625
0 0.15476190476190477 0.5442708333333334 0.06462585034013606 0.08333333333333333
