0 0.576530612244898 0.19661458333333334 0.09608843537414966 0.140625
0 0.5221088435374149 0.04296875 0.03741496598639456 0.032552083333333336
0 0.3758503401360544 0.06770833333333333 0.02806122448979592 0.029947916666666668
0 0.5833333333333334 0.28125 0.05697278911564626 0.06510416666666667
0 0.27976190476190477 0.3723958333333333 0.06462585034013606 0.07942708333333333
0 0.20153061224489796 0.4166666666666667 0.07908163265306123 0.0859375
0 0.26785714285714285 0.4466145833333333 0.05272108843537415 0.07942708333333333
0 0.12074829931972789 0.4635416666666667 0.070578231292517 0.08984375
0 0.008503401360544218 0.5143229166666666 0.10459183673469388 0.10026041666666667
0 0.15391156462585034 0.5442708333333334 0.06547619047619048 0.08333333333333333
0 0.407312925170068 0.6315104166666666 0.0467687074829932 0.16015625
