0 0.5748299319727891 0.19791666666666666 0.09693877551020408 0.13932291666666666
0 0.5221088435374149 0.04296875 0.03741496598639456 0.033854166666666664
0 0.3741496598639456 0.06770833333333333 0.030612244897959183 0.03125
0 0.5841836734693877 0.2799479166666667 0.05782312925170068 0.06640625
0 0.2789115646258503 0.3723958333333333 0.06547619047619048 0.07942708333333333
0 0.20153061224489796 0.4153645833333333 0.07908163265306123 0.08723958333333333
0 0.2687074829931973 0.4479166666666667 0.05187074829931973 0.07942708333333333
0 0.12074829931972789 0.4635416666666667 0.070578231292517 0.08984375
0 0.008503401360544218 0.515625 0.10459183673469388 0.1015625
0 0.15476190476190477 0.54296875 0.06462585034013606 0.08463541666666667
