0 0.5748299319727891 0.19791666666666666 0.09693877551020408 0.13932291666666666
0 0.5221088435374149 0.04296875 0.03741496598639456 0.033854166666666664
0 0.3741496598639456 0.06770833333333333 0.02976190476190476 0.029947916666666668
0 0.5841836734693877 0.2799479166666667 0.05782312925170068 0.06770833333333333
0 0.27976190476190477 0.3723958333333333 0.06462585034013606 0.07942708333333333
0 0.20153061224489796 0.4166666666666667 0.07908163265306123 0.0859375
0 0.2687074829931973 0.4466145833333333 0.05187074829931973 0.07942708333333333
0 0.12074829931972789 0.4635416666666667 0.070578231292517 0.08984375
0 0.008503401360544218 0.515625 0.10459183673469388 0.1015625
0 0.15476190476190477 0.5442708333333334 0.06462585034013606 0.08333333333333333
