0 0.40561224489795916 0.6419270833333334 0.0663265306122449 0.1953125
0 0.5221088435374149 0.04296875 0.036564625850340135 0.032552083333333336
0 0.3741496598639456 0.06770833333333333 0.02976190476190476 0.029947916666666668
0 0.5986394557823129 0.19921875 0.06037414965986394 0.07161458333333333
0 0.5841836734693877 0.28125 0.05782312925170068 0.06380208333333333
0 0.28061224489795916 0.3736979166666667 0.06462585034013606 0.078125
0 0.20238095238095238 0.4166666666666667 0.0782312925170068 0.0859375
0 0.2687074829931973 0.4466145833333333 0.05187074829931973 0.07942708333333333
0 0.12074829931972789 0.4635416666666667 0.07142857142857142 0.08984375
0 0.008503401360544218 0.515625 0.10459183673469388 0.1015625
0 0.15476190476190477 0.54296875 0.06462585034013606 0.08463541666666667
