0 0.40476190476190477 0.640625 0.06717687074829932 0.19791666666666666
0 0.5221088435374149 0.04296875 0.036564625850340135 0.032552083333333336
0 0.3741496598639456 0.06770833333333333 0.02976190476190476 0.029947916666666668
0 0.5977891156462585 0.20052083333333334 0.06037414965986394 0.0703125
0 0.5841836734693877 0.2825520833333333 0.05782312925170068 0.0625
0 0.27976190476190477 0.3736979166666667 0.06462585034013606 0.078125
0 0.20238095238095238 0.4166666666666667 0.0782312925170068 0.0859375
0 0.2687074829931973 0.4466145833333333 0.05272108843537415 0.07942708333333333
0 0.12074829931972789 0.4635416666666667 0.07142857142857142 0.08984375
0 0.008503401360544218 0.515625 0.10459183673469388 0.1015625
0 0.15391156462585034 0.5442708333333334 0.06547619047619048 0.08333333333333333
