0 0.40561224489795916 0.6393229166666666 0.06717687074829932 0.20052083333333334
0 0.5221088435374149 0.04296875 0.036564625850340135 0.032552083333333336
0 0.3741496598639456 0.06770833333333333 0.02976190476190476 0.029947916666666668
0 0.5986394557823129 0.19921875 0.06037414965986394 0.07291666666666667
0 0.5841836734693877 0.28125 0.05697278911564626 0.06380208333333333
0 0.2789115646258503 0.3736979166666667 0.06547619047619048 0.078125
0 0.20238095238095238 0.4166666666666667 0.0782312925170068 0.0859375
0 0.2687074829931973 0.4466145833333333 0.05272108843537415 0.07942708333333333
0 0.12074829931972789 0.4635416666666667 0.070578231292517 0.08984375
0 0.008503401360544218 0.515625 0.1054421768707483 0.1015625
0 0.15476190476190477 0.5442708333333334 0.06462585034013606 0.08333333333333333
