0 0.5671768707482994 0.19140625 0.09948979591836735 0.15104166666666666
0 0.5187074829931972 0.048177083333333336 0.03826530612244898 0.03125
0 0.37670068027210885 0.07161458333333333 0.02891156462585034 0.026041666666666668
0 0.58078231292517 0.28125 0.05952380952380952 0.059895833333333336
0 0.3120748299319728 0.37890625 0.05952380952380952 0.06901041666666667
0 0.2066326530612245 0.4466145833333333 0.04931972789115646 0.07942708333333333
0 0.5391156462585034 0.4557291666666667 0.013605442176870748 0.048177083333333336
0 0.09098639455782313 0.4674479166666667 0.08078231292517007 0.09505208333333333
0 0.011054421768707483 0.5169270833333334 0.10289115646258504 0.09635416666666667
0 0.01445578231292517 0.58984375 0.09523809523809523 0.09505208333333333
