0 0.4064625850340136 0.6393229166666666 0.0663265306122449 0.19921875
0 0.3741496598639456 0.06770833333333333 0.02976190476190476 0.029947916666666668
0 0.5977891156462585 0.20052083333333334 0.06037414965986394 0.06901041666666667
0 0.5833333333333334 0.2825520833333333 0.05697278911564626 0.061197916666666664
0 0.28061224489795916 0.3736979166666667 0.06462585034013606 0.07682291666666667
0 0.20238095238095238 0.4166666666666667 0.0782312925170068 0.0859375
0 0.2687074829931973 0.4466145833333333 0.05272108843537415 0.07942708333333333
0 0.12074829931972789 0.4635416666666667 0.070578231292517 0.08984375
0 0.008503401360544218 0.515625 0.10459183673469388 0.1015625
0 0.15391156462585034 0.5442708333333334 0.06547619047619048 0.08333333333333333
