0 0.4064625850340136 0.6393229166666666 0.06547619047619048 0.19921875
0 0.375 0.06770833333333333 0.02976190476190476 0.029947916666666668
0 0.5986394557823129 0.19791666666666666 0.061224489795918366 0.07421875
0 0.5841836734693877 0.2799479166666667 0.05782312925170068 0.06510416666666667
0 0.27976190476190477 0.3723958333333333 0.0663265306122449 0.07942708333333333
0 0.20238095238095238 0.4166666666666667 0.0782312925170068 0.0859375
0 0.26785714285714285 0.4479166666666667 0.05272108843537415 0.08072916666666667
0 0.12074829931972789 0.4635416666666667 0.07142857142857142 0.08984375
0 0.008503401360544218 0.515625 0.1054421768707483 0.1015625
0 0.15391156462585034 0.5442708333333334 0.06547619047619048 0.08333333333333333
