0 0.407312925170068 0.6380208333333334 0.06462585034013606 0.20182291666666666
0 0.375 0.06770833333333333 0.02976190476190476 0.029947916666666668
0 0.5977891156462585 0.20052083333333334 0.06037414965986394 0.06901041666666667
0 0.5841836734693877 0.2838541666666667 0.05782312925170068 0.061197916666666664
0 0.27976190476190477 0.3736979166666667 0.06547619047619048 0.078125
0 0.20238095238095238 0.4166666666666667 0.0782312925170068 0.08463541666666667
0 0.26785714285714285 0.4466145833333333 0.05272108843537415 0.08072916666666667
0 0.12074829931972789 0.4635416666666667 0.07142857142857142 0.08984375
0 0.008503401360544218 0.515625 0.1054421768707483 0.1015625
0 0.15391156462585034 0.5442708333333334 0.0663265306122449 0.08333333333333333
