0 0.5722789115646258 0.19401041666666666 0.0977891156462585 0.14322916666666666
0 0.5816326530612245 0.28125 0.055272108843537414 0.0625
0 0.352891156462585 0.3059895833333333 0.05697278911564626 0.07161458333333333
0 0.4957482993197279 0.3046875 0.045068027210884355 0.08463541666666667
0 0.27976190476190477 0.3723958333333333 0.06462585034013606 0.07942708333333333
0 0.20153061224489796 0.4205729166666667 0.07738095238095238 0.08072916666666667
0 0.266156462585034 0.4479166666666667 0.050170068027210885 0.07682291666666667
0 0.11904761904761904 0.46484375 0.07142857142857142 0.09114583333333333
0 0.006802721088435374 0.5143229166666666 0.10629251700680271 0.10416666666666667
0 0.1564625850340136 0.5416666666666666 0.06462585034013606 0.08463541666666667
