0 0.5773809523809523 0.19270833333333334 0.09438775510204081 0.14583333333333334
0 0.375 0.07161458333333333 0.02976190476190476 0.026041666666666668
0 0.397108843537415 0.12630208333333334 0.026360544217687076 0.03515625
0 0.35119047619047616 0.14192708333333334 0.02806122448979592 0.036458333333333336
0 0.5824829931972789 0.28125 0.05697278911564626 0.061197916666666664
0 0.2729591836734694 0.3763020833333333 0.06037414965986394 0.07291666666666667
0 0.1683673469387755 0.4401041666666667 0.08418367346938775 0.09244791666666667
0 0.2465986394557823 0.4427083333333333 0.07397959183673469 0.0703125
0 0.006802721088435374 0.5104166666666666 0.10799319727891156 0.1015625
0 0.15136054421768708 0.5455729166666666 0.0663265306122449 0.09375
