0 0.5731292517006803 0.19270833333333334 0.09438775510204081 0.14713541666666666
0 0.5212585034013606 0.044270833333333336 0.03571428571428571 0.032552083333333336
0 0.3903061224489796 0.28125 0.07738095238095238 0.06380208333333333
0 0.5824829931972789 0.28125 0.05612244897959184 0.06510416666666667
0 0.2891156462585034 0.359375 0.061224489795918366 0.06770833333333333
0 0.2227891156462585 0.40625 0.06377551020408163 0.06380208333333333
0 0.22959183673469388 0.453125 0.07142857142857142 0.07161458333333333
0 0.1130952380952381 0.4635416666666667 0.0858843537414966 0.09895833333333333
0 0.012755102040816327 0.515625 0.09948979591836735 0.09114583333333333
0 0.012755102040816327 0.5911458333333334 0.0935374149659864 0.09895833333333333
