0 0.5654761904761905 0.18880208333333334 0.10629251700680271 0.15104166666666666
0 0.5187074829931972 0.044270833333333336 0.04251700680272109 0.036458333333333336
0 0.5816326530612245 0.2799479166666667 0.05612244897959184 0.06510416666666667
0 0.28996598639455784 0.3567708333333333 0.05442176870748299 0.07161458333333333
0 0.23214285714285715 0.453125 0.06547619047619048 0.07161458333333333
0 0.5348639455782312 0.4583333333333333 0.015306122448979591 0.05078125
0 0.11394557823129252 0.4635416666666667 0.0858843537414966 0.10026041666666667
0 0.015306122448979591 0.5130208333333334 0.09863945578231292 0.09765625
0 0.21768707482993196 0.5208333333333334 0.05697278911564626 0.06640625
0 0.14710884353741496 0.5677083333333334 0.06207482993197279 0.08203125
