0 0.5739795918367347 0.19270833333333334 0.09523809523809523 0.14583333333333334
0 0.008503401360544218 0.6002604166666666 0.14710884353741496 0.14583333333333334
0 0.5195578231292517 0.045572916666666664 0.036564625850340135 0.032552083333333336
0 0.3741496598639456 0.06770833333333333 0.031462585034013606 0.029947916666666668
0 0.4719387755102041 0.08984375 0.027210884353741496 0.032552083333333336
0 0.37670068027210885 0.20963541666666666 0.015306122448979591 0.046875
0 0.22023809523809523 0.4166666666666667 0.06717687074829932 0.078125
0 0.07312925170068027 0.4791666666666667 0.08673469387755102 0.09765625
0 0.1989795918367347 0.4921875 0.07397959183673469 0.07291666666666667
0 0.02040816326530612 0.5182291666666666 0.09183673469387756 0.08854166666666667
