0 0.005263157894736842 0.17391304347826086 0.024210526315789474 0.033444816053511704
0 0.007368421052631579 0.19063545150501673 0.023157894736842106 0.028428093645484948
0 0.05578947368421053 0.19899665551839466 0.023157894736842106 0.021739130434782608
0 0.06 0.225752508361204 0.03263157894736842 0.033444816053511704
0 0.004210526315789474 0.23745819397993312 0.02631578947368421 0.04013377926421405
0 0.06421052631578947 0.26421404682274247 0.029473684210526315 0.03511705685618729
0 0.003157894736842105 0.32274247491638797 0.03368421052631579 0.04180602006688963
0 0.030526315789473683 0.391304347826087 0.06526315789473684 0.07525083612040134
0 0.7926315789473685 0.4682274247491639 0.1231578947368421 0.09197324414715718
0 0.1631578947368421 0.49665551839464883 0.10947368421052632 0.07357859531772576
0 0.4284210526315789 0.5518394648829431 0.15473684210526314 0.07859531772575251
0 0.6663157894736842 0.5535117056856187 0.14526315789473684 0.07859531772575251
