0 0.007368421052631579 0.19230769230769232 0.023157894736842106 0.026755852842809364
0 0.05578947368421053 0.19732441471571907 0.024210526315789474 0.023411371237458192
0 0.004210526315789474 0.23578595317725753 0.02736842105263158 0.038461538461538464
0 0.05894736842105263 0.23745819397993312 0.034736842105263156 0.04180602006688963
0 0.06315789473684211 0.26421404682274247 0.031578947368421054 0.03511705685618729
0 0.0010526315789473684 0.32274247491638797 0.034736842105263156 0.04013377926421405
0 0.02631578947368421 0.3879598662207358 0.06631578947368422 0.06688963210702341
0 0.7684210526315789 0.47324414715719065 0.13894736842105262 0.0903010033444816
0 0.15368421052631578 0.49498327759197325 0.10736842105263159 0.07190635451505016
0 0.41368421052631577 0.5501672240802675 0.15894736842105264 0.08193979933110368
0 0.6610526315789473 0.5551839464882943 0.1336842105263158 0.0802675585284281
