0 0.00631578947368421 0.19230769230769232 0.023157894736842106 0.026755852842809364
0 0.05578947368421053 0.19732441471571907 0.024210526315789474 0.023411371237458192
0 0.06 0.225752508361204 0.03263157894736842 0.033444816053511704
0 0.004210526315789474 0.23578595317725753 0.02631578947368421 0.03678929765886288
0 0.05894736842105263 0.2408026755852843 0.034736842105263156 0.04013377926421405
0 0.06421052631578947 0.26421404682274247 0.029473684210526315 0.033444816053511704
0 0.002105263157894737 0.3193979933110368 0.03368421052631579 0.04180602006688963
0 0.024210526315789474 0.3862876254180602 0.06421052631578947 0.06521739130434782
0 0.7526315789473684 0.4765886287625418 0.13473684210526315 0.08528428093645485
0 0.14421052631578948 0.4916387959866221 0.10631578947368421 0.07692307692307693
0 0.4063157894736842 0.5501672240802675 0.14947368421052631 0.0802675585284281
0 0.6452631578947369 0.5568561872909699 0.13894736842105262 0.07692307692307693
