0 0.00631578947368421 0.17892976588628762 0.023157894736842106 0.02508361204013378
0 0.00631578947368421 0.19063545150501673 0.022105263157894735 0.02508361204013378
0 0.05578947368421053 0.19732441471571907 0.024210526315789474 0.023411371237458192
0 0.009473684210526316 0.225752508361204 0.023157894736842106 0.03678929765886288
0 0.061052631578947365 0.225752508361204 0.031578947368421054 0.033444816053511704
0 0.061052631578947365 0.2408026755852843 0.03263157894736842 0.04180602006688963
0 0.06421052631578947 0.2625418060200669 0.028421052631578948 0.033444816053511704
0 0.002105263157894737 0.3177257525083612 0.03263157894736842 0.038461538461538464
0 0.022105263157894735 0.38294314381270905 0.06 0.06354515050167224
0 0.1336842105263158 0.48327759197324416 0.11157894736842106 0.07692307692307693
0 0.7421052631578947 0.47491638795986624 0.13789473684210526 0.08862876254180602
0 0.3873684210526316 0.5468227424749164 0.16 0.0802675585284281
0 0.6431578947368422 0.5535117056856187 0.12105263157894737 0.07692307692307693
