0 0.005263157894736842 0.17892976588628762 0.022105263157894735 0.02508361204013378
0 0.00631578947368421 0.19230769230769232 0.021052631578947368 0.023411371237458192
0 0.05578947368421053 0.19732441471571907 0.023157894736842106 0.023411371237458192
0 0.008421052631578947 0.22408026755852842 0.024210526315789474 0.038461538461538464
0 0.06 0.22408026755852842 0.03263157894736842 0.03511705685618729
0 0.061052631578947365 0.2408026755852843 0.03263157894736842 0.043478260869565216
0 0.06421052631578947 0.2625418060200669 0.028421052631578948 0.033444816053511704
0 0.002105263157894737 0.31605351170568563 0.03263157894736842 0.038461538461538464
0 0.016842105263157894 0.3745819397993311 0.06 0.07023411371237458
0 0.12842105263157894 0.479933110367893 0.1031578947368421 0.07357859531772576
0 0.72 0.48327759197324416 0.1463157894736842 0.0903010033444816
0 0.3821052631578947 0.5468227424749164 0.14526315789473684 0.07525083612040134
0 0.6231578947368421 0.5535117056856187 0.12947368421052632 0.07859531772575251
