0 0.7105263157894737 0.4866220735785953 0.14526315789473684 0.10702341137123746
0 0.005263157894736842 0.19230769230769232 0.021052631578947368 0.021739130434782608
0 0.05789473684210526 0.19732441471571907 0.021052631578947368 0.023411371237458192
0 0.007368421052631579 0.22408026755852842 0.02631578947368421 0.03678929765886288
0 0.06 0.22408026755852842 0.03263157894736842 0.03678929765886288
0 0.06210526315789474 0.2408026755852843 0.03263157894736842 0.04180602006688963
0 0.06631578947368422 0.2608695652173913 0.02631578947368421 0.03511705685618729
0 0.0010526315789473684 0.31270903010033446 0.03368421052631579 0.043478260869565216
0 0.015789473684210527 0.3712374581939799 0.05894736842105263 0.06521739130434782
0 0.9410526315789474 0.46153846153846156 0.05789473684210526 0.061872909698996656
0 0.12 0.4765886287625418 0.10210526315789474 0.07357859531772576
0 0.3663157894736842 0.5451505016722408 0.15473684210526314 0.07692307692307693
0 0.62 0.5535117056856187 0.11789473684210526 0.07859531772575251
