0 0.004210526315789474 0.17892976588628762 0.021052631578947368 0.02508361204013378
0 0.005263157894736842 0.19230769230769232 0.021052631578947368 0.023411371237458192
0 0.05473684210526316 0.1956521739130435 0.024210526315789474 0.02508361204013378
0 0.00631578947368421 0.22240802675585283 0.028421052631578948 0.04013377926421405
0 0.061052631578947365 0.22240802675585283 0.031578947368421054 0.03678929765886288
0 0.06315789473684211 0.2408026755852843 0.030526315789473683 0.043478260869565216
0 0.0010526315789473684 0.31270903010033446 0.034736842105263156 0.04013377926421405
0 0.01263157894736842 0.36454849498327757 0.056842105263157895 0.061872909698996656
0 0.9305263157894736 0.459866220735786 0.06631578947368422 0.06688963210702341
0 0.11473684210526315 0.47324414715719065 0.09894736842105263 0.07357859531772576
0 0.6947368421052632 0.4816053511705686 0.14736842105263157 0.09531772575250837
0 0.35157894736842105 0.5434782608695652 0.15473684210526314 0.07692307692307693
0 0.5926315789473684 0.5535117056856187 0.1368421052631579 0.07859531772575251
