0 0.6789473684210526 0.48494983277591974 0.12842105263157894 0.10869565217391304
0 0.002105263157894737 0.17725752508361203 0.022105263157894735 0.026755852842809364
0 0.049473684210526316 0.17892976588628762 0.024210526315789474 0.023411371237458192
0 0.00631578947368421 0.21906354515050167 0.028421052631578948 0.043478260869565216
0 0.06210526315789474 0.22073578595317725 0.031578947368421054 0.03511705685618729
0 0.06315789473684211 0.2408026755852843 0.030526315789473683 0.04013377926421405
0 0.0 0.2976588628762542 0.03684210526315789 0.043478260869565216
0 0.010526315789473684 0.35451505016722407 0.05052631578947368 0.06856187290969899
0 0.09473684210526316 0.4665551839464883 0.10421052631578948 0.0802675585284281
0 0.3273684210526316 0.5367892976588629 0.15578947368421053 0.06856187290969899
0 0.5694736842105264 0.5551839464882943 0.12842105263157894 0.07859531772575251
