0 0.6768421052631579 0.4866220735785953 0.12947368421052632 0.10702341137123746
0 0.003157894736842105 0.17725752508361203 0.022105263157894735 0.02508361204013378
0 0.00631578947368421 0.21906354515050167 0.028421052631578948 0.043478260869565216
0 0.06210526315789474 0.22240802675585283 0.030526315789473683 0.033444816053511704
0 0.06315789473684211 0.2408026755852843 0.030526315789473683 0.04013377926421405
0 0.0 0.2976588628762542 0.03684210526315789 0.043478260869565216
0 0.010526315789473684 0.35451505016722407 0.05052631578947368 0.06856187290969899
0 0.09578947368421052 0.4665551839464883 0.1031578947368421 0.0802675585284281
0 0.32842105263157895 0.540133779264214 0.15578947368421053 0.07190635451505016
0 0.5694736842105264 0.5535117056856187 0.12842105263157894 0.07859531772575251
