0 0.6589473684210526 0.47157190635451507 0.13578947368421052 0.11204013377926421
0 0.003157894736842105 0.17725752508361203 0.022105263157894735 0.026755852842809364
0 0.049473684210526316 0.17725752508361203 0.02526315789473684 0.023411371237458192
0 0.00631578947368421 0.21739130434782608 0.029473684210526315 0.043478260869565216
0 0.06210526315789474 0.22073578595317725 0.031578947368421054 0.03177257525083612
0 0.06315789473684211 0.2408026755852843 0.030526315789473683 0.04013377926421405
0 0.0010526315789473684 0.2959866220735786 0.035789473684210524 0.04180602006688963
0 0.010526315789473684 0.3528428093645485 0.04631578947368421 0.07023411371237458
0 0.09052631578947369 0.46488294314381273 0.10105263157894737 0.07525083612040134
0 0.3178947368421053 0.5351170568561873 0.15157894736842106 0.07190635451505016
0 0.5515789473684211 0.5535117056856187 0.13578947368421052 0.07525083612040134
