0 0.6589473684210526 0.4698996655518395 0.13578947368421052 0.11204013377926421
0 0.003157894736842105 0.17725752508361203 0.023157894736842106 0.026755852842809364
0 0.049473684210526316 0.17725752508361203 0.02526315789473684 0.023411371237458192
0 0.00631578947368421 0.21739130434782608 0.029473684210526315 0.043478260869565216
0 0.06210526315789474 0.22073578595317725 0.031578947368421054 0.03177257525083612
0 0.06315789473684211 0.2408026755852843 0.030526315789473683 0.04013377926421405
0 0.002105263157894737 0.2976588628762542 0.035789473684210524 0.04013377926421405
0 0.010526315789473684 0.3528428093645485 0.04631578947368421 0.07023411371237458
0 0.08947368421052632 0.46488294314381273 0.10210526315789474 0.07525083612040134
0 0.8978947368421053 0.4782608695652174 0.0863157894736842 0.06521739130434782
0 0.3157894736842105 0.5384615384615384 0.1568421052631579 0.07859531772575251
0 0.5515789473684211 0.5535117056856187 0.1368421052631579 0.07525083612040134
