0 0.003157894736842105 0.17391304347826086 0.023157894736842106 0.028428093645484948
0 0.04842105263157895 0.17558528428093645 0.02526315789473684 0.02508361204013378
0 0.008421052631578947 0.22073578595317725 0.02526315789473684 0.03678929765886288
0 0.06421052631578947 0.22240802675585283 0.029473684210526315 0.03177257525083612
0 0.06421052631578947 0.2408026755852843 0.030526315789473683 0.03678929765886288
0 0.0010526315789473684 0.2976588628762542 0.034736842105263156 0.038461538461538464
0 0.009473684210526316 0.3494983277591973 0.04421052631578947 0.07023411371237458
0 0.08421052631578947 0.45819397993311034 0.09473684210526316 0.07525083612040134
0 0.8852631578947369 0.4765886287625418 0.10105263157894737 0.06856187290969899
0 0.6378947368421053 0.48327759197324416 0.1368421052631579 0.09197324414715718
0 0.30736842105263157 0.5351170568561873 0.15157894736842106 0.07023411371237458
0 0.5484210526315789 0.5535117056856187 0.12526315789473685 0.07357859531772576
