0 0.6273684210526316 0.4816053511705686 0.13157894736842105 0.1020066889632107
0 0.002105263157894737 0.17391304347826086 0.022105263157894735 0.026755852842809364
0 0.04842105263157895 0.17558528428093645 0.02526315789473684 0.02508361204013378
0 0.008421052631578947 0.22073578595317725 0.02631578947368421 0.03511705685618729
0 0.06210526315789474 0.22073578595317725 0.030526315789473683 0.03177257525083612
0 0.06315789473684211 0.2408026755852843 0.030526315789473683 0.03678929765886288
0 0.002105263157894737 0.2959866220735786 0.03368421052631579 0.03678929765886288
0 0.009473684210526316 0.34615384615384615 0.042105263157894736 0.07023411371237458
0 0.08105263157894736 0.45819397993311034 0.09052631578947369 0.07023411371237458
0 0.88 0.4765886287625418 0.09894736842105263 0.07357859531772576
0 0.2926315789473684 0.5351170568561873 0.15263157894736842 0.07023411371237458
0 0.5305263157894737 0.5551839464882943 0.12842105263157894 0.07190635451505016
