0 0.04736842105263158 0.17558528428093645 0.02736842105263158 0.026755852842809364
0 0.008421052631578947 0.21739130434782608 0.035789473684210524 0.03511705685618729
0 0.06315789473684211 0.2391304347826087 0.031578947368421054 0.03678929765886288
0 0.003157894736842105 0.2909698996655518 0.03263157894736842 0.04180602006688963
0 0.004210526315789474 0.3311036789297659 0.04421052631578947 0.06521739130434782
0 0.06736842105263158 0.451505016722408 0.0863157894736842 0.06856187290969899
0 0.5926315789473684 0.4866220735785953 0.13052631578947368 0.0903010033444816
0 0.8315789473684211 0.4916387959866221 0.12631578947368421 0.07357859531772576
0 0.2694736842105263 0.5301003344481605 0.15368421052631578 0.07525083612040134
0 0.5273684210526316 0.5535117056856187 0.1031578947368421 0.06856187290969899
