0 0.04736842105263158 0.17558528428093645 0.02526315789473684 0.026755852842809364
0 0.008421052631578947 0.2157190635451505 0.034736842105263156 0.03678929765886288
0 0.06315789473684211 0.21906354515050167 0.028421052631578948 0.03511705685618729
0 0.06210526315789474 0.2391304347826087 0.031578947368421054 0.03678929765886288
0 0.004210526315789474 0.28929765886287623 0.030526315789473683 0.043478260869565216
0 0.06210526315789474 0.44816053511705684 0.08526315789473685 0.06856187290969899
0 0.5715789473684211 0.4882943143812709 0.13789473684210526 0.08862876254180602
0 0.8168421052631579 0.4983277591973244 0.1336842105263158 0.06856187290969899
0 0.26 0.5234113712374582 0.14736842105263157 0.07525083612040134
0 0.4978947368421053 0.5535117056856187 0.11894736842105263 0.07023411371237458
