0 0.04631578947368421 0.17558528428093645 0.02631578947368421 0.026755852842809364
0 0.008421052631578947 0.2157190635451505 0.034736842105263156 0.03678929765886288
0 0.06315789473684211 0.21906354515050167 0.028421052631578948 0.03511705685618729
0 0.06315789473684211 0.2391304347826087 0.031578947368421054 0.03678929765886288
0 0.004210526315789474 0.28929765886287623 0.030526315789473683 0.043478260869565216
0 0.003157894736842105 0.33612040133779264 0.03368421052631579 0.05351170568561873
0 0.06210526315789474 0.44816053511705684 0.08526315789473685 0.06856187290969899
0 0.5726315789473684 0.4882943143812709 0.1368421052631579 0.0903010033444816
0 0.8168421052631579 0.4983277591973244 0.13473684210526315 0.06856187290969899
0 0.25894736842105265 0.5250836120401338 0.14842105263157895 0.07525083612040134
0 0.4978947368421053 0.5535117056856187 0.12 0.07023411371237458
