0 0.04631578947368421 0.17558528428093645 0.02526315789473684 0.02508361204013378
0 0.008421052631578947 0.2140468227424749 0.035789473684210524 0.038461538461538464
0 0.06315789473684211 0.2391304347826087 0.031578947368421054 0.03511705685618729
0 0.004210526315789474 0.28595317725752506 0.030526315789473683 0.0451505016722408
0 0.003157894736842105 0.33444816053511706 0.034736842105263156 0.05351170568561873
0 0.05368421052631579 0.4414715719063545 0.08736842105263158 0.07357859531772576
0 0.5515789473684211 0.4899665551839465 0.1336842105263158 0.08361204013377926
0 0.8084210526315789 0.4983277591973244 0.12421052631578948 0.07190635451505016
0 0.2431578947368421 0.5217391304347826 0.15368421052631578 0.0802675585284281
0 0.4789473684210526 0.5501672240802675 0.12526315789473685 0.06856187290969899
