0 0.04421052631578947 0.17558528428093645 0.02631578947368421 0.026755852842809364
0 0.05368421052631579 0.19732441471571907 0.02736842105263158 0.026755852842809364
0 0.008421052631578947 0.21070234113712374 0.035789473684210524 0.038461538461538464
0 0.06315789473684211 0.22073578595317725 0.029473684210526315 0.03511705685618729
0 0.06421052631578947 0.2391304347826087 0.028421052631578948 0.033444816053511704
0 0.003157894736842105 0.2826086956521739 0.03263157894736842 0.046822742474916385
0 0.004210526315789474 0.3294314381270903 0.03263157894736842 0.05518394648829431
0 0.04631578947368421 0.43478260869565216 0.08105263157894736 0.07023411371237458
0 0.5273684210526316 0.4866220735785953 0.13052631578947368 0.09364548494983277
0 0.7768421052631579 0.5016722408026756 0.13263157894736843 0.07692307692307693
0 0.23157894736842105 0.5167224080267558 0.14105263157894737 0.07859531772575251
0 0.45263157894736844 0.5518394648829431 0.12210526315789473 0.06688963210702341
