0 0.05052631578947368 0.1939799331103679 0.02631578947368421 0.028428093645484948
0 0.009473684210526316 0.21070234113712374 0.03368421052631579 0.038461538461538464
0 0.06210526315789474 0.22073578595317725 0.031578947368421054 0.03678929765886288
0 0.06421052631578947 0.23745819397993312 0.029473684210526315 0.03678929765886288
0 0.002105263157894737 0.28929765886287623 0.03684210526315789 0.08862876254180602
0 0.0431578947368421 0.4331103678929766 0.07894736842105263 0.06688963210702341
0 0.5263157894736842 0.4882943143812709 0.11263157894736842 0.0903010033444816
0 0.76 0.5016722408026756 0.13789473684210526 0.07692307692307693
0 0.2168421052631579 0.5183946488294314 0.14526315789473684 0.07692307692307693
0 0.4536842105263158 0.5518394648829431 0.10526315789473684 0.06354515050167224
