0 0.05157894736842105 0.1956521739130435 0.02736842105263158 0.026755852842809364
0 0.009473684210526316 0.21237458193979933 0.034736842105263156 0.03678929765886288
0 0.06210526315789474 0.22073578595317725 0.030526315789473683 0.03678929765886288
0 0.06315789473684211 0.23745819397993312 0.028421052631578948 0.03511705685618729
0 0.002105263157894737 0.29264214046822745 0.03684210526315789 0.08361204013377926
0 0.04105263157894737 0.42642140468227424 0.07578947368421053 0.07023411371237458
0 0.4957894736842105 0.4882943143812709 0.12736842105263158 0.08528428093645485
0 0.7452631578947368 0.5050167224080268 0.1368421052631579 0.07692307692307693
0 0.2063157894736842 0.5167224080267558 0.14526315789473684 0.07525083612040134
0 0.4284210526315789 0.5501672240802675 0.1168421052631579 0.06521739130434782
