0 0.028421052631578948 0.16722408026755853 0.028421052631578948 0.028428093645484948
0 0.015789473684210527 0.20234113712374582 0.029473684210526315 0.03177257525083612
0 0.06315789473684211 0.21906354515050167 0.029473684210526315 0.038461538461538464
0 0.004210526315789474 0.26755852842809363 0.03263157894736842 0.038461538461538464
0 0.002105263157894737 0.30434782608695654 0.030526315789473683 0.05518394648829431
0 0.022105263157894735 0.40468227424749165 0.06526315789473684 0.06688963210702341
0 0.4305263157894737 0.47157190635451507 0.10105263157894737 0.07692307692307693
0 0.15052631578947367 0.49665551839464883 0.12947368421052632 0.07190635451505016
0 0.3473684210526316 0.5334448160535117 0.12210526315789473 0.07023411371237458
0 0.6442105263157895 0.520066889632107 0.13473684210526315 0.06856187290969899
