0 0.02736842105263158 0.16722408026755853 0.028421052631578948 0.026755852842809364
0 0.01368421052631579 0.20066889632107024 0.030526315789473683 0.033444816053511704
0 0.06315789473684211 0.21906354515050167 0.029473684210526315 0.03511705685618729
0 0.005263157894736842 0.26421404682274247 0.030526315789473683 0.03678929765886288
0 0.002105263157894737 0.3060200668896321 0.028421052631578948 0.051839464882943144
0 0.02 0.3996655518394649 0.06315789473684211 0.06688963210702341
0 0.4010526315789474 0.4698996655518395 0.11789473684210526 0.07859531772575251
0 0.13789473684210526 0.49331103678929766 0.13157894736842105 0.07190635451505016
0 0.3294736842105263 0.5317725752508361 0.12631578947368421 0.06856187290969899
0 0.6210526315789474 0.5167224080267558 0.14421052631578948 0.07023411371237458
