0 0.02631578947368421 0.16555183946488294 0.030526315789473683 0.030100334448160536
0 0.014736842105263158 0.2040133779264214 0.028421052631578948 0.030100334448160536
0 0.06210526315789474 0.21906354515050167 0.030526315789473683 0.03511705685618729
0 0.00631578947368421 0.26421404682274247 0.029473684210526315 0.038461538461538464
0 0.0010526315789473684 0.28762541806020064 0.03263157894736842 0.05351170568561873
0 0.015789473684210527 0.39464882943143814 0.06210526315789474 0.06521739130434782
0 0.12736842105263158 0.4816053511705686 0.13157894736842105 0.07692307692307693
0 0.3757894736842105 0.4682274247491639 0.1336842105263158 0.08193979933110368
0 0.32105263157894737 0.5267558528428093 0.1231578947368421 0.07023411371237458
0 0.6010526315789474 0.5150501672240803 0.13894736842105262 0.07190635451505016
