0 0.024210526315789474 0.1688963210702341 0.028421052631578948 0.028428093645484948
0 0.015789473684210527 0.1956521739130435 0.028421052631578948 0.03511705685618729
0 0.056842105263157895 0.1956521739130435 0.02631578947368421 0.030100334448160536
0 0.06210526315789474 0.2157190635451505 0.028421052631578948 0.03511705685618729
0 0.004210526315789474 0.2809364548494983 0.029473684210526315 0.05518394648829431
0 0.014736842105263158 0.3862876254180602 0.05789473684210526 0.06020066889632107
0 0.10736842105263159 0.47324414715719065 0.11789473684210526 0.0802675585284281
0 0.3473684210526316 0.46488294314381273 0.11263157894736842 0.07525083612040134
0 0.28421052631578947 0.5234113712374582 0.12210526315789473 0.07023411371237458
0 0.5547368421052632 0.5133779264214047 0.1231578947368421 0.07692307692307693
