0 0.016842105263157894 0.1956521739130435 0.028421052631578948 0.033444816053511704
0 0.06315789473684211 0.2157190635451505 0.02736842105263158 0.03177257525083612
0 0.007368421052631579 0.2491638795986622 0.028421052631578948 0.03511705685618729
0 0.004210526315789474 0.2625418060200669 0.030526315789473683 0.0451505016722408
0 0.004210526315789474 0.2842809364548495 0.029473684210526315 0.05016722408026756
0 0.01368421052631579 0.3745819397993311 0.05052631578947368 0.06521739130434782
0 0.32526315789473687 0.4531772575250836 0.10736842105263159 0.07525083612040134
0 0.09894736842105263 0.4682274247491639 0.10421052631578948 0.0802675585284281
0 0.52 0.5066889632107023 0.13052631578947368 0.07525083612040134
0 0.26 0.5183946488294314 0.11894736842105263 0.07357859531772576
