0 0.016842105263157894 0.1939799331103679 0.028421052631578948 0.033444816053511704
0 0.06315789473684211 0.21739130434782608 0.02736842105263158 0.030100334448160536
0 0.008421052631578947 0.2491638795986622 0.02736842105263158 0.03511705685618729
0 0.004210526315789474 0.26755852842809363 0.031578947368421054 0.04013377926421405
0 0.004210526315789474 0.2826086956521739 0.028421052631578948 0.046822742474916385
0 0.01368421052631579 0.3695652173913043 0.04842105263157895 0.06688963210702341
0 0.3031578947368421 0.4531772575250836 0.1168421052631579 0.07023411371237458
0 0.08736842105263158 0.46488294314381273 0.11368421052631579 0.07859531772575251
0 0.49894736842105264 0.5050167224080268 0.13263157894736843 0.07692307692307693
0 0.25473684210526315 0.5183946488294314 0.11157894736842106 0.06856187290969899
