0 0.015789473684210527 0.1939799331103679 0.029473684210526315 0.033444816053511704
0 0.06421052631578947 0.21739130434782608 0.02526315789473684 0.030100334448160536
0 0.011578947368421053 0.24749163879598662 0.030526315789473683 0.028428093645484948
0 0.003157894736842105 0.26755852842809363 0.030526315789473683 0.04013377926421405
0 0.005263157894736842 0.2842809364548495 0.02736842105263158 0.04180602006688963
0 0.011578947368421053 0.36789297658862874 0.04842105263157895 0.06688963210702341
0 0.08 0.459866220735786 0.10631578947368421 0.07023411371237458
0 0.2863157894736842 0.4531772575250836 0.1168421052631579 0.07357859531772576
0 0.4957894736842105 0.5050167224080268 0.11578947368421053 0.07357859531772576
0 0.23578947368421052 0.5183946488294314 0.11894736842105263 0.07357859531772576
