0 0.015789473684210527 0.1939799331103679 0.029473684210526315 0.03177257525083612
0 0.05789473684210526 0.19899665551839466 0.02526315789473684 0.026755852842809364
0 0.06421052631578947 0.2140468227424749 0.02526315789473684 0.03177257525083612
0 0.014736842105263158 0.24581939799331104 0.02736842105263158 0.028428093645484948
0 0.003157894736842105 0.2692307692307692 0.030526315789473683 0.038461538461538464
0 0.01263157894736842 0.3612040133779264 0.0431578947368421 0.06521739130434782
0 0.07789473684210527 0.45819397993311034 0.09894736842105263 0.07023411371237458
0 0.28210526315789475 0.4498327759197324 0.11368421052631579 0.07190635451505016
0 0.22526315789473683 0.5033444816053512 0.12631578947368421 0.07525083612040134
0 0.4705263157894737 0.5016722408026756 0.12421052631578948 0.06856187290969899
