0 0.015789473684210527 0.1939799331103679 0.028421052631578948 0.030100334448160536
0 0.05894736842105263 0.19732441471571907 0.02526315789473684 0.028428093645484948
0 0.06421052631578947 0.2157190635451505 0.02526315789473684 0.030100334448160536
0 0.01263157894736842 0.24414715719063546 0.030526315789473683 0.030100334448160536
0 0.004210526315789474 0.26755852842809363 0.031578947368421054 0.04013377926421405
0 0.011578947368421053 0.35785953177257523 0.0431578947368421 0.06688963210702341
0 0.07052631578947369 0.4531772575250836 0.1 0.06856187290969899
0 0.27578947368421053 0.4498327759197324 0.10421052631578948 0.06856187290969899
0 0.22210526315789475 0.5083612040133779 0.11368421052631579 0.06688963210702341
0 0.45052631578947366 0.5 0.12842105263157894 0.06856187290969899
