0 0.014736842105263158 0.19063545150501673 0.028421052631578948 0.03177257525083612
0 0.056842105263157895 0.19732441471571907 0.02631578947368421 0.030100334448160536
0 0.06421052631578947 0.2140468227424749 0.024210526315789474 0.03177257525083612
0 0.011578947368421053 0.2408026755852843 0.031578947368421054 0.03177257525083612
0 0.004210526315789474 0.26421404682274247 0.030526315789473683 0.038461538461538464
0 0.011578947368421053 0.35451505016722407 0.03684210526315789 0.05518394648829431
0 0.056842105263157895 0.44816053511705684 0.0968421052631579 0.07023411371237458
0 0.24947368421052632 0.4431438127090301 0.10736842105263159 0.07357859531772576
0 0.19789473684210526 0.5033444816053512 0.11263157894736842 0.06688963210702341
0 0.4231578947368421 0.5 0.12210526315789473 0.06688963210702341
