0 0.017894736842105262 0.15217391304347827 0.04 0.026755852842809364
0 0.01368421052631579 0.19230769230769232 0.028421052631578948 0.030100334448160536
0 0.05578947368421053 0.19899665551839466 0.028421052631578948 0.030100334448160536
0 0.01263157894736842 0.24414715719063546 0.031578947368421054 0.030100334448160536
0 0.00631578947368421 0.2625418060200669 0.02736842105263158 0.033444816053511704
0 0.00631578947368421 0.34615384615384615 0.042105263157894736 0.05852842809364549
0 0.04105263157894737 0.43478260869565216 0.08842105263157894 0.06688963210702341
0 0.2168421052631579 0.4230769230769231 0.10631578947368421 0.07859531772575251
0 0.17473684210526316 0.4983277591973244 0.10421052631578948 0.06856187290969899
0 0.38 0.49498327759197325 0.12105263157894737 0.06856187290969899
