0 0.016842105263157894 0.1505016722408027 0.035789473684210524 0.023411371237458192
0 0.005263157894736842 0.17892976588628762 0.021052631578947368 0.023411371237458192
0 0.04105263157894737 0.17224080267558528 0.030526315789473683 0.028428093645484948
0 0.05368421052631579 0.19899665551839466 0.028421052631578948 0.030100334448160536
0 0.015789473684210527 0.225752508361204 0.029473684210526315 0.03177257525083612
0 0.011578947368421053 0.2391304347826087 0.031578947368421054 0.03678929765886288
0 0.005263157894736842 0.32608695652173914 0.031578947368421054 0.05518394648829431
0 0.018947368421052633 0.40635451505016723 0.06842105263157895 0.06521739130434782
0 0.15789473684210525 0.40635451505016723 0.09368421052631579 0.07023411371237458
0 0.1031578947368421 0.4765886287625418 0.11368421052631579 0.06856187290969899
0 0.3 0.47491638795986624 0.1031578947368421 0.05852842809364549
