0 0.014736842105263158 0.1505016722408027 0.03894736842105263 0.023411371237458192
0 0.002105263157894737 0.17725752508361203 0.022105263157894735 0.02508361204013378
0 0.04 0.17224080267558528 0.031578947368421054 0.028428093645484948
0 0.015789473684210527 0.225752508361204 0.030526315789473683 0.03177257525083612
0 0.01263157894736842 0.23745819397993312 0.030526315789473683 0.03678929765886288
0 0.00631578947368421 0.3210702341137124 0.028421052631578948 0.046822742474916385
0 0.022105263157894735 0.40468227424749165 0.061052631578947365 0.06688963210702341
0 0.15157894736842106 0.4013377926421405 0.09052631578947369 0.07357859531772576
0 0.0968421052631579 0.47491638795986624 0.1 0.07190635451505016
0 0.2831578947368421 0.47324414715719065 0.10736842105263159 0.05852842809364549
