0 0.015789473684210527 0.1505016722408027 0.03894736842105263 0.023411371237458192
0 0.003157894736842105 0.17725752508361203 0.023157894736842106 0.026755852842809364
0 0.03894736842105263 0.17224080267558528 0.030526315789473683 0.026755852842809364
0 0.05368421052631579 0.19732441471571907 0.029473684210526315 0.030100334448160536
0 0.014736842105263158 0.225752508361204 0.031578947368421054 0.033444816053511704
0 0.011578947368421053 0.23578595317725753 0.030526315789473683 0.04013377926421405
0 0.005263157894736842 0.3177257525083612 0.03368421052631579 0.048494983277591976
0 0.022105263157894735 0.40301003344481606 0.05789473684210526 0.06521739130434782
0 0.14421052631578948 0.4013377926421405 0.08947368421052632 0.06688963210702341
0 0.2789473684210526 0.4682274247491639 0.09473684210526316 0.056856187290969896
0 0.08736842105263158 0.47491638795986624 0.10631578947368421 0.06688963210702341
