0 0.01368421052631579 0.1505016722408027 0.0431578947368421 0.023411371237458192
0 0.004210526315789474 0.17558528428093645 0.028421052631578948 0.03177257525083612
0 0.015789473684210527 0.1705685618729097 0.03894736842105263 0.03177257525083612
0 0.04736842105263158 0.1956521739130435 0.034736842105263156 0.030100334448160536
0 0.01368421052631579 0.23411371237458195 0.028421052631578948 0.04013377926421405
0 0.004210526315789474 0.3110367892976589 0.03368421052631579 0.048494983277591976
0 0.010526315789473684 0.38461538461538464 0.05578947368421053 0.06521739130434782
0 0.13052631578947368 0.3879598662207358 0.07578947368421053 0.06521739130434782
0 0.06631578947368422 0.459866220735786 0.10210526315789474 0.06856187290969899
0 0.24 0.45652173913043476 0.10105263157894737 0.06020066889632107
