0 0.015789473684210527 0.1505016722408027 0.042105263157894736 0.023411371237458192
0 0.005263157894736842 0.17558528428093645 0.02631578947368421 0.030100334448160536
0 0.018947368421052633 0.17224080267558528 0.035789473684210524 0.030100334448160536
0 0.049473684210526316 0.19732441471571907 0.03263157894736842 0.028428093645484948
0 0.018947368421052633 0.22240802675585283 0.029473684210526315 0.03177257525083612
0 0.015789473684210527 0.23244147157190637 0.02631578947368421 0.04180602006688963
0 0.004210526315789474 0.3110367892976589 0.03368421052631579 0.05016722408026756
0 0.011578947368421053 0.38127090301003347 0.05052631578947368 0.06688963210702341
0 0.12 0.38461538461538464 0.08105263157894736 0.06521739130434782
0 0.06 0.459866220735786 0.09789473684210526 0.06688963210702341
0 0.23157894736842105 0.451505016722408 0.09789473684210526 0.06354515050167224
