0 0.015789473684210527 0.1505016722408027 0.04 0.023411371237458192
0 0.005263157894736842 0.17558528428093645 0.024210526315789474 0.028428093645484948
0 0.02 0.1705685618729097 0.03263157894736842 0.03177257525083612
0 0.05473684210526316 0.19732441471571907 0.029473684210526315 0.028428093645484948
0 0.016842105263157894 0.22073578595317725 0.030526315789473683 0.03511705685618729
0 0.014736842105263158 0.23244147157190637 0.028421052631578948 0.04180602006688963
0 0.003157894736842105 0.3093645484949833 0.03263157894736842 0.048494983277591976
0 0.010526315789473684 0.3745819397993311 0.04736842105263158 0.07023411371237458
0 0.1168421052631579 0.38461538461538464 0.07789473684210527 0.06354515050167224
0 0.05368421052631579 0.45652173913043476 0.0968421052631579 0.06688963210702341
0 0.22210526315789475 0.4498327759197324 0.09473684210526316 0.06020066889632107
