0 0.016842105263157894 0.1505016722408027 0.03894736842105263 0.023411371237458192
0 0.005263157894736842 0.17558528428093645 0.02526315789473684 0.030100334448160536
0 0.017894736842105262 0.17224080267558528 0.03368421052631579 0.030100334448160536
0 0.05578947368421053 0.1956521739130435 0.028421052631578948 0.028428093645484948
0 0.018947368421052633 0.22073578595317725 0.029473684210526315 0.033444816053511704
0 0.016842105263157894 0.23411371237458195 0.02736842105263158 0.04013377926421405
0 0.004210526315789474 0.3076923076923077 0.031578947368421054 0.048494983277591976
0 0.009473684210526316 0.3695652173913043 0.04736842105263158 0.07023411371237458
0 0.11368421052631579 0.38127090301003347 0.07473684210526316 0.06354515050167224
0 0.04736842105263158 0.45484949832775917 0.09368421052631579 0.061872909698996656
0 0.21368421052631578 0.44816053511705684 0.09052631578947369 0.056856187290969896
