0 0.0 0.8127090301003345 0.3021052631578947 0.18394648829431437
0 0.4957894736842105 0.754180602006689 0.19894736842105262 0.12207357859531773
0 0.9210526315789473 0.7491638795986622 0.07578947368421053 0.14046822742474915
0 0.004210526315789474 0.15719063545150502 0.021052631578947368 0.020066889632107024
0 0.017894736842105262 0.15217391304347827 0.03368421052631579 0.023411371237458192
0 0.061052631578947365 0.22240802675585283 0.031578947368421054 0.03177257525083612
0 0.035789473684210524 0.32441471571906355 0.04631578947368421 0.06688963210702341
0 0.009473684210526316 0.4013377926421405 0.07473684210526316 0.07190635451505016
0 0.8905263157894737 0.5083612040133779 0.11263157894736842 0.11036789297658862
0 0.8 0.8929765886287625 0.11157894736842106 0.08862876254180602
