0 0.20842105263157895 0.754180602006689 0.20210526315789473 0.11036789297658862
0 0.68 0.7525083612040134 0.22421052631578947 0.13377926421404682
0 0.005263157894736842 0.15719063545150502 0.02 0.020066889632107024
0 0.017894736842105262 0.15384615384615385 0.030526315789473683 0.021739130434782608
0 0.004210526315789474 0.16722408026755853 0.018947368421052633 0.021739130434782608
0 0.05894736842105263 0.20066889632107024 0.02736842105263158 0.02508361204013378
0 0.05894736842105263 0.2809364548494983 0.034736842105263156 0.0451505016722408
0 0.9157894736842105 0.2826086956521739 0.04631578947368421 0.04180602006688963
0 0.05578947368421053 0.3494983277591973 0.045263157894736845 0.06354515050167224
0 0.8905263157894737 0.5083612040133779 0.11263157894736842 0.11204013377926421
