0 0.20842105263157895 0.7525083612040134 0.20210526315789473 0.11204013377926421
0 0.68 0.7525083612040134 0.22421052631578947 0.13377926421404682
0 0.005263157894736842 0.15719063545150502 0.02 0.020066889632107024
0 0.017894736842105262 0.15384615384615385 0.031578947368421054 0.021739130434782608
0 0.004210526315789474 0.16722408026755853 0.018947368421052633 0.021739130434782608
0 0.05894736842105263 0.20066889632107024 0.02631578947368421 0.02508361204013378
0 0.056842105263157895 0.2826086956521739 0.030526315789473683 0.04180602006688963
0 0.9157894736842105 0.2826086956521739 0.04631578947368421 0.04180602006688963
0 0.05578947368421053 0.3494983277591973 0.04631578947368421 0.061872909698996656
0 0.0010526315789473684 0.4498327759197324 0.06315789473684211 0.08193979933110368
0 0.8905263157894737 0.5083612040133779 0.11263157894736842 0.11204013377926421
0 0.5284210526315789 0.9230769230769231 0.10526315789473684 0.07357859531772576
