0 0.0 0.754180602006689 0.14105263157894737 0.11872909698996656
0 0.4652631578947368 0.7374581939799331 0.19789473684210526 0.12876254180602006
0 0.04842105263157895 0.18227424749163879 0.02526315789473684 0.020066889632107024
0 0.049473684210526316 0.19063545150501673 0.02526315789473684 0.023411371237458192
0 0.06526315789473684 0.2508361204013378 0.02736842105263158 0.028428093645484948
0 0.07052631578947369 0.31270903010033446 0.03368421052631579 0.043478260869565216
0 0.9715789473684211 0.3076923076923077 0.02736842105263158 0.05016722408026756
0 0.04631578947368421 0.39464882943143814 0.06315789473684211 0.06856187290969899
0 0.891578947368421 0.5083612040133779 0.11052631578947368 0.11204013377926421
0 0.2294736842105263 0.9214046822742475 0.1168421052631579 0.07525083612040134
