0 0.43894736842105264 0.7307692307692307 0.2063157894736842 0.1254180602006689
0 0.03894736842105263 0.14715719063545152 0.03684210526315789 0.023411371237458192
0 0.002105263157894737 0.16722408026755853 0.018947368421052633 0.021739130434782608
0 0.04736842105263158 0.1806020066889632 0.02526315789473684 0.021739130434782608
0 0.04842105263157895 0.18896321070234115 0.02526315789473684 0.02508361204013378
0 0.06210526315789474 0.2491638795986622 0.031578947368421054 0.028428093645484948
0 0.06947368421052631 0.3093645484949833 0.035789473684210524 0.046822742474916385
0 0.9726315789473684 0.3110367892976589 0.02631578947368421 0.048494983277591976
0 0.04736842105263158 0.39297658862876256 0.06210526315789474 0.056856187290969896
0 0.9442105263157895 0.4197324414715719 0.05578947368421053 0.09197324414715718
0 0.891578947368421 0.5083612040133779 0.11157894736842106 0.11204013377926421
0 -0.004210526315789474 0.7575250836120402 0.1231578947368421 0.10869565217391304
0 0.19894736842105262 0.9214046822742475 0.11789473684210526 0.07692307692307693
