0 0.42526315789473684 0.7391304347826086 0.18947368421052632 0.13210702341137123
0 0.005263157894736842 0.15551839464882944 0.021052631578947368 0.021739130434782608
0 0.04631578947368421 0.1806020066889632 0.02526315789473684 0.021739130434782608
0 0.04736842105263158 0.18896321070234115 0.02526315789473684 0.02508361204013378
0 0.06210526315789474 0.24749163879598662 0.031578947368421054 0.026755852842809364
0 0.06947368421052631 0.3076923076923077 0.035789473684210524 0.046822742474916385
0 0.05052631578947368 0.3879598662207358 0.05789473684210526 0.05852842809364549
0 0.9410526315789474 0.4230769230769231 0.06 0.0903010033444816
0 0.8926315789473684 0.5100334448160535 0.11157894736842106 0.11204013377926421
0 0.002105263157894737 0.7558528428093646 0.09052631578947369 0.11204013377926421
