0 0.39473684210526316 0.7341137123745819 0.2 0.12040133779264214
0 0.04421052631578947 0.17892976588628762 0.02736842105263158 0.02508361204013378
0 0.04736842105263158 0.18896321070234115 0.024210526315789474 0.02508361204013378
0 0.06315789473684211 0.24414715719063546 0.030526315789473683 0.028428093645484948
0 0.06947368421052631 0.2976588628762542 0.03263157894736842 0.03511705685618729
0 0.06947368421052631 0.3110367892976589 0.035789473684210524 0.04013377926421405
0 0.98 0.31270903010033446 0.017894736842105262 0.05016722408026756
0 0.05368421052631579 0.38127090301003347 0.05473684210526316 0.06020066889632107
0 0.9368421052631579 0.4230769230769231 0.06421052631578947 0.0903010033444816
0 0.891578947368421 0.5083612040133779 0.11263157894736842 0.11371237458193979
0 -0.002105263157894737 0.7558528428093646 0.07052631578947369 0.11204013377926421
