0 0.3778947368421053 0.7307692307692307 0.1957894736842105 0.12207357859531773
0 0.07578947368421053 0.13043478260869565 0.030526315789473683 0.020066889632107024
0 0.005263157894736842 0.15719063545150502 0.021052631578947368 0.020066889632107024
0 0.04421052631578947 0.1806020066889632 0.02736842105263158 0.023411371237458192
0 0.04631578947368421 0.19063545150501673 0.02526315789473684 0.023411371237458192
0 0.06631578947368422 0.24414715719063546 0.02736842105263158 0.026755852842809364
0 0.06947368421052631 0.2959866220735786 0.034736842105263156 0.038461538461538464
0 0.0 0.3110367892976589 0.014736842105263158 0.05016722408026756
0 0.9852631578947368 0.31438127090301005 0.01368421052631579 0.048494983277591976
0 0.05789473684210526 0.3762541806020067 0.04842105263157895 0.061872909698996656
0 0.9347368421052632 0.42474916387959866 0.06631578947368422 0.08695652173913043
0 0.8926315789473684 0.5066889632107023 0.11157894736842106 0.11538461538461539
0 -0.0010526315789473684 0.7625418060200669 0.04631578947368421 0.09866220735785954
0 0.10842105263157895 0.9214046822742475 0.11052631578947368 0.07692307692307693
