0 0.35789473684210527 0.7324414715719063 0.19789473684210526 0.11872909698996656
0 0.0431578947368421 0.17725752508361203 0.02736842105263158 0.02508361204013378
0 0.06421052631578947 0.2408026755852843 0.028421052631578948 0.028428093645484948
0 0.06947368421052631 0.2959866220735786 0.037894736842105266 0.04013377926421405
0 0.9010526315789473 0.29264214046822745 0.03684210526315789 0.0451505016722408
0 0.0 0.3076923076923077 0.01368421052631579 0.048494983277591976
0 0.061052631578947365 0.3729096989966555 0.04631578947368421 0.06020066889632107
0 0.9315789473684211 0.42642140468227424 0.06842105263157895 0.08528428093645485
0 0.891578947368421 0.5100334448160535 0.11052631578947368 0.11204013377926421
0 0.0 0.7591973244147158 0.02736842105263158 0.1020066889632107
0 0.08210526315789474 0.9163879598662207 0.11157894736842106 0.08361204013377926
