0 0.33157894736842103 0.7341137123745819 0.2 0.12040133779264214
0 0.042105263157894736 0.17892976588628762 0.02631578947368421 0.023411371237458192
0 0.06315789473684211 0.2391304347826087 0.02736842105263158 0.028428093645484948
0 0.07052631578947369 0.29431438127090304 0.035789473684210524 0.038461538461538464
0 0.9073684210526316 0.2976588628762542 0.03894736842105263 0.046822742474916385
0 0.0 0.30434782608695654 0.014736842105263158 0.05016722408026756
0 0.061052631578947365 0.36622073578595316 0.04736842105263158 0.05852842809364549
0 0.9305263157894736 0.43478260869565216 0.06947368421052631 0.08528428093645485
0 0.8926315789473684 0.5133779264214047 0.10947368421052632 0.10869565217391304
0 0.05578947368421053 0.9096989966555183 0.11578947368421053 0.09197324414715718
