0 0.3136842105263158 0.7307692307692307 0.1957894736842105 0.12040133779264214
0 0.04105263157894737 0.17892976588628762 0.02526315789473684 0.023411371237458192
0 0.06421052631578947 0.2391304347826087 0.02526315789473684 0.026755852842809364
0 0.0 0.2959866220735786 0.015789473684210527 0.04180602006688963
0 0.07052631578947369 0.29264214046822745 0.034736842105263156 0.038461538461538464
0 0.9063157894736842 0.29431438127090304 0.0431578947368421 0.048494983277591976
0 0.06421052631578947 0.36454849498327757 0.042105263157894736 0.051839464882943144
0 0.9210526315789473 0.43645484949832775 0.07894736842105263 0.08695652173913043
0 0.891578947368421 0.5100334448160535 0.11052631578947368 0.11204013377926421
0 0.029473684210526315 0.9147157190635451 0.1168421052631579 0.08528428093645485
