0 0.2873684210526316 0.7324414715719063 0.19894736842105262 0.12040133779264214
0 0.02736842105263158 0.17558528428093645 0.029473684210526315 0.02508361204013378
0 0.04 0.17892976588628762 0.02526315789473684 0.020066889632107024
0 0.06421052631578947 0.23578595317725753 0.02526315789473684 0.030100334448160536
0 0.0 0.29431438127090304 0.017894736842105262 0.0451505016722408
0 0.07157894736842105 0.2909698996655518 0.03368421052631579 0.04013377926421405
0 0.9021052631578947 0.29264214046822745 0.05368421052631579 0.056856187290969896
0 0.06526315789473684 0.362876254180602 0.04105263157894737 0.051839464882943144
0 0.92 0.4414715719063545 0.08 0.08361204013377926
0 0.8926315789473684 0.5133779264214047 0.10947368421052632 0.10869565217391304
