0 0.2873684210526316 0.7324414715719063 0.19894736842105262 0.12040133779264214
0 0.02631578947368421 0.17558528428093645 0.030526315789473683 0.02508361204013378
0 0.04 0.17558528428093645 0.02526315789473684 0.021739130434782608
0 0.06421052631578947 0.23745819397993312 0.02526315789473684 0.030100334448160536
0 0.0 0.29431438127090304 0.017894736842105262 0.0451505016722408
0 0.07052631578947369 0.2909698996655518 0.03368421052631579 0.04013377926421405
0 0.9031578947368422 0.29264214046822745 0.05473684210526316 0.056856187290969896
0 0.06526315789473684 0.362876254180602 0.04105263157894737 0.05351170568561873
0 0.92 0.4397993311036789 0.08 0.08193979933110368
0 0.8926315789473684 0.5117056856187291 0.11052631578947368 0.10869565217391304
