0 0.23789473684210527 0.7307692307692307 0.2031578947368421 0.12374581939799331
0 0.028421052631578948 0.17725752508361203 0.029473684210526315 0.023411371237458192
0 0.06947368421052631 0.27591973244147155 0.031578947368421054 0.03177257525083612
0 0.0 0.28595317725752506 0.02 0.048494983277591976
0 0.07263157894736842 0.28595317725752506 0.03263157894736842 0.04013377926421405
0 0.9105263157894737 0.3060200668896321 0.05894736842105263 0.056856187290969896
0 0.06631578947368422 0.35618729096989965 0.04 0.05351170568561873
0 0.9105263157894737 0.4397993311036789 0.08526315789473685 0.08528428093645485
0 0.8936842105263157 0.5117056856187291 0.10947368421052632 0.10869565217391304
0 0.0 0.9214046822742475 0.05789473684210526 0.07859531772575251
