0 0.08842105263157894 0.7324414715719063 0.20842105263157895 0.12040133779264214
0 0.022105263157894735 0.1505016722408027 0.037894736842105266 0.023411371237458192
0 0.02 0.17391304347826086 0.02736842105263158 0.02508361204013378
0 0.06 0.22073578595317725 0.024210526315789474 0.023411371237458192
0 -0.0010526315789473684 0.26755852842809363 0.024210526315789474 0.04180602006688963
0 0.07157894736842105 0.26755852842809363 0.03263157894736842 0.03511705685618729
0 0.06526315789473684 0.3311036789297659 0.03894736842105263 0.05016722408026756
0 0.9357894736842105 0.3210702341137124 0.06210526315789474 0.05852842809364549
0 0.8873684210526316 0.44481605351170567 0.10947368421052632 0.09364548494983277
0 0.8936842105263157 0.5100334448160535 0.10631578947368421 0.11036789297658862
