0 0.08947368421052632 0.7324414715719063 0.2073684210526316 0.11872909698996656
0 0.021052631578947368 0.1488294314381271 0.03894736842105263 0.023411371237458192
0 0.02 0.17391304347826086 0.028421052631578948 0.02508361204013378
0 0.06 0.22073578595317725 0.023157894736842106 0.023411371237458192
0 -0.002105263157894737 0.26755852842809363 0.02526315789473684 0.043478260869565216
0 0.07263157894736842 0.26755852842809363 0.031578947368421054 0.03511705685618729
0 0.06526315789473684 0.3311036789297659 0.03894736842105263 0.05016722408026756
0 0.9357894736842105 0.32274247491638797 0.06210526315789474 0.05852842809364549
0 0.8873684210526316 0.44481605351170567 0.10947368421052632 0.09364548494983277
0 0.8936842105263157 0.5100334448160535 0.10631578947368421 0.10869565217391304
