0 0.07052631578947369 0.7324414715719063 0.19473684210526315 0.11872909698996656
0 0.02 0.1505016722408027 0.042105263157894736 0.023411371237458192
0 0.017894736842105262 0.17224080267558528 0.030526315789473683 0.02508361204013378
0 0.05894736842105263 0.21906354515050167 0.024210526315789474 0.021739130434782608
0 -0.0010526315789473684 0.26588628762541805 0.02526315789473684 0.04180602006688963
0 0.07263157894736842 0.26755852842809363 0.03368421052631579 0.033444816053511704
0 0.06631578947368422 0.3277591973244147 0.034736842105263156 0.05016722408026756
0 0.9421052631578948 0.32608695652173914 0.056842105263157895 0.05351170568561873
0 0.88 0.4414715719063545 0.11894736842105263 0.09866220735785954
0 0.8936842105263157 0.5100334448160535 0.10736842105263159 0.10869565217391304
