0 0.018947368421052633 0.19899665551839466 0.028421052631578948 0.033444816053511704
0 0.042105263157894736 0.23578595317725753 0.03368421052631579 0.046822742474916385
0 0.9368421052631579 0.2608695652173913 0.06315789473684211 0.05518394648829431
0 0.06736842105263158 0.27759197324414714 0.035789473684210524 0.048494983277591976
0 0.0010526315789473684 0.3193979933110368 0.029473684210526315 0.046822742474916385
0 0.1736842105263158 0.40468227424749165 0.08842105263157894 0.06020066889632107
0 0.049473684210526316 0.42474916387959866 0.07368421052631578 0.06688963210702341
0 0.8115789473684211 0.4983277591973244 0.1168421052631579 0.08695652173913043
0 0.40842105263157896 0.5384615384615384 0.12421052631578948 0.09364548494983277
0 0.62 0.5501672240802675 0.13578947368421052 0.08193979933110368
