0 0.8926315789473684 0.5317725752508361 0.10526315789473684 0.1939799331103679
0 0.9410526315789474 0.7625418060200669 0.05789473684210526 0.225752508361204
0 0.03368421052631579 0.21906354515050167 0.034736842105263156 0.03678929765886288
0 0.061052631578947365 0.2508361204013378 0.035789473684210524 0.03511705685618729
0 0.0 0.28762541806020064 0.03263157894736842 0.04013377926421405
0 0.011578947368421053 0.36454849498327757 0.05578947368421053 0.056856187290969896
0 0.09789473684210526 0.3595317725752508 0.06631578947368422 0.05518394648829431
0 0.27789473684210525 0.5167224080267558 0.11473684210526315 0.0802675585284281
0 0.651578947368421 0.5167224080267558 0.1168421052631579 0.07357859531772576
0 0.5021052631578947 0.5434782608695652 0.13052631578947368 0.0802675585284281
