0 0.8768421052631579 0.5150501672240803 0.11789473684210526 0.2140468227424749
0 0.0 0.17558528428093645 0.028421052631578948 0.033444816053511704
0 0.034736842105263156 0.21739130434782608 0.034736842105263156 0.03511705685618729
0 0.061052631578947365 0.2508361204013378 0.035789473684210524 0.03511705685618729
0 0.0010526315789473684 0.2826086956521739 0.030526315789473683 0.04180602006688963
0 0.009473684210526316 0.35785953177257523 0.05157894736842105 0.05852842809364549
0 0.09789473684210526 0.35785953177257523 0.06210526315789474 0.051839464882943144
0 0.6347368421052632 0.5133779264214047 0.1168421052631579 0.061872909698996656
0 0.26105263157894737 0.5100334448160535 0.1168421052631579 0.0903010033444816
0 0.4957894736842105 0.5434782608695652 0.12 0.07859531772575251
