0 0.7873684210526316 0.4816053511705686 0.20526315789473684 0.28762541806020064
0 0.031578947368421054 0.2140468227424749 0.028421052631578948 0.03177257525083612
0 0.04 0.22240802675585283 0.031578947368421054 0.030100334448160536
0 0.06 0.24247491638795987 0.03368421052631579 0.033444816053511704
0 0.005263157894736842 0.2709030100334448 0.030526315789473683 0.03511705685618729
0 0.005263157894736842 0.33612040133779264 0.0431578947368421 0.048494983277591976
0 0.07894736842105263 0.3377926421404682 0.05263157894736842 0.043478260869565216
0 0.2063157894736842 0.49665551839464883 0.11157894736842106 0.07859531772575251
0 0.5536842105263158 0.5133779264214047 0.11894736842105263 0.07692307692307693
0 0.4326315789473684 0.540133779264214 0.12105263157894737 0.07692307692307693
