0 0.7568421052631579 0.5033444816053512 0.24210526315789474 0.2625418060200669
0 0.7063157894736842 0.7658862876254181 0.2905263157894737 0.22240802675585283
0 0.030526315789473683 0.205685618729097 0.02631578947368421 0.023411371237458192
0 0.029473684210526315 0.2140468227424749 0.030526315789473683 0.033444816053511704
0 0.04105263157894737 0.22408026755852842 0.030526315789473683 0.030100334448160536
0 0.05894736842105263 0.24247491638795987 0.034736842105263156 0.030100334448160536
0 0.005263157894736842 0.2692307692307692 0.031578947368421054 0.033444816053511704
0 0.005263157894736842 0.33444816053511706 0.04105263157894737 0.046822742474916385
0 0.07368421052631578 0.33444816053511706 0.05578947368421053 0.04180602006688963
0 0.18736842105263157 0.49498327759197325 0.11578947368421053 0.0802675585284281
0 0.5578947368421052 0.5117056856187291 0.10421052631578948 0.06688963210702341
0 0.42210526315789476 0.5351170568561873 0.11789473684210526 0.08361204013377926
