0 0.7505263157894737 0.4983277591973244 0.25263157894736843 0.2591973244147157
0 0.6926315789473684 0.7591973244147158 0.30105263157894735 0.225752508361204
0 0.028421052631578948 0.2040133779264214 0.028421052631578948 0.02508361204013378
0 0.029473684210526315 0.2140468227424749 0.031578947368421054 0.033444816053511704
0 0.045263157894736845 0.225752508361204 0.029473684210526315 0.030100334448160536
0 0.05789473684210526 0.2391304347826087 0.034736842105263156 0.03177257525083612
0 0.005263157894736842 0.26755852842809363 0.031578947368421054 0.03511705685618729
0 0.005263157894736842 0.3277591973244147 0.042105263157894736 0.051839464882943144
0 0.07473684210526316 0.3294314381270903 0.05368421052631579 0.046822742474916385
0 0.18421052631578946 0.4899665551839465 0.11578947368421053 0.08193979933110368
0 0.5294736842105263 0.5083612040133779 0.11789473684210526 0.06856187290969899
0 0.4094736842105263 0.5351170568561873 0.12105263157894737 0.08193979933110368
