0 0.7494736842105263 0.4983277591973244 0.25473684210526315 0.2591973244147157
0 0.029473684210526315 0.2040133779264214 0.02736842105263158 0.02508361204013378
0 0.028421052631578948 0.21237458193979933 0.031578947368421054 0.03511705685618729
0 0.045263157894736845 0.225752508361204 0.029473684210526315 0.030100334448160536
0 0.05894736842105263 0.2391304347826087 0.03368421052631579 0.03177257525083612
0 0.005263157894736842 0.26755852842809363 0.031578947368421054 0.03511705685618729
0 0.005263157894736842 0.3277591973244147 0.04105263157894737 0.051839464882943144
0 0.07473684210526316 0.3311036789297659 0.05263157894736842 0.05518394648829431
0 0.18421052631578946 0.4899665551839465 0.11578947368421053 0.08361204013377926
0 0.5294736842105263 0.5083612040133779 0.11894736842105263 0.07023411371237458
0 0.4105263157894737 0.5351170568561873 0.12 0.08193979933110368
