0 0.7115789473684211 0.5100334448160535 0.2926315789473684 0.25752508361204013
0 0.6294736842105263 0.7491638795986622 0.36 0.23076923076923078
0 0.028421052631578948 0.20234113712374582 0.028421052631578948 0.028428093645484948
0 0.029473684210526315 0.2140468227424749 0.029473684210526315 0.030100334448160536
0 0.049473684210526316 0.22742474916387959 0.030526315789473683 0.028428093645484948
0 0.05894736842105263 0.23745819397993312 0.03368421052631579 0.03177257525083612
0 0.00631578947368421 0.26421404682274247 0.028421052631578948 0.03511705685618729
0 0.07263157894736842 0.32441471571906355 0.045263157894736845 0.038461538461538464
0 0.005263157894736842 0.3311036789297659 0.031578947368421054 0.04180602006688963
0 0.1694736842105263 0.4816053511705686 0.10210526315789474 0.07692307692307693
0 0.508421052631579 0.5050167224080268 0.11157894736842106 0.06688963210702341
0 0.3989473684210526 0.5284280936454849 0.10947368421052632 0.08193979933110368
