0 0.6831578947368421 0.5284280936454849 0.31684210526315787 0.22909698996655517
0 0.5684210526315789 0.7658862876254181 0.41789473684210526 0.22408026755852842
0 0.016842105263157894 0.1505016722408027 0.03894736842105263 0.02508361204013378
0 0.028421052631578948 0.20234113712374582 0.028421052631578948 0.028428093645484948
0 0.029473684210526315 0.21237458193979933 0.029473684210526315 0.033444816053511704
0 0.05157894736842105 0.22909698996655517 0.031578947368421054 0.028428093645484948
0 0.05894736842105263 0.23745819397993312 0.03263157894736842 0.030100334448160536
0 0.008421052631578947 0.2625418060200669 0.02736842105263158 0.03511705685618729
0 0.005263157894736842 0.3177257525083612 0.03368421052631579 0.048494983277591976
0 0.07368421052631578 0.3210702341137124 0.042105263157894736 0.038461538461538464
0 0.16105263157894736 0.47324414715719065 0.10421052631578948 0.08528428093645485
0 0.5042105263157894 0.5033444816053512 0.1031578947368421 0.06856187290969899
0 0.37894736842105264 0.5284280936454849 0.12210526315789473 0.0802675585284281
