0 0.6589473684210526 0.5434782608695652 0.3431578947368421 0.19732441471571907
0 0.5252631578947369 0.7642140468227425 0.48 0.2157190635451505
0 0.02631578947368421 0.19899665551839466 0.028421052631578948 0.028428093645484948
0 0.05052631578947368 0.22909698996655517 0.034736842105263156 0.030100334448160536
0 0.05894736842105263 0.23745819397993312 0.03263157894736842 0.030100334448160536
0 0.009473684210526316 0.2625418060200669 0.03368421052631579 0.03678929765886288
0 0.004210526315789474 0.31605351170568563 0.03263157894736842 0.0451505016722408
0 0.07263157894736842 0.31605351170568563 0.04 0.038461538461538464
0 0.15157894736842106 0.47324414715719065 0.1031578947368421 0.08193979933110368
0 0.48105263157894734 0.5033444816053512 0.11368421052631579 0.06521739130434782
0 0.3705263157894737 0.5234113712374582 0.11894736842105263 0.08193979933110368
