0 0.6442105263157895 0.5384615384615384 0.35157894736842105 0.20234113712374582
0 0.5094736842105263 0.7608695652173914 0.5021052631578947 0.2157190635451505
0 0.017894736842105262 0.15217391304347827 0.037894736842105266 0.02508361204013378
0 0.02736842105263158 0.19899665551839466 0.028421052631578948 0.030100334448160536
0 0.05263157894736842 0.22742474916387959 0.03263157894736842 0.030100334448160536
0 0.061052631578947365 0.23745819397993312 0.030526315789473683 0.030100334448160536
0 0.009473684210526316 0.2591973244147157 0.03368421052631579 0.038461538461538464
0 0.005263157894736842 0.31438127090301005 0.031578947368421054 0.0451505016722408
0 0.07052631578947369 0.31438127090301005 0.03894736842105263 0.03678929765886288
0 0.14526315789473684 0.47157190635451507 0.10105263157894737 0.07859531772575251
0 0.48 0.5033444816053512 0.1031578947368421 0.06354515050167224
0 0.35578947368421054 0.5234113712374582 0.12526315789473685 0.08193979933110368
