0 0.6431578947368422 0.5384615384615384 0.3526315789473684 0.205685618729097
0 0.5105263157894737 0.7575250836120402 0.5021052631578947 0.22240802675585283
0 0.017894736842105262 0.15217391304347827 0.037894736842105266 0.02508361204013378
0 0.02736842105263158 0.19899665551839466 0.029473684210526315 0.030100334448160536
0 0.05157894736842105 0.22742474916387959 0.03263157894736842 0.030100334448160536
0 0.061052631578947365 0.23745819397993312 0.030526315789473683 0.030100334448160536
0 0.009473684210526316 0.2591973244147157 0.03368421052631579 0.038461538461538464
0 0.00631578947368421 0.31270903010033446 0.031578947368421054 0.046822742474916385
0 0.07052631578947369 0.31270903010033446 0.03894736842105263 0.038461538461538464
0 0.14526315789473684 0.47157190635451507 0.10105263157894737 0.07859531772575251
0 0.4789473684210526 0.5016722408026756 0.10421052631578948 0.06521739130434782
0 0.3547368421052632 0.5234113712374582 0.12631578947368421 0.08193979933110368
