0 0.6336842105263157 0.5384615384615384 0.3684210526315789 0.20735785953177258
0 0.4936842105263158 0.7575250836120402 0.508421052631579 0.21739130434782608
0 0.02526315789473684 0.19732441471571907 0.030526315789473683 0.030100334448160536
0 0.05157894736842105 0.225752508361204 0.031578947368421054 0.028428093645484948
0 0.009473684210526316 0.2608695652173913 0.03263157894736842 0.03678929765886288
0 0.00631578947368421 0.3110367892976589 0.029473684210526315 0.0451505016722408
0 0.06947368421052631 0.3110367892976589 0.03894736842105263 0.04013377926421405
0 0.13578947368421052 0.4698996655518395 0.09894736842105263 0.0802675585284281
0 0.45789473684210524 0.5 0.11157894736842106 0.06688963210702341
0 0.34842105263157896 0.5183946488294314 0.11789473684210526 0.08528428093645485
