0 0.3757894736842105 0.7508361204013378 0.5789473684210527 0.2408026755852843
0 0.016842105263157894 0.15217391304347827 0.037894736842105266 0.026755852842809364
0 0.024210526315789474 0.1956521739130435 0.030526315789473683 0.033444816053511704
0 0.05473684210526316 0.22408026755852842 0.031578947368421054 0.028428093645484948
0 0.014736842105263158 0.2508361204013378 0.028421052631578948 0.030100334448160536
0 0.06842105263157895 0.30267558528428096 0.034736842105263156 0.033444816053511704
0 0.005263157894736842 0.3076923076923077 0.028421052631578948 0.04180602006688963
0 0.11578947368421053 0.45819397993311034 0.09052631578947369 0.07190635451505016
0 0.43157894736842106 0.49665551839464883 0.1031578947368421 0.061872909698996656
0 0.30842105263157893 0.5167224080267558 0.1231578947368421 0.0802675585284281
