0 0.3736842105263158 0.7508361204013378 0.5831578947368421 0.2408026755852843
0 0.016842105263157894 0.1505016722408027 0.037894736842105266 0.02508361204013378
0 0.024210526315789474 0.19732441471571907 0.030526315789473683 0.033444816053511704
0 0.05473684210526316 0.22408026755852842 0.031578947368421054 0.028428093645484948
0 0.014736842105263158 0.2508361204013378 0.028421052631578948 0.030100334448160536
0 0.06842105263157895 0.30267558528428096 0.034736842105263156 0.033444816053511704
0 0.005263157894736842 0.3076923076923077 0.028421052631578948 0.04180602006688963
0 0.11578947368421053 0.45819397993311034 0.09052631578947369 0.07190635451505016
0 0.43157894736842106 0.49665551839464883 0.1031578947368421 0.061872909698996656
0 0.3094736842105263 0.5150501672240803 0.12210526315789473 0.07859531772575251
