0 0.5684210526315789 0.5284280936454849 0.4168421052631579 0.225752508361204
0 0.3336842105263158 0.7525083612040134 0.5852631578947368 0.2391304347826087
0 0.016842105263157894 0.1505016722408027 0.037894736842105266 0.02508361204013378
0 0.023157894736842106 0.1956521739130435 0.030526315789473683 0.03177257525083612
0 0.05368421052631579 0.22240802675585283 0.031578947368421054 0.028428093645484948
0 0.015789473684210527 0.24749163879598662 0.028421052631578948 0.03177257525083612
0 0.00631578947368421 0.2976588628762542 0.028421052631578948 0.04180602006688963
0 0.06947368421052631 0.2976588628762542 0.031578947368421054 0.03177257525083612
0 0.10842105263157895 0.4531772575250836 0.09263157894736843 0.07859531772575251
0 0.4094736842105263 0.4866220735785953 0.11894736842105263 0.06688963210702341
0 0.30526315789473685 0.5167224080267558 0.11473684210526315 0.07692307692307693
