0 0.5515789473684211 0.5301003344481605 0.42105263157894735 0.22073578595317725
0 0.28 0.7508361204013378 0.6052631578947368 0.2491638795986622
0 0.022105263157894735 0.1939799331103679 0.030526315789473683 0.033444816053511704
0 0.05157894736842105 0.22240802675585283 0.034736842105263156 0.030100334448160536
0 0.016842105263157894 0.24581939799331104 0.02736842105263158 0.03177257525083612
0 0.00631578947368421 0.2976588628762542 0.029473684210526315 0.04013377926421405
0 0.06842105263157895 0.29431438127090304 0.031578947368421054 0.03511705685618729
0 0.09894736842105263 0.451505016722408 0.09263157894736843 0.07190635451505016
0 0.4 0.4816053511705686 0.1168421052631579 0.06521739130434782
0 0.3 0.5150501672240803 0.11052631578947368 0.07692307692307693
