0 0.5326315789473685 0.5301003344481605 0.4368421052631579 0.22240802675585283
0 0.25263157894736843 0.7508361204013378 0.5842105263157895 0.2525083612040134
0 0.017894736842105262 0.1505016722408027 0.03684210526315789 0.026755852842809364
0 0.021052631578947368 0.1939799331103679 0.030526315789473683 0.03177257525083612
0 0.05052631578947368 0.21906354515050167 0.034736842105263156 0.028428093645484948
0 0.016842105263157894 0.24414715719063546 0.028421052631578948 0.03177257525083612
0 0.00631578947368421 0.2959866220735786 0.028421052631578948 0.038461538461538464
0 0.06631578947368422 0.2909698996655518 0.03263157894736842 0.03511705685618729
0 0.09052631578947369 0.44816053511705684 0.09052631578947369 0.07190635451505016
0 0.38105263157894737 0.479933110367893 0.12105263157894737 0.06856187290969899
0 0.2831578947368421 0.5083612040133779 0.12 0.07525083612040134
