0 0.5305263157894737 0.5301003344481605 0.43894736842105264 0.22742474916387959
0 0.25263157894736843 0.7525083612040134 0.5852631578947368 0.2508361204013378
0 0.016842105263157894 0.1505016722408027 0.03684210526315789 0.026755852842809364
0 0.021052631578947368 0.1939799331103679 0.031578947368421054 0.033444816053511704
0 0.05157894736842105 0.21906354515050167 0.034736842105263156 0.028428093645484948
0 0.017894736842105262 0.24414715719063546 0.02736842105263158 0.03177257525083612
0 0.00631578947368421 0.29431438127090304 0.028421052631578948 0.04013377926421405
0 0.06631578947368422 0.2909698996655518 0.03263157894736842 0.03511705685618729
0 0.09052631578947369 0.44816053511705684 0.09052631578947369 0.07357859531772576
0 0.38105263157894737 0.479933110367893 0.12210526315789473 0.06856187290969899
0 0.2831578947368421 0.5083612040133779 0.12 0.07525083612040134
