0 0.5168421052631579 0.5351170568561873 0.4378947368421053 0.22073578595317725
0 0.18842105263157893 0.7525083612040134 0.6010526315789474 0.2491638795986622
0 0.017894736842105262 0.1488294314381271 0.03684210526315789 0.02508361204013378
0 0.022105263157894735 0.1939799331103679 0.029473684210526315 0.03177257525083612
0 0.05157894736842105 0.21906354515050167 0.03368421052631579 0.028428093645484948
0 0.018947368421052633 0.24247491638795987 0.02736842105263158 0.03177257525083612
0 0.00631578947368421 0.29264214046822745 0.028421052631578948 0.04013377926421405
0 0.06526315789473684 0.28929765886287623 0.034736842105263156 0.03511705685618729
0 0.08842105263157894 0.44481605351170567 0.0863157894736842 0.07692307692307693
0 0.3831578947368421 0.479933110367893 0.10526315789473684 0.061872909698996656
0 0.2736842105263158 0.5083612040133779 0.11473684210526315 0.07190635451505016
