0 0.5147368421052632 0.5334448160535117 0.44 0.22408026755852842
0 0.19263157894736843 0.7525083612040134 0.5926315789473684 0.2491638795986622
0 0.016842105263157894 0.1488294314381271 0.037894736842105266 0.026755852842809364
0 0.022105263157894735 0.1939799331103679 0.029473684210526315 0.03177257525083612
0 0.05157894736842105 0.22073578595317725 0.03368421052631579 0.026755852842809364
0 0.018947368421052633 0.24247491638795987 0.02736842105263158 0.03177257525083612
0 0.00631578947368421 0.29264214046822745 0.028421052631578948 0.04013377926421405
0 0.06526315789473684 0.28929765886287623 0.034736842105263156 0.03511705685618729
0 0.08736842105263158 0.4431438127090301 0.08736842105263158 0.07859531772575251
0 0.3831578947368421 0.479933110367893 0.10526315789473684 0.061872909698996656
0 0.2736842105263158 0.5083612040133779 0.11473684210526315 0.07190635451505016
