0 0.4831578947368421 0.5418060200668896 0.46210526315789474 0.21237458193979933
0 0.17684210526315788 0.7474916387959866 0.5515789473684211 0.24414715719063546
0 0.017894736842105262 0.1488294314381271 0.037894736842105266 0.02508361204013378
0 0.022105263157894735 0.1939799331103679 0.029473684210526315 0.030100334448160536
0 0.05157894736842105 0.21906354515050167 0.03263157894736842 0.026755852842809364
0 0.016842105263157894 0.24247491638795987 0.029473684210526315 0.03177257525083612
0 0.00631578947368421 0.2909698996655518 0.029473684210526315 0.038461538461538464
0 0.06631578947368422 0.28762541806020064 0.034736842105263156 0.03511705685618729
0 0.08526315789473685 0.4397993311036789 0.08421052631578947 0.07692307692307693
0 0.36736842105263157 0.4782608695652174 0.10736842105263159 0.06354515050167224
0 0.26105263157894737 0.5050167224080268 0.11473684210526315 0.07190635451505016
