0 0.4863157894736842 0.5418060200668896 0.4568421052631579 0.21070234113712374
0 0.17578947368421052 0.7474916387959866 0.5526315789473685 0.2391304347826087
0 0.016842105263157894 0.1488294314381271 0.03894736842105263 0.02508361204013378
0 0.022105263157894735 0.1939799331103679 0.029473684210526315 0.030100334448160536
0 0.05157894736842105 0.21906354515050167 0.03263157894736842 0.026755852842809364
0 0.016842105263157894 0.2408026755852843 0.029473684210526315 0.033444816053511704
0 0.00631578947368421 0.2909698996655518 0.029473684210526315 0.04013377926421405
0 0.06631578947368422 0.28762541806020064 0.035789473684210524 0.03511705685618729
0 0.08421052631578947 0.43812709030100333 0.08526315789473685 0.07859531772575251
0 0.3684210526315789 0.4782608695652174 0.10631578947368421 0.06354515050167224
0 0.26105263157894737 0.5050167224080268 0.11473684210526315 0.07190635451505016
