0 0.4789473684210526 0.5451505016722408 0.45789473684210524 0.19230769230769232
0 0.04105263157894737 0.7491638795986622 0.6652631578947369 0.24414715719063546
0 0.017894736842105262 0.1488294314381271 0.037894736842105266 0.02508361204013378
0 0.021052631578947368 0.19063545150501673 0.028421052631578948 0.03177257525083612
0 0.05368421052631579 0.21739130434782608 0.031578947368421054 0.026755852842809364
0 0.02 0.2408026755852843 0.02736842105263158 0.03177257525083612
0 0.00631578947368421 0.28762541806020064 0.029473684210526315 0.04180602006688963
0 0.06631578947368422 0.2842809364548495 0.034736842105263156 0.03511705685618729
0 0.07368421052631578 0.4431438127090301 0.08526315789473685 0.07023411371237458
0 0.3631578947368421 0.479933110367893 0.1 0.05351170568561873
0 0.7463157894736843 0.49331103678929766 0.12736842105263158 0.05016722408026756
0 0.25473684210526315 0.5016722408026756 0.11157894736842106 0.07357859531772576
