0 0.42947368421052634 0.5468227424749164 0.4726315789473684 0.19230769230769232
0 0.04421052631578947 0.7491638795986622 0.5831578947368421 0.2408026755852843
0 0.016842105263157894 0.14715719063545152 0.03894736842105263 0.026755852842809364
0 0.02 0.1939799331103679 0.029473684210526315 0.030100334448160536
0 0.023157894736842106 0.22408026755852842 0.02526315789473684 0.033444816053511704
0 0.05473684210526316 0.2140468227424749 0.030526315789473683 0.02508361204013378
0 0.022105263157894735 0.2391304347826087 0.02736842105263158 0.03177257525083612
0 0.06842105263157895 0.27591973244147155 0.030526315789473683 0.030100334448160536
0 0.007368421052631579 0.2809364548494983 0.037894736842105266 0.043478260869565216
0 0.06421052631578947 0.4331103678929766 0.08105263157894736 0.06688963210702341
0 0.3389473684210526 0.47491638795986624 0.1031578947368421 0.05518394648829431
0 0.23157894736842105 0.49665551839464883 0.11052631578947368 0.07357859531772576
