0 0.41578947368421054 0.5501672240802675 0.4673684210526316 0.18227424749163879
0 0.023157894736842106 0.7558528428093646 0.5736842105263158 0.2391304347826087
0 0.018947368421052633 0.14715719063545152 0.037894736842105266 0.026755852842809364
0 0.021052631578947368 0.1939799331103679 0.02631578947368421 0.02508361204013378
0 0.021052631578947368 0.22408026755852842 0.02526315789473684 0.03177257525083612
0 0.05578947368421053 0.2140468227424749 0.028421052631578948 0.026755852842809364
0 0.021052631578947368 0.2408026755852843 0.02631578947368421 0.030100334448160536
0 0.06736842105263158 0.27424749163879597 0.031578947368421054 0.030100334448160536
0 0.008421052631578947 0.2792642140468227 0.035789473684210524 0.0451505016722408
0 0.06 0.42642140468227424 0.07263157894736842 0.06856187290969899
0 0.3294736842105263 0.46488294314381273 0.0968421052631579 0.06020066889632107
0 0.22526315789473683 0.49331103678929766 0.10526315789473684 0.07525083612040134
