0 0.4147368421052632 0.5501672240802675 0.4694736842105263 0.18227424749163879
0 0.02 0.7575250836120402 0.5778947368421052 0.23745819397993312
0 0.017894736842105262 0.14715719063545152 0.037894736842105266 0.026755852842809364
0 0.02 0.1939799331103679 0.02736842105263158 0.026755852842809364
0 0.02 0.22408026755852842 0.02631578947368421 0.033444816053511704
0 0.05578947368421053 0.2140468227424749 0.028421052631578948 0.026755852842809364
0 0.021052631578947368 0.2391304347826087 0.02736842105263158 0.03177257525083612
0 0.06736842105263158 0.27424749163879597 0.031578947368421054 0.030100334448160536
0 0.008421052631578947 0.27759197324414714 0.035789473684210524 0.0451505016722408
0 0.06 0.42642140468227424 0.07263157894736842 0.06856187290969899
0 0.33052631578947367 0.46488294314381273 0.0968421052631579 0.06020066889632107
0 0.22526315789473683 0.49498327759197325 0.10526315789473684 0.07357859531772576
