0 0.3863157894736842 0.5518394648829431 0.48105263157894734 0.1806020066889632
0 -0.008421052631578947 0.754180602006689 0.5347368421052632 0.24247491638795987
0 0.02 0.14715719063545152 0.035789473684210524 0.02508361204013378
0 0.017894736842105262 0.19230769230769232 0.02736842105263158 0.026755852842809364
0 0.05578947368421053 0.20735785953177258 0.02526315789473684 0.021739130434782608
0 0.021052631578947368 0.225752508361204 0.02736842105263158 0.03177257525083612
0 0.056842105263157895 0.2140468227424749 0.02736842105263158 0.026755852842809364
0 0.01263157894736842 0.27591973244147155 0.030526315789473683 0.038461538461538464
0 0.06736842105263158 0.2709030100334448 0.031578947368421054 0.033444816053511704
0 0.05578947368421053 0.42474916387959866 0.07368421052631578 0.07190635451505016
0 0.3178947368421053 0.46488294314381273 0.10210526315789474 0.056856187290969896
0 0.21263157894736842 0.4899665551839465 0.10842105263157895 0.07525083612040134
