0 0.3505263157894737 0.5451505016722408 0.45789473684210524 0.1806020066889632
0 0.8536842105263158 0.7491638795986622 0.14421052631578948 0.1705685618729097
0 0.015789473684210527 0.19063545150501673 0.029473684210526315 0.02508361204013378
0 0.05368421052631579 0.205685618729097 0.02736842105263158 0.021739130434782608
0 0.022105263157894735 0.22742474916387959 0.02736842105263158 0.030100334448160536
0 0.05473684210526316 0.2140468227424749 0.028421052631578948 0.026755852842809364
0 0.01263157894736842 0.2725752508361204 0.029473684210526315 0.038461538461538464
0 0.06631578947368422 0.26755852842809363 0.031578947368421054 0.030100334448160536
0 0.0431578947368421 0.41638795986622074 0.07684210526315789 0.08193979933110368
0 0.2926315789473684 0.45652173913043476 0.10421052631578948 0.06020066889632107
0 0.19157894736842104 0.4816053511705686 0.10421052631578948 0.07525083612040134
