0 0.31684210526315787 0.5367892976588629 0.4747368421052632 0.18896321070234115
0 0.8231578947368421 0.7675585284280937 0.17578947368421052 0.1454849498327759
0 0.05157894736842105 0.205685618729097 0.028421052631578948 0.023411371237458192
0 0.022105263157894735 0.22742474916387959 0.02631578947368421 0.028428093645484948
0 0.014736842105263158 0.2692307692307692 0.028421052631578948 0.03678929765886288
0 0.06736842105263158 0.2625418060200669 0.030526315789473683 0.03177257525083612
0 0.03894736842105263 0.41304347826086957 0.06526315789473684 0.06354515050167224
0 0.28 0.45484949832775917 0.09368421052631579 0.06020066889632107
0 0.1705263157894737 0.4782608695652174 0.10105263157894737 0.07023411371237458
0 0.791578947368421 0.5468227424749164 0.1368421052631579 0.08193979933110368
