0 0.29157894736842105 0.5384615384615384 0.47789473684210526 0.19063545150501673
0 0.7431578947368421 0.5418060200668896 0.1863157894736842 0.09197324414715718
0 0.8094736842105263 0.7709030100334449 0.18842105263157893 0.14214046822742474
0 0.008421052631578947 0.17892976588628762 0.022105263157894735 0.026755852842809364
0 0.05052631578947368 0.2040133779264214 0.029473684210526315 0.023411371237458192
0 0.022105263157894735 0.225752508361204 0.02736842105263158 0.028428093645484948
0 0.015789473684210527 0.26755852842809363 0.02736842105263158 0.03678929765886288
0 0.06736842105263158 0.2608695652173913 0.030526315789473683 0.03177257525083612
0 0.037894736842105266 0.4080267558528428 0.06315789473684211 0.06354515050167224
0 0.26842105263157895 0.4531772575250836 0.0968421052631579 0.05518394648829431
0 0.16210526315789472 0.47324414715719065 0.10105263157894737 0.07190635451505016
0 0.5947368421052631 0.5050167224080268 0.14210526315789473 0.0451505016722408
0 0.96 0.5234113712374582 0.03684210526315789 0.07357859531772576
