0 0.29368421052631577 0.5351170568561873 0.47368421052631576 0.19230769230769232
0 -0.01368421052631579 0.7525083612040134 0.3631578947368421 0.23745819397993312
0 0.7463157894736843 0.5418060200668896 0.18526315789473685 0.09197324414715718
0 0.8094736842105263 0.7709030100334449 0.18947368421052632 0.14214046822742474
0 0.008421052631578947 0.17725752508361203 0.022105263157894735 0.028428093645484948
0 0.05052631578947368 0.2040133779264214 0.029473684210526315 0.023411371237458192
0 0.022105263157894735 0.225752508361204 0.02736842105263158 0.028428093645484948
0 0.014736842105263158 0.26755852842809363 0.028421052631578948 0.03678929765886288
0 0.06736842105263158 0.2608695652173913 0.030526315789473683 0.033444816053511704
0 0.037894736842105266 0.4080267558528428 0.06315789473684211 0.061872909698996656
0 0.26842105263157895 0.4531772575250836 0.0968421052631579 0.05518394648829431
0 0.16210526315789472 0.47324414715719065 0.10105263157894737 0.07190635451505016
0 0.5957894736842105 0.5050167224080268 0.14105263157894737 0.046822742474916385
0 0.96 0.5217391304347826 0.03684210526315789 0.07525083612040134
