0 0.27157894736842103 0.5301003344481605 0.4789473684210526 0.19732441471571907
0 0.783157894736842 0.7909698996655519 0.21052631578947367 0.1254180602006689
0 0.007368421052631579 0.17725752508361203 0.023157894736842106 0.030100334448160536
0 0.05052631578947368 0.20234113712374582 0.029473684210526315 0.02508361204013378
0 0.023157894736842106 0.22408026755852842 0.02736842105263158 0.028428093645484948
0 0.06736842105263158 0.25418060200668896 0.028421052631578948 0.026755852842809364
0 0.016842105263157894 0.2692307692307692 0.02736842105263158 0.033444816053511704
0 0.03368421052631579 0.40635451505016723 0.06315789473684211 0.06354515050167224
0 0.25894736842105265 0.4498327759197324 0.09368421052631579 0.05852842809364549
0 0.15263157894736842 0.47324414715719065 0.10105263157894737 0.07023411371237458
0 0.6010526315789474 0.5050167224080268 0.12 0.0451505016722408
0 0.7621052631578947 0.5484949832775919 0.15473684210526314 0.08361204013377926
