0 0.2631578947368421 0.5367892976588629 0.4284210526315789 0.19732441471571907
0 0.7694736842105263 0.7892976588628763 0.21473684210526317 0.12876254180602006
0 0.005263157894736842 0.17725752508361203 0.02526315789473684 0.030100334448160536
0 0.049473684210526316 0.20234113712374582 0.029473684210526315 0.026755852842809364
0 0.022105263157894735 0.22408026755852842 0.02736842105263158 0.026755852842809364
0 0.06842105263157895 0.25418060200668896 0.029473684210526315 0.026755852842809364
0 0.016842105263157894 0.26755852842809363 0.02736842105263158 0.033444816053511704
0 0.03368421052631579 0.4013377926421405 0.05894736842105263 0.06688963210702341
0 0.24736842105263157 0.4498327759197324 0.0968421052631579 0.05518394648829431
0 0.14421052631578948 0.4682274247491639 0.09578947368421052 0.07023411371237458
0 0.5747368421052632 0.5033444816053512 0.13263157894736843 0.048494983277591976
0 0.7568421052631579 0.5501672240802675 0.15473684210526314 0.07859531772575251
0 0.9389473684210526 0.5418060200668896 0.06210526315789474 0.07525083612040134
