0 0.2463157894736842 0.5334448160535117 0.4368421052631579 0.19230769230769232
0 0.7326315789473684 0.5418060200668896 0.17578947368421052 0.10367892976588629
0 0.7505263157894737 0.7909698996655519 0.22105263157894736 0.1254180602006689
0 0.005263157894736842 0.17725752508361203 0.024210526315789474 0.02508361204013378
0 0.049473684210526316 0.20234113712374582 0.029473684210526315 0.026755852842809364
0 0.022105263157894735 0.22240802675585283 0.02736842105263158 0.026755852842809364
0 0.06736842105263158 0.2508361204013378 0.030526315789473683 0.028428093645484948
0 0.016842105263157894 0.26421404682274247 0.029473684210526315 0.03511705685618729
0 0.24 0.43812709030100333 0.09157894736842105 0.06020066889632107
0 0.1336842105263158 0.459866220735786 0.09368421052631579 0.07023411371237458
0 0.5536842105263158 0.5066889632107023 0.13052631578947368 0.043478260869565216
0 0.9326315789473684 0.5234113712374582 0.06947368421052631 0.08695652173913043
