0 0.23157894736842105 0.5267558528428093 0.4326315789473684 0.1956521739130435
0 0.7336842105263158 0.7926421404682275 0.21263157894736842 0.1254180602006689
0 0.004210526315789474 0.17725752508361203 0.02736842105263158 0.026755852842809364
0 0.04842105263157895 0.20066889632107024 0.029473684210526315 0.02508361204013378
0 0.022105263157894735 0.22240802675585283 0.028421052631578948 0.026755852842809364
0 0.06842105263157895 0.2491638795986622 0.029473684210526315 0.028428093645484948
0 0.015789473684210527 0.2591973244147157 0.029473684210526315 0.038461538461538464
0 0.02526315789473684 0.39297658862876256 0.06 0.056856187290969896
0 0.23157894736842105 0.43645484949832775 0.08947368421052632 0.06020066889632107
0 0.1231578947368421 0.45652173913043476 0.09263157894736843 0.06856187290969899
0 0.5494736842105263 0.5066889632107023 0.12421052631578948 0.043478260869565216
0 0.9221052631578948 0.5250836120401338 0.07789473684210527 0.08361204013377926
0 0.7368421052631579 0.5551839464882943 0.1568421052631579 0.07692307692307693
