0 0.19894736842105262 0.520066889632107 0.44842105263157894 0.19899665551839466
0 0.7189473684210527 0.5535117056856187 0.1705263157894737 0.09866220735785954
0 0.7052631578947368 0.794314381270903 0.20526315789473684 0.13879598662207357
0 0.004210526315789474 0.17892976588628762 0.02526315789473684 0.023411371237458192
0 0.04842105263157895 0.19899665551839466 0.029473684210526315 0.026755852842809364
0 0.023157894736842106 0.22073578595317725 0.02736842105263158 0.026755852842809364
0 0.06736842105263158 0.24581939799331104 0.029473684210526315 0.028428093645484948
0 0.016842105263157894 0.25752508361204013 0.028421052631578948 0.04013377926421405
0 0.02526315789473684 0.38294314381270905 0.05368421052631579 0.061872909698996656
0 0.21368421052631578 0.431438127090301 0.08842105263157894 0.05852842809364549
0 0.10736842105263159 0.451505016722408 0.08947368421052632 0.06688963210702341
0 0.29894736842105263 0.5234113712374582 0.11578947368421053 0.046822742474916385
0 0.5284210526315789 0.5050167224080268 0.11052631578947368 0.046822742474916385
0 0.9052631578947369 0.5317725752508361 0.09473684210526316 0.09531772575250837
