0 0.18736842105263157 0.5083612040133779 0.4463157894736842 0.21237458193979933
0 -0.002105263157894737 0.7508361204013378 0.05157894736842105 0.2408026755852843
0 0.6821052631578948 0.794314381270903 0.21263157894736842 0.14046822742474915
0 0.004210526315789474 0.17558528428093645 0.023157894736842106 0.02508361204013378
0 0.04736842105263158 0.19899665551839466 0.029473684210526315 0.02508361204013378
0 0.021052631578947368 0.21906354515050167 0.028421052631578948 0.026755852842809364
0 0.06631578947368422 0.24581939799331104 0.030526315789473683 0.030100334448160536
0 0.016842105263157894 0.25585284280936454 0.028421052631578948 0.04013377926421405
0 0.022105263157894735 0.38127090301003347 0.049473684210526316 0.06020066889632107
0 0.2073684210526316 0.4280936454849498 0.08736842105263158 0.05852842809364549
0 0.1 0.4431438127090301 0.0863157894736842 0.06856187290969899
0 0.27473684210526317 0.520066889632107 0.12105263157894737 0.046822742474916385
0 0.49473684210526314 0.5066889632107023 0.13578947368421052 0.05016722408026756
0 0.7105263157894737 0.5568561872909699 0.16105263157894736 0.07525083612040134
0 0.8936842105263157 0.5267558528428093 0.10736842105263159 0.10535117056856187
