0 0.1863157894736842 0.5083612040133779 0.44842105263157894 0.2140468227424749
0 -0.002105263157894737 0.7508361204013378 0.05052631578947368 0.2408026755852843
0 0.6810526315789474 0.794314381270903 0.21368421052631578 0.13879598662207357
0 0.004210526315789474 0.17391304347826086 0.023157894736842106 0.02508361204013378
0 0.04736842105263158 0.19732441471571907 0.029473684210526315 0.026755852842809364
0 0.022105263157894735 0.21906354515050167 0.028421052631578948 0.026755852842809364
0 0.06631578947368422 0.24581939799331104 0.030526315789473683 0.030100334448160536
0 0.016842105263157894 0.25585284280936454 0.028421052631578948 0.04013377926421405
0 0.022105263157894735 0.38127090301003347 0.05052631578947368 0.06020066889632107
0 0.2073684210526316 0.4280936454849498 0.08736842105263158 0.05852842809364549
0 0.10105263157894737 0.4431438127090301 0.0863157894736842 0.06856187290969899
0 0.27473684210526317 0.520066889632107 0.12105263157894737 0.046822742474916385
0 0.4936842105263158 0.5066889632107023 0.13789473684210526 0.05016722408026756
0 0.7105263157894737 0.5568561872909699 0.16210526315789472 0.07525083612040134
0 0.8936842105263157 0.5284280936454849 0.10736842105263159 0.10535117056856187
