0 0.1631578947368421 0.5083612040133779 0.4378947368421053 0.2140468227424749
0 0.6768421052631579 0.7959866220735786 0.2 0.13043478260869565
0 0.002105263157894737 0.17391304347826086 0.023157894736842106 0.030100334448160536
0 0.04736842105263158 0.1956521739130435 0.029473684210526315 0.026755852842809364
0 0.023157894736842106 0.21906354515050167 0.02631578947368421 0.026755852842809364
0 0.018947368421052633 0.2525083612040134 0.02526315789473684 0.03177257525083612
0 0.06736842105263158 0.24247491638795987 0.029473684210526315 0.03177257525083612
0 0.022105263157894735 0.3762541806020067 0.04736842105263158 0.06521739130434782
0 0.08947368421052632 0.43478260869565216 0.08526315789473685 0.07190635451505016
0 0.1968421052631579 0.4230769230769231 0.08736842105263158 0.05852842809364549
0 0.48736842105263156 0.4983277591973244 0.13157894736842105 0.046822742474916385
0 0.888421052631579 0.5317725752508361 0.11473684210526315 0.09866220735785954
0 0.7073684210526315 0.5652173913043478 0.14736842105263157 0.07692307692307693
