0 0.1463157894736842 0.5016722408026756 0.4431578947368421 0.22240802675585283
0 0.6536842105263158 0.7926421404682275 0.2073684210526316 0.1354515050167224
0 0.002105263157894737 0.17224080267558528 0.023157894736842106 0.028428093645484948
0 0.04631578947368421 0.1956521739130435 0.029473684210526315 0.02508361204013378
0 0.024210526315789474 0.21739130434782608 0.02526315789473684 0.02508361204013378
0 0.018947368421052633 0.25418060200668896 0.02631578947368421 0.030100334448160536
0 0.06736842105263158 0.24247491638795987 0.029473684210526315 0.030100334448160536
0 0.022105263157894735 0.3729096989966555 0.0431578947368421 0.07023411371237458
0 0.08526315789473685 0.43478260869565216 0.08210526315789474 0.06688963210702341
0 0.19052631578947368 0.4214046822742475 0.08421052631578947 0.05852842809364549
0 0.4663157894736842 0.49498327759197325 0.1368421052631579 0.048494983277591976
0 0.2505263157894737 0.5117056856187291 0.11578947368421053 0.05351170568561873
0 0.8757894736842106 0.5351170568561873 0.12947368421052632 0.09364548494983277
0 0.6968421052631579 0.5652173913043478 0.14736842105263157 0.07692307692307693
