0 0.14526315789473684 0.5050167224080268 0.42105263157894735 0.22408026755852842
0 0.631578947368421 0.7926421404682275 0.21368421052631578 0.14214046822742474
0 0.0010526315789473684 0.1705685618729097 0.021052631578947368 0.028428093645484948
0 0.045263157894736845 0.1939799331103679 0.028421052631578948 0.02508361204013378
0 0.021052631578947368 0.21906354515050167 0.02631578947368421 0.02508361204013378
0 0.018947368421052633 0.2508361204013378 0.02736842105263158 0.03177257525083612
0 0.06526315789473684 0.2391304347826087 0.030526315789473683 0.033444816053511704
0 0.02 0.3695652173913043 0.0431578947368421 0.07023411371237458
0 0.18736842105263157 0.4197324414715719 0.07789473684210527 0.05351170568561873
0 0.07894736842105263 0.4280936454849498 0.07684210526315789 0.06856187290969899
0 0.4473684210526316 0.49331103678929766 0.13789473684210526 0.05016722408026756
0 0.8705263157894737 0.5367892976588629 0.13263157894736843 0.09197324414715718
0 0.6852631578947368 0.5652173913043478 0.15789473684210525 0.07692307692307693
