0 0.14105263157894737 0.4983277591973244 0.4147368421052632 0.22742474916387959
0 0.62 0.7959866220735786 0.20526315789473684 0.1354515050167224
0 0.002105263157894737 0.1705685618729097 0.021052631578947368 0.028428093645484948
0 0.045263157894736845 0.19230769230769232 0.028421052631578948 0.02508361204013378
0 0.022105263157894735 0.21906354515050167 0.02526315789473684 0.02508361204013378
0 0.018947368421052633 0.2508361204013378 0.02631578947368421 0.033444816053511704
0 0.06736842105263158 0.23745819397993312 0.029473684210526315 0.033444816053511704
0 0.015789473684210527 0.36622073578595316 0.04105263157894737 0.051839464882943144
0 0.17894736842105263 0.41638795986622074 0.07789473684210527 0.05351170568561873
0 0.07052631578947369 0.42642140468227424 0.08 0.06856187290969899
0 0.43894736842105264 0.4916387959866221 0.13263157894736843 0.05518394648829431
0 0.8642105263157894 0.5384615384615384 0.13263157894736843 0.08695652173913043
0 0.68 0.5652173913043478 0.14842105263157895 0.07692307692307693
