0 0.11368421052631579 0.47157190635451507 0.41157894736842104 0.23076923076923078
0 0.5842105263157895 0.8010033444816054 0.20105263157894737 0.13043478260869565
0 0.02526315789473684 0.20066889632107024 0.02631578947368421 0.028428093645484948
0 0.042105263157894736 0.19230769230769232 0.030526315789473683 0.02508361204013378
0 0.023157894736842106 0.22073578595317725 0.02526315789473684 0.02508361204013378
0 0.06631578947368422 0.23076923076923078 0.030526315789473683 0.028428093645484948
0 0.021052631578947368 0.24581939799331104 0.024210526315789474 0.03177257525083612
0 0.015789473684210527 0.3612040133779264 0.03894736842105263 0.05016722408026756
0 0.16105263157894736 0.40468227424749165 0.08105263157894736 0.05852842809364549
0 0.06315789473684211 0.4197324414715719 0.06947368421052631 0.061872909698996656
0 0.4189473684210526 0.4866220735785953 0.13052631578947368 0.061872909698996656
0 0.8431578947368421 0.5367892976588629 0.14947368421052631 0.09531772575250837
0 0.6589473684210526 0.5652173913043478 0.15578947368421053 0.07859531772575251
