0 0.11263157894736842 0.4665551839464883 0.4010526315789474 0.23578595317725753
0 0.8357894736842105 0.5301003344481605 0.14210526315789473 0.11036789297658862
0 0.5673684210526316 0.7993311036789298 0.20210526315789473 0.13712374581939799
0 0.024210526315789474 0.20234113712374582 0.028421052631578948 0.026755852842809364
0 0.04105263157894737 0.19230769230769232 0.030526315789473683 0.02508361204013378
0 0.06631578947368422 0.23076923076923078 0.030526315789473683 0.026755852842809364
0 0.021052631578947368 0.24414715719063546 0.02526315789473684 0.03177257525083612
0 0.015789473684210527 0.35618729096989965 0.037894736842105266 0.05351170568561873
0 0.06 0.41304347826086957 0.06736842105263158 0.061872909698996656
0 0.15368421052631578 0.40635451505016723 0.07894736842105263 0.05351170568561873
0 0.3989473684210526 0.4882943143812709 0.13052631578947368 0.056856187290969896
0 0.6536842105263158 0.5668896321070234 0.15157894736842106 0.07525083612040134
