0 0.07789473684210527 0.459866220735786 0.4073684210526316 0.2491638795986622
0 0.5421052631578948 0.8076923076923077 0.2063157894736842 0.12374581939799331
0 0.04105263157894737 0.19063545150501673 0.031578947368421054 0.02508361204013378
0 0.06736842105263158 0.23076923076923078 0.029473684210526315 0.026755852842809364
0 0.022105263157894735 0.24414715719063546 0.02526315789473684 0.03177257525083612
0 0.014736842105263158 0.35451505016722407 0.037894736842105266 0.05016722408026756
0 0.05052631578947368 0.411371237458194 0.06947368421052631 0.06354515050167224
0 0.14736842105263157 0.40301003344481606 0.07473684210526316 0.05351170568561873
0 0.39263157894736844 0.48327759197324416 0.12105263157894737 0.06688963210702341
0 0.8305263157894737 0.5434782608695652 0.15052631578947367 0.07859531772575251
0 0.6389473684210526 0.5735785953177257 0.14947368421052631 0.07023411371237458
