0 0.07368421052631578 0.46321070234113715 0.3957894736842105 0.2408026755852843
0 0.5326315789473685 0.802675585284281 0.20210526315789473 0.13043478260869565
0 0.02736842105263158 0.20234113712374582 0.02736842105263158 0.026755852842809364
0 0.04105263157894737 0.19063545150501673 0.029473684210526315 0.02508361204013378
0 0.06736842105263158 0.22742474916387959 0.028421052631578948 0.026755852842809364
0 0.022105263157894735 0.24247491638795987 0.024210526315789474 0.03177257525083612
0 0.009473684210526316 0.3411371237458194 0.042105263157894736 0.056856187290969896
0 0.04736842105263158 0.40468227424749165 0.06526315789473684 0.06521739130434782
0 0.1431578947368421 0.3996655518394649 0.07052631578947369 0.05351170568561873
0 0.37157894736842106 0.479933110367893 0.1336842105263158 0.06856187290969899
0 0.8178947368421052 0.5468227424749164 0.14842105263157895 0.0802675585284281
0 0.6336842105263157 0.5702341137123745 0.15157894736842106 0.07525083612040134
