0 0.05578947368421053 0.4665551839464883 0.4031578947368421 0.21739130434782608
0 0.5842105263157895 0.5635451505016722 0.2 0.08862876254180602
0 0.5126315789473684 0.8043478260869565 0.1936842105263158 0.1254180602006689
0 0.02736842105263158 0.19732441471571907 0.030526315789473683 0.028428093645484948
0 0.037894736842105266 0.1939799331103679 0.031578947368421054 0.023411371237458192
0 0.06631578947368422 0.225752508361204 0.029473684210526315 0.026755852842809364
0 0.022105263157894735 0.2408026755852843 0.02526315789473684 0.03177257525083612
0 0.005263157894736842 0.3394648829431438 0.045263157894736845 0.056856187290969896
0 0.0431578947368421 0.3979933110367893 0.06631578947368422 0.06856187290969899
0 0.14210526315789473 0.3996655518394649 0.06947368421052631 0.05351170568561873
0 0.3705263157894737 0.4782608695652174 0.1168421052631579 0.06856187290969899
0 0.8126315789473684 0.5501672240802675 0.14842105263157895 0.07692307692307693
