0 0.05157894736842105 0.46488294314381273 0.39263157894736844 0.20903010033444816
0 0.5684210526315789 0.5635451505016722 0.21789473684210525 0.08862876254180602
0 0.4978947368421053 0.802675585284281 0.1863157894736842 0.1254180602006689
0 0.028421052631578948 0.19899665551839466 0.028421052631578948 0.026755852842809364
0 0.03894736842105263 0.1939799331103679 0.030526315789473683 0.023411371237458192
0 0.06631578947368422 0.22073578595317725 0.029473684210526315 0.028428093645484948
0 0.021052631578947368 0.2391304347826087 0.02526315789473684 0.033444816053511704
0 0.007368421052631579 0.3394648829431438 0.042105263157894736 0.05351170568561873
0 0.1336842105263158 0.3963210702341137 0.06947368421052631 0.048494983277591976
0 0.03684210526315789 0.3963210702341137 0.06842105263157895 0.06354515050167224
0 0.3463157894736842 0.479933110367893 0.13052631578947368 0.06688963210702341
0 0.8126315789473684 0.5518394648829431 0.14105263157894737 0.07525083612040134
