0 0.05052631578947368 0.45819397993311034 0.37473684210526315 0.22408026755852842
0 0.5778947368421052 0.5635451505016722 0.18947368421052632 0.09364548494983277
0 0.4831578947368421 0.8093645484949833 0.18736842105263157 0.12040133779264214
0 0.028421052631578948 0.19732441471571907 0.029473684210526315 0.030100334448160536
0 0.04 0.1939799331103679 0.02736842105263158 0.021739130434782608
0 0.024210526315789474 0.225752508361204 0.02526315789473684 0.026755852842809364
0 0.06631578947368422 0.22240802675585283 0.028421052631578948 0.026755852842809364
0 0.021052631578947368 0.2391304347826087 0.02631578947368421 0.033444816053511704
0 0.00631578947368421 0.3377926421404682 0.04105263157894737 0.051839464882943144
0 0.03263157894736842 0.3896321070234114 0.06736842105263158 0.061872909698996656
0 0.12421052631578948 0.3896321070234114 0.07368421052631578 0.051839464882943144
0 0.35157894736842105 0.4765886287625418 0.10736842105263159 0.06354515050167224
0 0.791578947368421 0.5468227424749164 0.15052631578947367 0.0903010033444816
