0 0.037894736842105266 0.4498327759197324 0.36210526315789476 0.22240802675585283
0 0.4494736842105263 0.7842809364548495 0.17578947368421052 0.11705685618729098
0 0.028421052631578948 0.17725752508361203 0.02631578947368421 0.023411371237458192
0 0.02736842105263158 0.1939799331103679 0.031578947368421054 0.030100334448160536
0 0.06736842105263158 0.21906354515050167 0.028421052631578948 0.028428093645484948
0 0.023157894736842106 0.23578595317725753 0.02526315789473684 0.03177257525083612
0 0.00631578947368421 0.3377926421404682 0.03894736842105263 0.0451505016722408
0 0.02736842105263158 0.38461538461538464 0.06315789473684211 0.061872909698996656
0 0.11894736842105263 0.38294314381270905 0.06736842105263158 0.048494983277591976
0 0.3263157894736842 0.47157190635451507 0.11052631578947368 0.07023411371237458
0 0.7852631578947369 0.5451505016722408 0.13789473684210526 0.08695652173913043
0 0.5863157894736842 0.568561872909699 0.14842105263157895 0.07357859531772576
0 0.49473684210526314 0.8361204013377926 0.1336842105263158 0.08862876254180602
