0 0.035789473684210524 0.4498327759197324 0.3631578947368421 0.22408026755852842
0 0.783157894736842 0.5468227424749164 0.14526315789473684 0.11204013377926421
0 0.45052631578947366 0.7842809364548495 0.17473684210526316 0.11705685618729098
0 0.028421052631578948 0.17725752508361203 0.02631578947368421 0.023411371237458192
0 0.02736842105263158 0.1939799331103679 0.031578947368421054 0.030100334448160536
0 0.06736842105263158 0.21906354515050167 0.028421052631578948 0.028428093645484948
0 0.023157894736842106 0.23578595317725753 0.02526315789473684 0.03177257525083612
0 0.00631578947368421 0.3377926421404682 0.04 0.0451505016722408
0 0.02631578947368421 0.38461538461538464 0.06315789473684211 0.061872909698996656
0 0.11894736842105263 0.38294314381270905 0.06736842105263158 0.048494983277591976
0 0.3263157894736842 0.47157190635451507 0.11052631578947368 0.06856187290969899
0 0.5863157894736842 0.5668896321070234 0.14947368421052631 0.07357859531772576
0 0.49473684210526314 0.8361204013377926 0.1336842105263158 0.08695652173913043
