0 0.030526315789473683 0.44816053511705684 0.36 0.22742474916387959
0 0.7652631578947369 0.5451505016722408 0.15368421052631578 0.11371237458193979
0 0.42105263157894735 0.8093645484949833 0.19157894736842104 0.11036789297658862
0 0.028421052631578948 0.17892976588628762 0.02631578947368421 0.021739130434782608
0 0.02631578947368421 0.1939799331103679 0.030526315789473683 0.028428093645484948
0 0.06736842105263158 0.21739130434782608 0.028421052631578948 0.028428093645484948
0 0.023157894736842106 0.23578595317725753 0.02526315789473684 0.03177257525083612
0 0.007368421052631579 0.3377926421404682 0.037894736842105266 0.043478260869565216
0 0.022105263157894735 0.38294314381270905 0.06631578947368422 0.06020066889632107
0 0.11157894736842106 0.3795986622073579 0.06736842105263158 0.0451505016722408
0 0.3031578947368421 0.47157190635451507 0.1231578947368421 0.06521739130434782
0 0.5810526315789474 0.568561872909699 0.14947368421052631 0.07692307692307693
