0 0.00631578947368421 0.451505016722408 0.3526315789473684 0.2140468227424749
0 0.5452631578947369 0.560200668896321 0.1863157894736842 0.09197324414715718
0 0.7578947368421053 0.5451505016722408 0.1568421052631579 0.11705685618729098
0 0.3957894736842105 0.8043478260869565 0.18947368421052632 0.11371237458193979
0 0.028421052631578948 0.1806020066889632 0.02736842105263158 0.020066889632107024
0 0.02631578947368421 0.1939799331103679 0.028421052631578948 0.026755852842809364
0 0.024210526315789474 0.22742474916387959 0.024210526315789474 0.030100334448160536
0 0.06736842105263158 0.21739130434782608 0.02631578947368421 0.026755852842809364
0 0.018947368421052633 0.3779264214046823 0.06421052631578947 0.05852842809364549
0 0.1031578947368421 0.3745819397993311 0.06736842105263158 0.05351170568561873
0 0.3 0.4665551839464883 0.11368421052631579 0.05518394648829431
