0 0.004210526315789474 0.451505016722408 0.3589473684210526 0.2157190635451505
0 0.5431578947368421 0.560200668896321 0.18421052631578946 0.09698996655518395
0 0.7578947368421053 0.5451505016722408 0.1568421052631579 0.11705685618729098
0 0.39789473684210525 0.8060200668896321 0.18842105263157893 0.11371237458193979
0 0.02631578947368421 0.17892976588628762 0.02736842105263158 0.021739130434782608
0 0.02631578947368421 0.19230769230769232 0.028421052631578948 0.028428093645484948
0 0.024210526315789474 0.22742474916387959 0.023157894736842106 0.028428093645484948
0 0.06736842105263158 0.21739130434782608 0.02631578947368421 0.026755852842809364
0 0.02 0.3779264214046823 0.06315789473684211 0.056856187290969896
0 0.1031578947368421 0.3745819397993311 0.06631578947368422 0.05351170568561873
0 0.29894736842105263 0.47157190635451507 0.1168421052631579 0.06354515050167224
