0 0.0010526315789473684 0.44481605351170567 0.3568421052631579 0.21237458193979933
0 0.7505263157894737 0.5384615384615384 0.16105263157894736 0.10869565217391304
0 0.5421052631578948 0.5585284280936454 0.17473684210526316 0.09866220735785954
0 0.37473684210526315 0.8043478260869565 0.1957894736842105 0.11872909698996656
0 0.024210526315789474 0.17725752508361203 0.02736842105263158 0.023411371237458192
0 0.02526315789473684 0.19230769230769232 0.02526315789473684 0.028428093645484948
0 0.024210526315789474 0.22742474916387959 0.023157894736842106 0.028428093645484948
0 0.06736842105263158 0.2140468227424749 0.02736842105263158 0.028428093645484948
0 0.10421052631578948 0.3712374581939799 0.06315789473684211 0.048494983277591976
0 0.017894736842105262 0.3712374581939799 0.05789473684210526 0.06020066889632107
0 0.2810526315789474 0.4665551839464883 0.12421052631578948 0.07190635451505016
