0 0.008421052631578947 0.4297658862876254 0.3 0.21739130434782608
0 0.7231578947368421 0.5418060200668896 0.16631578947368422 0.1020066889632107
0 0.3063157894736842 0.8093645484949833 0.20210526315789473 0.1354515050167224
0 0.018947368421052633 0.17558528428093645 0.030526315789473683 0.026755852842809364
0 0.023157894736842106 0.19230769230769232 0.02526315789473684 0.028428093645484948
0 0.06631578947368422 0.205685618729097 0.02736842105263158 0.026755852842809364
0 0.023157894736842106 0.225752508361204 0.024210526315789474 0.030100334448160536
0 0.01368421052631579 0.35785953177257523 0.05473684210526316 0.061872909698996656
0 0.09263157894736843 0.3612040133779264 0.05789473684210526 0.048494983277591976
0 0.2536842105263158 0.4531772575250836 0.11368421052631579 0.07023411371237458
0 0.5368421052631579 0.5652173913043478 0.14736842105263157 0.08193979933110368
