0 0.009473684210526316 0.4297658862876254 0.29894736842105263 0.21739130434782608
0 0.7221052631578947 0.5418060200668896 0.16736842105263158 0.1020066889632107
0 0.3031578947368421 0.8076923076923077 0.20842105263157895 0.13712374581939799
0 0.018947368421052633 0.17558528428093645 0.030526315789473683 0.026755852842809364
0 0.023157894736842106 0.1939799331103679 0.02526315789473684 0.028428093645484948
0 0.06631578947368422 0.2040133779264214 0.02736842105263158 0.028428093645484948
0 0.023157894736842106 0.225752508361204 0.024210526315789474 0.030100334448160536
0 0.01368421052631579 0.35618729096989965 0.05473684210526316 0.061872909698996656
0 0.09263157894736843 0.3612040133779264 0.05789473684210526 0.048494983277591976
0 0.2557894736842105 0.4531772575250836 0.11157894736842106 0.07023411371237458
0 0.5347368421052632 0.5668896321070234 0.14736842105263157 0.0802675585284281
