0 0.002105263157894737 0.42642140468227424 0.2968421052631579 0.21906354515050167
0 0.9273684210526316 0.7525083612040134 0.07368421052631578 0.1588628762541806
0 0.27578947368421053 0.8076923076923077 0.20842105263157895 0.13210702341137123
0 0.021052631578947368 0.1939799331103679 0.02631578947368421 0.030100334448160536
0 0.06631578947368422 0.2040133779264214 0.02631578947368421 0.026755852842809364
0 0.023157894736842106 0.22408026755852842 0.024210526315789474 0.030100334448160536
0 0.011578947368421053 0.3511705685618729 0.05157894736842105 0.06688963210702341
0 0.08736842105263158 0.3595317725752508 0.06210526315789474 0.048494983277591976
0 0.25473684210526315 0.4498327759197324 0.09894736842105263 0.06856187290969899
0 0.7136842105263158 0.5501672240802675 0.16210526315789472 0.08528428093645485
0 0.5221052631578947 0.5652173913043478 0.1463157894736842 0.0802675585284281
