0 0.0 0.4214046822742475 0.2863157894736842 0.21906354515050167
0 0.9052631578947369 0.7558528428093646 0.09368421052631579 0.1505016722408027
0 0.2505263157894737 0.8060200668896321 0.21473684210526317 0.13210702341137123
0 0.06736842105263158 0.20234113712374582 0.02631578947368421 0.028428093645484948
0 0.023157894736842106 0.22240802675585283 0.024210526315789474 0.030100334448160536
0 0.01263157894736842 0.34615384615384615 0.04842105263157895 0.06688963210702341
0 0.08105263157894736 0.35618729096989965 0.06210526315789474 0.05016722408026756
0 0.22842105263157894 0.44648829431438125 0.11473684210526315 0.07190635451505016
0 0.7073684210526315 0.5518394648829431 0.15789473684210525 0.08193979933110368
0 0.5168421052631579 0.5652173913043478 0.14842105263157895 0.07859531772575251
