0 0.0 0.42642140468227424 0.24947368421052632 0.205685618729097
0 0.8778947368421053 0.7474916387959866 0.12631578947368421 0.1588628762541806
0 0.22631578947368422 0.8076923076923077 0.2 0.13377926421404682
0 0.014736842105263158 0.17558528428093645 0.03263157894736842 0.026755852842809364
0 0.021052631578947368 0.1956521739130435 0.02526315789473684 0.028428093645484948
0 0.06736842105263158 0.20234113712374582 0.02631578947368421 0.028428093645484948
0 0.023157894736842106 0.21906354515050167 0.024210526315789474 0.03177257525083612
0 0.010526315789473684 0.34448160535117056 0.04842105263157895 0.06521739130434782
0 0.08 0.3511705685618729 0.06 0.05016722408026756
0 0.22421052631578947 0.43812709030100333 0.10947368421052632 0.07859531772575251
0 0.7 0.5568561872909699 0.1568421052631579 0.07859531772575251
0 0.508421052631579 0.5668896321070234 0.14947368421052631 0.07692307692307693
