0 0.0 0.4096989966555184 0.21578947368421053 0.21739130434782608
0 0.7968421052631579 0.7575250836120402 0.19894736842105262 0.15217391304347827
0 0.14105263157894737 0.8093645484949833 0.2073684210526316 0.13043478260869565
0 0.017894736842105262 0.1956521739130435 0.028421052631578948 0.03177257525083612
0 0.06526315789473684 0.19899665551839466 0.02736842105263158 0.030100334448160536
0 0.021052631578947368 0.2140468227424749 0.02631578947368421 0.03511705685618729
0 0.005263157894736842 0.33612040133779264 0.04736842105263158 0.05351170568561873
0 0.07684210526315789 0.3394648829431438 0.05263157894736842 0.05351170568561873
0 0.18736842105263157 0.431438127090301 0.11052631578947368 0.07692307692307693
0 0.48526315789473684 0.5652173913043478 0.14842105263157895 0.07692307692307693
0 0.6663157894736842 0.560200668896321 0.16210526315789472 0.08361204013377926
