0 0.0010526315789473684 0.411371237458194 0.21473684210526317 0.21739130434782608
0 0.7978947368421052 0.7575250836120402 0.19789473684210526 0.15384615384615385
0 0.14105263157894737 0.8093645484949833 0.2073684210526316 0.12876254180602006
0 0.018947368421052633 0.19732441471571907 0.02736842105263158 0.030100334448160536
0 0.06526315789473684 0.19899665551839466 0.02736842105263158 0.030100334448160536
0 0.021052631578947368 0.2140468227424749 0.02631578947368421 0.03511705685618729
0 0.005263157894736842 0.33612040133779264 0.04736842105263158 0.05351170568561873
0 0.07684210526315789 0.3394648829431438 0.05263157894736842 0.05351170568561873
0 0.18947368421052632 0.4297658862876254 0.10842105263157895 0.07692307692307693
0 0.48736842105263156 0.5652173913043478 0.14736842105263157 0.07692307692307693
0 0.6663157894736842 0.560200668896321 0.16105263157894736 0.08361204013377926
