0 0.0010526315789473684 0.40468227424749165 0.2073684210526316 0.22408026755852842
0 0.6610526315789473 0.5551839464882943 0.1568421052631579 0.09698996655518395
0 0.7768421052631579 0.7591973244147158 0.21789473684210525 0.14715719063545152
0 0.12 0.8076923076923077 0.2063157894736842 0.13210702341137123
0 0.017894736842105262 0.19732441471571907 0.029473684210526315 0.03177257525083612
0 0.06315789473684211 0.19899665551839466 0.028421052631578948 0.030100334448160536
0 0.021052631578947368 0.2140468227424749 0.02736842105263158 0.03511705685618729
0 0.003157894736842105 0.3311036789297659 0.04631578947368421 0.06521739130434782
0 0.07473684210526316 0.33612040133779264 0.05263157894736842 0.05518394648829431
0 0.18526315789473685 0.42474916387959866 0.10947368421052632 0.07692307692307693
0 0.4694736842105263 0.5652173913043478 0.15052631578947367 0.07692307692307693
