0 -0.002105263157894737 0.40635451505016723 0.1957894736842105 0.20903010033444816
0 0.6505263157894737 0.5551839464882943 0.16421052631578947 0.10033444816053512
0 0.7505263157894737 0.7558528428093646 0.22736842105263158 0.15217391304347827
0 0.09052631578947369 0.8127090301003345 0.2063157894736842 0.13043478260869565
0 0.017894736842105262 0.19732441471571907 0.029473684210526315 0.03511705685618729
0 0.06315789473684211 0.19899665551839466 0.028421052631578948 0.030100334448160536
0 0.021052631578947368 0.21237458193979933 0.02736842105263158 0.03678929765886288
0 0.002105263157894737 0.33444816053511706 0.04842105263157895 0.05351170568561873
0 0.07052631578947369 0.33612040133779264 0.05263157894736842 0.06020066889632107
0 0.18421052631578946 0.42642140468227424 0.09789473684210526 0.07023411371237458
0 0.46210526315789474 0.5652173913043478 0.1568421052631579 0.07692307692307693
