0 0.00631578947368421 0.4096989966555184 0.16842105263157894 0.19732441471571907
0 0.7052631578947368 0.7525083612040134 0.21263157894736842 0.15551839464882944
0 0.034736842105263156 0.81438127090301 0.2063157894736842 0.1254180602006689
0 0.002105263157894737 0.17558528428093645 0.024210526315789474 0.021739130434782608
0 0.017894736842105262 0.19732441471571907 0.029473684210526315 0.03511705685618729
0 0.06210526315789474 0.19732441471571907 0.029473684210526315 0.030100334448160536
0 0.021052631578947368 0.21237458193979933 0.028421052631578948 0.033444816053511704
0 0.07052631578947369 0.3294314381270903 0.04736842105263158 0.046822742474916385
0 0.16105263157894736 0.4197324414715719 0.1031578947368421 0.07357859531772576
0 0.4568421052631579 0.5635451505016722 0.1463157894736842 0.07525083612040134
0 0.6357894736842106 0.560200668896321 0.15789473684210525 0.08528428093645485
