0 0.005263157894736842 0.4096989966555184 0.1694736842105263 0.1956521739130435
0 0.4494736842105263 0.540133779264214 0.16105263157894736 0.10535117056856187
0 0.7042105263157895 0.754180602006689 0.21263157894736842 0.15384615384615385
0 0.034736842105263156 0.8127090301003345 0.2063157894736842 0.1254180602006689
0 0.017894736842105262 0.19899665551839466 0.029473684210526315 0.033444816053511704
0 0.06315789473684211 0.19732441471571907 0.028421052631578948 0.030100334448160536
0 0.021052631578947368 0.21237458193979933 0.029473684210526315 0.033444816053511704
0 0.07052631578947369 0.3294314381270903 0.04736842105263158 0.046822742474916385
0 0.16105263157894736 0.4197324414715719 0.10210526315789474 0.07190635451505016
0 0.6357894736842106 0.560200668896321 0.1568421052631579 0.08528428093645485
