0 -0.00631578947368421 0.38461538461538464 0.16526315789473683 0.205685618729097
0 0.6536842105263158 0.754180602006689 0.2073684210526316 0.1505016722408027
0 0.002105263157894737 0.8193979933110368 0.17684210526315788 0.1254180602006689
0 0.002105263157894737 0.17558528428093645 0.022105263157894735 0.021739130434782608
0 0.018947368421052633 0.19899665551839466 0.029473684210526315 0.030100334448160536
0 0.06210526315789474 0.1939799331103679 0.029473684210526315 0.028428093645484948
0 0.021052631578947368 0.21237458193979933 0.029473684210526315 0.033444816053511704
0 0.003157894736842105 0.31605351170568563 0.030526315789473683 0.05016722408026756
0 0.07052631578947369 0.32441471571906355 0.0431578947368421 0.03678929765886288
0 0.14842105263157895 0.41471571906354515 0.0968421052631579 0.07190635451505016
0 0.4305263157894737 0.5535117056856187 0.15052631578947367 0.08361204013377926
0 0.6168421052631579 0.560200668896321 0.1568421052631579 0.08193979933110368
