0 -0.00631578947368421 0.38294314381270905 0.16526315789473683 0.20903010033444816
0 0.6536842105263158 0.7558528428093646 0.2073684210526316 0.1505016722408027
0 0.0010526315789473684 0.8177257525083612 0.17789473684210527 0.12709030100334448
0 0.0010526315789473684 0.17558528428093645 0.022105263157894735 0.023411371237458192
0 0.018947368421052633 0.19899665551839466 0.028421052631578948 0.030100334448160536
0 0.06210526315789474 0.1939799331103679 0.029473684210526315 0.028428093645484948
0 0.021052631578947368 0.21237458193979933 0.029473684210526315 0.033444816053511704
0 0.003157894736842105 0.3177257525083612 0.031578947368421054 0.05016722408026756
0 0.07052631578947369 0.32274247491638797 0.0431578947368421 0.038461538461538464
0 0.14842105263157895 0.41471571906354515 0.0968421052631579 0.07190635451505016
0 0.4305263157894737 0.5551839464882943 0.15157894736842106 0.08193979933110368
0 0.6178947368421053 0.560200668896321 0.15578947368421053 0.08193979933110368
