0 -0.00631578947368421 0.3779264214046823 0.15789473684210525 0.21070234113712374
0 0.6263157894736842 0.7575250836120402 0.2073684210526316 0.1454849498327759
0 0.0 0.8110367892976589 0.15578947368421053 0.13377926421404682
0 0.002105263157894737 0.17391304347826086 0.022105263157894735 0.02508361204013378
0 0.018947368421052633 0.19899665551839466 0.028421052631578948 0.03177257525083612
0 0.06210526315789474 0.1939799331103679 0.029473684210526315 0.030100334448160536
0 0.021052631578947368 0.21070234113712374 0.028421052631578948 0.033444816053511704
0 0.003157894736842105 0.31270903010033446 0.031578947368421054 0.048494983277591976
0 0.06842105263157895 0.3193979933110368 0.04105263157894737 0.038461538461538464
0 0.14421052631578948 0.4096989966555184 0.09368421052631579 0.07023411371237458
0 0.41789473684210526 0.5535117056856187 0.15263157894736842 0.08193979933110368
0 0.6126315789473684 0.5618729096989966 0.15052631578947367 0.08361204013377926
