0 -0.007368421052631579 0.3779264214046823 0.15894736842105264 0.21070234113712374
0 0.6242105263157894 0.7575250836120402 0.2094736842105263 0.14715719063545152
0 0.0 0.8110367892976589 0.15578947368421053 0.13210702341137123
0 0.002105263157894737 0.17391304347826086 0.022105263157894735 0.02508361204013378
0 0.06210526315789474 0.1939799331103679 0.029473684210526315 0.030100334448160536
0 0.021052631578947368 0.21070234113712374 0.028421052631578948 0.033444816053511704
0 0.003157894736842105 0.31270903010033446 0.031578947368421054 0.048494983277591976
0 0.06842105263157895 0.3193979933110368 0.04105263157894737 0.038461538461538464
0 0.14421052631578948 0.4096989966555184 0.09368421052631579 0.06856187290969899
0 0.41789473684210526 0.5518394648829431 0.15263157894736842 0.08193979933110368
0 0.6126315789473684 0.560200668896321 0.15052631578947367 0.08528428093645485
