0 -0.007368421052631579 0.36622073578595316 0.13789473684210526 0.2040133779264214
0 0.5736842105263158 0.7558528428093646 0.20210526315789473 0.1454849498327759
0 0.0010526315789473684 0.8093645484949833 0.0863157894736842 0.13879598662207357
0 0.004210526315789474 0.17725752508361203 0.021052631578947368 0.023411371237458192
0 0.02 0.19899665551839466 0.02631578947368421 0.028428093645484948
0 0.05789473684210526 0.19230769230769232 0.02736842105263158 0.026755852842809364
0 0.022105263157894735 0.21070234113712374 0.028421052631578948 0.03511705685618729
0 0.0010526315789473684 0.3110367892976589 0.029473684210526315 0.048494983277591976
0 0.06736842105263158 0.31605351170568563 0.037894736842105266 0.04013377926421405
0 0.13473684210526315 0.40468227424749165 0.0863157894736842 0.06354515050167224
0 0.40842105263157896 0.5501672240802675 0.14736842105263157 0.08528428093645485
0 0.5926315789473684 0.560200668896321 0.15157894736842106 0.08528428093645485
