0 -0.009473684210526316 0.3612040133779264 0.13263157894736843 0.20234113712374582
0 0.39473684210526316 0.5418060200668896 0.16526315789473683 0.1020066889632107
0 0.5410526315789473 0.7591973244147158 0.2073684210526316 0.14046822742474915
0 -0.005263157894736842 0.7976588628762542 0.06842105263157895 0.1488294314381271
0 0.022105263157894735 0.20066889632107024 0.024210526315789474 0.02508361204013378
0 0.056842105263157895 0.1939799331103679 0.02736842105263158 0.02508361204013378
0 0.023157894736842106 0.21070234113712374 0.029473684210526315 0.03511705685618729
0 0.0 0.3110367892976589 0.028421052631578948 0.043478260869565216
0 0.06526315789473684 0.3110367892976589 0.037894736842105266 0.038461538461538464
0 0.12631578947368421 0.4013377926421405 0.08736842105263158 0.061872909698996656
0 0.5821052631578948 0.560200668896321 0.15263157894736842 0.08361204013377926
