0 -0.007368421052631579 0.3762541806020067 0.11789473684210526 0.17725752508361203
0 0.49157894736842106 0.7608695652173914 0.2 0.13712374581939799
0 0.005263157894736842 0.17892976588628762 0.022105263157894735 0.023411371237458192
0 0.021052631578947368 0.20234113712374582 0.02631578947368421 0.030100334448160536
0 0.056842105263157895 0.19063545150501673 0.02736842105263158 0.02508361204013378
0 0.023157894736842106 0.21237458193979933 0.029473684210526315 0.03177257525083612
0 0.011578947368421053 0.26588628762541805 0.031578947368421054 0.04013377926421405
0 0.06842105263157895 0.3076923076923077 0.031578947368421054 0.04013377926421405
0 0.11578947368421053 0.3963210702341137 0.08421052631578947 0.061872909698996656
0 0.38 0.5484949832775919 0.14842105263157895 0.08361204013377926
0 0.5652631578947368 0.5585284280936454 0.15473684210526314 0.08528428093645485
