0 0.35157894736842105 0.7558528428093646 0.19052631578947368 0.14046822742474915
0 0.004210526315789474 0.17391304347826086 0.021052631578947368 0.028428093645484948
0 0.049473684210526316 0.17892976588628762 0.029473684210526315 0.02508361204013378
0 0.02631578947368421 0.20066889632107024 0.02631578947368421 0.030100334448160536
0 0.04631578947368421 0.18729096989966554 0.030526315789473683 0.028428093645484948
0 -0.003157894736842105 0.28595317725752506 0.02736842105263158 0.046822742474916385
0 0.06315789473684211 0.29264214046822745 0.034736842105263156 0.04013377926421405
0 0.09263157894736843 0.3779264214046823 0.07473684210526316 0.06354515050167224
0 0.3389473684210526 0.5434782608695652 0.14842105263157895 0.0802675585284281
0 0.531578947368421 0.5618729096989966 0.14105263157894737 0.07859531772575251
