0 0.9273684210526316 0.391304347826087 0.07052631578947369 0.15551839464882944
0 0.015789473684210527 0.1505016722408027 0.03894736842105263 0.02508361204013378
0 0.06947368421052631 0.20066889632107024 0.02736842105263158 0.02508361204013378
0 0.008421052631578947 0.3494983277591973 0.05263157894736842 0.061872909698996656
0 0.05473684210526316 0.4197324414715719 0.08421052631578947 0.07692307692307693
0 0.22736842105263158 0.47324414715719065 0.12736842105263158 0.07023411371237458
0 0.48526315789473684 0.5033444816053512 0.1336842105263158 0.07859531772575251
0 0.9578947368421052 0.5133779264214047 0.04 0.08528428093645485
0 0.33157894736842103 0.5618729096989966 0.1568421052631579 0.07859531772575251
0 0.6684210526315789 0.5652173913043478 0.14736842105263157 0.07692307692307693
