0 0.9147368421052632 0.4096989966555184 0.08526315789473685 0.13043478260869565
0 0.016842105263157894 0.1505016722408027 0.04 0.02508361204013378
0 0.06631578947368422 0.1956521739130435 0.028421052631578948 0.026755852842809364
0 0.007368421052631579 0.33612040133779264 0.04631578947368421 0.06688963210702341
0 0.0431578947368421 0.40301003344481606 0.07368421052631578 0.07525083612040134
0 0.19894736842105262 0.459866220735786 0.13473684210526315 0.07357859531772576
0 0.4463157894736842 0.5033444816053512 0.1431578947368421 0.07692307692307693
0 0.92 0.5234113712374582 0.07894736842105263 0.08361204013377926
0 0.3 0.5518394648829431 0.15578947368421053 0.07859531772575251
0 0.6294736842105263 0.5719063545150501 0.15263157894736842 0.06856187290969899
