0 0.7063157894736842 0.45484949832775917 0.15578947368421053 0.12876254180602006
0 0.003157894736842105 0.17558528428093645 0.021052631578947368 0.02508361204013378
0 0.008421052631578947 0.2725752508361204 0.035789473684210524 0.04180602006688963
0 0.9768421052631578 0.3093645484949833 0.022105263157894735 0.043478260869565216
0 0.00631578947368421 0.32274247491638797 0.04105263157894737 0.05852842809364549
0 0.06210526315789474 0.391304347826087 0.06631578947368422 0.06020066889632107
0 0.2294736842105263 0.45484949832775917 0.10210526315789474 0.06856187290969899
0 0.08421052631578947 0.48327759197324416 0.11368421052631579 0.06688963210702341
0 0.3231578947368421 0.5484949832775919 0.14105263157894737 0.07023411371237458
0 0.6042105263157894 0.5635451505016722 0.14421052631578948 0.10033444816053512
