0 0.6852631578947368 0.46153846153846156 0.15157894736842106 0.12207357859531773
0 0.0 0.1705685618729097 0.02 0.028428093645484948
0 0.008421052631578947 0.2692307692307692 0.034736842105263156 0.04013377926421405
0 0.00631578947368421 0.31270903010033446 0.03894736842105263 0.06354515050167224
0 0.05052631578947368 0.38461538461538464 0.07157894736842105 0.06020066889632107
0 0.20526315789473684 0.45652173913043476 0.11473684210526315 0.06020066889632107
0 0.9305263157894736 0.451505016722408 0.06842105263157895 0.07357859531772576
0 0.08210526315789474 0.4765886287625418 0.09157894736842105 0.06521739130434782
0 0.30105263157894735 0.5434782608695652 0.13789473684210526 0.07190635451505016
0 0.5747368421052632 0.568561872909699 0.15263157894736842 0.09531772575250837
