0 0.6757894736842105 0.4682274247491639 0.15578947368421053 0.11538461538461539
0 0.0010526315789473684 0.17224080267558528 0.017894736842105262 0.026755852842809364
0 0.009473684210526316 0.26421404682274247 0.03263157894736842 0.038461538461538464
0 0.00631578947368421 0.3093645484949833 0.03894736842105263 0.06354515050167224
0 0.04842105263157895 0.3795986622073579 0.06842105263157895 0.061872909698996656
0 0.2031578947368421 0.4531772575250836 0.10210526315789474 0.06020066889632107
0 0.9221052631578948 0.44816053511705684 0.07789473684210527 0.07859531772575251
0 0.06631578947368422 0.4765886287625418 0.1 0.06688963210702341
0 0.29473684210526313 0.5434782608695652 0.13157894736842105 0.07357859531772576
0 0.5610526315789474 0.5702341137123745 0.15578947368421053 0.09531772575250837
