0 0.6757894736842105 0.4698996655518395 0.15578947368421053 0.11371237458193979
0 0.0010526315789473684 0.17224080267558528 0.017894736842105262 0.026755852842809364
0 0.009473684210526316 0.26755852842809363 0.03263157894736842 0.03678929765886288
0 0.00631578947368421 0.3093645484949833 0.03894736842105263 0.06354515050167224
0 0.04842105263157895 0.3795986622073579 0.06842105263157895 0.06354515050167224
0 0.2031578947368421 0.4531772575250836 0.10210526315789474 0.06020066889632107
0 0.9221052631578948 0.4498327759197324 0.07789473684210527 0.07692307692307693
0 0.06736842105263158 0.4765886287625418 0.09894736842105263 0.06688963210702341
0 0.29473684210526313 0.5434782608695652 0.13263157894736843 0.07357859531772576
0 0.5610526315789474 0.5702341137123745 0.15473684210526314 0.09531772575250837
