0 0.86 0.48327759197324416 0.14 0.14381270903010032
0 0.022105263157894735 0.22073578595317725 0.02631578947368421 0.033444816053511704
0 0.01368421052631579 0.2591973244147157 0.02736842105263158 0.04180602006688963
0 0.02736842105263158 0.31270903010033446 0.037894736842105266 0.043478260869565216
0 0.08736842105263158 0.3712374581939799 0.05578947368421053 0.038461538461538464
0 0.007368421052631579 0.3896321070234114 0.04631578947368421 0.046822742474916385
0 0.11157894736842106 0.47324414715719065 0.10421052631578948 0.06856187290969899
0 0.4336842105263158 0.46321070234113715 0.11578947368421053 0.09531772575250837
0 0.6968421052631579 0.49665551839464883 0.16631578947368422 0.08361204013377926
0 0.32 0.5568561872909699 0.12736842105263158 0.08862876254180602
