0 0.42 0.45652173913043476 0.14421052631578948 0.11204013377926421
0 0.6842105263157895 0.4916387959866221 0.16736842105263158 0.1020066889632107
0 0.8568421052631578 0.48494983277591974 0.14105263157894737 0.14381270903010032
0 0.023157894736842106 0.22073578595317725 0.02526315789473684 0.030100334448160536
0 0.01263157894736842 0.25752508361204013 0.029473684210526315 0.038461538461538464
0 0.02736842105263158 0.3093645484949833 0.035789473684210524 0.04180602006688963
0 0.0863157894736842 0.3695652173913043 0.05157894736842105 0.038461538461538464
0 0.00631578947368421 0.3862876254180602 0.045263157894736845 0.0451505016722408
0 0.10947368421052632 0.47157190635451507 0.09578947368421052 0.061872909698996656
0 0.31684210526315787 0.5518394648829431 0.12631578947368421 0.08695652173913043
