0 0.4105263157894737 0.451505016722408 0.14947368421052631 0.11204013377926421
0 0.6789473684210526 0.49331103678929766 0.16210526315789472 0.09866220735785954
0 0.8410526315789474 0.4866220735785953 0.15052631578947367 0.13712374581939799
0 0.024210526315789474 0.22073578595317725 0.024210526315789474 0.026755852842809364
0 0.015789473684210527 0.2525083612040134 0.02736842105263158 0.03511705685618729
0 0.02736842105263158 0.3093645484949833 0.03368421052631579 0.04013377926421405
0 0.08105263157894736 0.35785953177257523 0.05789473684210526 0.056856187290969896
0 0.005263157894736842 0.38461538461538464 0.04421052631578947 0.04180602006688963
0 0.10631578947368421 0.46153846153846156 0.09052631578947369 0.07023411371237458
0 0.2894736842105263 0.5518394648829431 0.14421052631578948 0.08695652173913043
