0 0.3989473684210526 0.451505016722408 0.1463157894736842 0.11371237458193979
0 0.6747368421052632 0.49498327759197325 0.16 0.09698996655518395
0 0.8336842105263158 0.4882943143812709 0.15263157894736842 0.13377926421404682
0 0.023157894736842106 0.21739130434782608 0.024210526315789474 0.028428093645484948
0 0.017894736842105262 0.2491638795986622 0.02526315789473684 0.04013377926421405
0 0.02736842105263158 0.2993311036789298 0.03263157894736842 0.038461538461538464
0 0.07894736842105263 0.35451505016722407 0.056842105263157895 0.056856187290969896
0 0.005263157894736842 0.38127090301003347 0.0431578947368421 0.04013377926421405
0 0.09473684210526316 0.46153846153846156 0.09789473684210526 0.06688963210702341
0 0.29157894736842105 0.5518394648829431 0.12526315789473685 0.08361204013377926
