0 0.6684210526315789 0.49498327759197325 0.15263157894736842 0.09364548494983277
0 0.8263157894736842 0.49498327759197325 0.15263157894736842 0.12040133779264214
0 0.023157894736842106 0.2157190635451505 0.02526315789473684 0.030100334448160536
0 0.017894736842105262 0.24749163879598662 0.02526315789473684 0.04013377926421405
0 0.02631578947368421 0.2993311036789298 0.03368421052631579 0.04013377926421405
0 0.004210526315789474 0.3745819397993311 0.0431578947368421 0.043478260869565216
0 0.08842105263157894 0.35618729096989965 0.04 0.0451505016722408
0 0.09157894736842105 0.459866220735786 0.09263157894736843 0.06688963210702341
0 0.38842105263157894 0.46488294314381273 0.14 0.09364548494983277
0 0.27473684210526317 0.5501672240802675 0.1336842105263158 0.08361204013377926
