0 0.3705263157894737 0.4498327759197324 0.14736842105263157 0.11371237458193979
0 0.6494736842105263 0.49498327759197325 0.16 0.09364548494983277
0 0.7926315789473685 0.5050167224080268 0.1736842105263158 0.12709030100334448
0 0.022105263157894735 0.2157190635451505 0.02526315789473684 0.030100334448160536
0 0.02 0.24247491638795987 0.02526315789473684 0.038461538461538464
0 0.9063157894736842 0.27591973244147155 0.042105263157894736 0.038461538461538464
0 0.02631578947368421 0.29431438127090304 0.03368421052631579 0.04180602006688963
0 0.08 0.3494983277591973 0.045263157894736845 0.043478260869565216
0 0.004210526315789474 0.36454849498327757 0.03368421052631579 0.043478260869565216
0 0.08526315789473685 0.4498327759197324 0.08421052631578947 0.06856187290969899
0 0.2505263157894737 0.5418060200668896 0.1336842105263158 0.08528428093645485
