0 0.36 0.44816053511705684 0.15157894736842106 0.11371237458193979
0 0.6347368421052632 0.49331103678929766 0.16736842105263158 0.09197324414715718
0 0.7842105263157895 0.5033444816053512 0.17684210526315788 0.12876254180602006
0 0.024210526315789474 0.205685618729097 0.02526315789473684 0.02508361204013378
0 0.022105263157894735 0.2140468227424749 0.02526315789473684 0.030100334448160536
0 0.018947368421052633 0.2408026755852843 0.02526315789473684 0.04180602006688963
0 0.9052631578947369 0.27424749163879597 0.04631578947368421 0.043478260869565216
0 0.02631578947368421 0.2909698996655518 0.03263157894736842 0.04013377926421405
0 0.0010526315789473684 0.3612040133779264 0.03684210526315789 0.0451505016722408
0 0.07789473684210527 0.44648829431438125 0.08526315789473685 0.07023411371237458
0 0.24842105263157896 0.5434782608695652 0.12105263157894737 0.0802675585284281
