0 0.3473684210526316 0.4397993311036789 0.15052631578947367 0.10869565217391304
0 0.771578947368421 0.5050167224080268 0.18421052631578946 0.13043478260869565
0 0.022105263157894735 0.205685618729097 0.02736842105263158 0.026755852842809364
0 0.017894736842105262 0.2391304347826087 0.02631578947368421 0.04180602006688963
0 0.9042105263157895 0.27591973244147155 0.05052631578947368 0.04013377926421405
0 0.02736842105263158 0.28762541806020064 0.031578947368421054 0.043478260869565216
0 0.07052631578947369 0.3377926421404682 0.045263157894736845 0.0451505016722408
0 0.002105263157894737 0.35785953177257523 0.03368421052631579 0.05016722408026756
0 0.06947368421052631 0.4397993311036789 0.08947368421052632 0.07859531772575251
0 0.6231578947368421 0.5016722408026756 0.16105263157894736 0.0802675585284281
0 0.24421052631578946 0.5384615384615384 0.1168421052631579 0.08528428093645485
