0 0.7494736842105263 0.5083612040133779 0.19052631578947368 0.12374581939799331
0 0.023157894736842106 0.2040133779264214 0.02631578947368421 0.026755852842809364
0 0.023157894736842106 0.21739130434782608 0.02526315789473684 0.03177257525083612
0 0.018947368421052633 0.2391304347826087 0.02631578947368421 0.038461538461538464
0 0.02631578947368421 0.2842809364548495 0.030526315789473683 0.04180602006688963
0 0.9073684210526316 0.27591973244147155 0.05263157894736842 0.05852842809364549
0 0.06736842105263158 0.33444816053511706 0.04736842105263158 0.0451505016722408
0 0.002105263157894737 0.35618729096989965 0.03263157894736842 0.0451505016722408
0 0.06842105263157895 0.43478260869565216 0.08315789473684211 0.08528428093645485
0 0.3452631578947368 0.45484949832775917 0.1368421052631579 0.09698996655518395
0 0.6105263157894737 0.5016722408026756 0.16842105263157894 0.0802675585284281
0 0.22736842105263158 0.5367892976588629 0.12210526315789473 0.08695652173913043
