0 0.7505263157894737 0.5083612040133779 0.18947368421052632 0.12374581939799331
0 0.024210526315789474 0.2040133779264214 0.02526315789473684 0.02508361204013378
0 0.023157894736842106 0.21739130434782608 0.02526315789473684 0.03177257525083612
0 0.017894736842105262 0.24247491638795987 0.02631578947368421 0.03678929765886288
0 0.02631578947368421 0.2842809364548495 0.031578947368421054 0.04180602006688963
0 0.9073684210526316 0.27591973244147155 0.05157894736842105 0.05852842809364549
0 0.06842105263157895 0.33612040133779264 0.045263157894736845 0.0451505016722408
0 0.002105263157894737 0.35618729096989965 0.03263157894736842 0.0451505016722408
0 0.06842105263157895 0.43478260869565216 0.08315789473684211 0.08528428093645485
0 0.3452631578947368 0.45484949832775917 0.1368421052631579 0.09698996655518395
0 0.6105263157894737 0.5016722408026756 0.16736842105263158 0.07859531772575251
0 0.22842105263157894 0.5351170568561873 0.12105263157894737 0.08862876254180602
