0 0.3021052631578947 0.4414715719063545 0.14842105263157895 0.10367892976588629
0 0.7042105263157895 0.5234113712374582 0.18 0.11036789297658862
0 0.023157894736842106 0.19732441471571907 0.02526315789473684 0.03177257525083612
0 0.022105263157894735 0.23244147157190637 0.024210526315789474 0.0451505016722408
0 0.02736842105263158 0.2709030100334448 0.02631578947368421 0.04180602006688963
0 0.9231578947368421 0.28595317725752506 0.05894736842105263 0.051839464882943144
0 0.06315789473684211 0.3193979933110368 0.042105263157894736 0.03678929765886288
0 0.0 0.3377926421404682 0.031578947368421054 0.046822742474916385
0 0.05052631578947368 0.4230769230769231 0.07789473684210527 0.07190635451505016
0 0.8368421052631579 0.4816053511705686 0.08842105263157894 0.061872909698996656
0 0.5726315789473684 0.5066889632107023 0.16421052631578947 0.07692307692307693
0 0.18210526315789474 0.5250836120401338 0.12526315789473685 0.08528428093645485
0 0.9452631578947368 0.5167224080267558 0.05473684210526316 0.0802675585284281
