0 0.3031578947368421 0.4431438127090301 0.14842105263157895 0.10367892976588629
0 0.7031578947368421 0.5234113712374582 0.18210526315789474 0.11036789297658862
0 0.022105263157894735 0.19732441471571907 0.02631578947368421 0.03177257525083612
0 0.024210526315789474 0.22240802675585283 0.023157894736842106 0.03511705685618729
0 0.022105263157894735 0.23411371237458195 0.024210526315789474 0.043478260869565216
0 0.02736842105263158 0.2709030100334448 0.02631578947368421 0.04180602006688963
0 0.9231578947368421 0.28595317725752506 0.05894736842105263 0.051839464882943144
0 0.06210526315789474 0.3193979933110368 0.0431578947368421 0.03678929765886288
0 0.0 0.3377926421404682 0.031578947368421054 0.046822742474916385
0 0.05157894736842105 0.4230769230769231 0.07789473684210527 0.07357859531772576
0 0.8368421052631579 0.48327759197324416 0.08842105263157894 0.06020066889632107
0 0.5726315789473684 0.5066889632107023 0.1631578947368421 0.07692307692307693
0 0.18210526315789474 0.5250836120401338 0.12526315789473685 0.08528428093645485
0 0.9463157894736842 0.5150501672240803 0.05368421052631579 0.07859531772575251
