0 0.29368421052631577 0.43812709030100333 0.14736842105263157 0.10702341137123746
0 0.6968421052631579 0.5250836120401338 0.17684210526315788 0.11204013377926421
0 0.022105263157894735 0.1956521739130435 0.02526315789473684 0.03177257525083612
0 0.02526315789473684 0.22240802675585283 0.023157894736842106 0.03678929765886288
0 0.02736842105263158 0.2709030100334448 0.02736842105263158 0.043478260869565216
0 0.9284210526315789 0.28762541806020064 0.05894736842105263 0.051839464882943144
0 0.06210526315789474 0.31270903010033446 0.04105263157894737 0.04180602006688963
0 0.0 0.3377926421404682 0.030526315789473683 0.043478260869565216
0 0.04842105263157895 0.4180602006688963 0.07578947368421053 0.07692307692307693
0 0.8231578947368421 0.4816053511705686 0.09368421052631579 0.06354515050167224
0 0.5621052631578948 0.5050167224080268 0.16210526315789472 0.0802675585284281
0 0.17894736842105263 0.5217391304347826 0.11894736842105263 0.08193979933110368
0 0.9389473684210526 0.5217391304347826 0.06210526315789474 0.07525083612040134
