0 0.28421052631578947 0.43478260869565216 0.15263157894736842 0.10869565217391304
0 0.6842105263157895 0.5250836120401338 0.1736842105263158 0.10869565217391304
0 0.022105263157894735 0.1956521739130435 0.02526315789473684 0.03177257525083612
0 0.023157894736842106 0.22240802675585283 0.02526315789473684 0.03678929765886288
0 0.028421052631578948 0.26755852842809363 0.02631578947368421 0.04180602006688963
0 0.9315789473684211 0.2909698996655518 0.06 0.051839464882943144
0 0.06421052631578947 0.3093645484949833 0.035789473684210524 0.04180602006688963
0 0.0 0.33444816053511706 0.028421052631578948 0.043478260869565216
0 0.04631578947368421 0.411371237458194 0.07368421052631578 0.06521739130434782
0 0.5515789473684211 0.5033444816053512 0.16631578947368422 0.08193979933110368
0 0.17473684210526316 0.5183946488294314 0.11263157894736842 0.08193979933110368
0 0.9326315789473684 0.520066889632107 0.06631578947368422 0.08193979933110368
