0 0.2810526315789474 0.431438127090301 0.14736842105263157 0.10869565217391304
0 0.6663157894736842 0.5267558528428093 0.18105263157894738 0.11371237458193979
0 0.021052631578947368 0.1939799331103679 0.02526315789473684 0.03177257525083612
0 0.024210526315789474 0.21906354515050167 0.024210526315789474 0.038461538461538464
0 0.02736842105263158 0.26421404682274247 0.02631578947368421 0.04180602006688963
0 0.9378947368421052 0.29431438127090304 0.05578947368421053 0.04013377926421405
0 0.06210526315789474 0.3076923076923077 0.03684210526315789 0.038461538461538464
0 0.0 0.3294314381270903 0.02736842105263158 0.0451505016722408
0 0.045263157894736845 0.411371237458194 0.06842105263157895 0.06521739130434782
0 0.5505263157894736 0.5033444816053512 0.15578947368421053 0.08193979933110368
0 0.15789473684210525 0.5150501672240803 0.12 0.08695652173913043
0 0.9210526315789473 0.5167224080267558 0.08 0.08695652173913043
