0 0.26842105263157895 0.42642140468227424 0.14842105263157895 0.11204013377926421
0 0.6505263157894737 0.5234113712374582 0.18526315789473685 0.11204013377926421
0 0.02 0.1939799331103679 0.02631578947368421 0.033444816053511704
0 0.024210526315789474 0.21739130434782608 0.024210526315789474 0.04180602006688963
0 0.02736842105263158 0.26421404682274247 0.02631578947368421 0.04013377926421405
0 0.05894736842105263 0.30267558528428096 0.03894736842105263 0.03678929765886288
0 0.94 0.29264214046822745 0.05894736842105263 0.051839464882943144
0 0.0010526315789473684 0.3294314381270903 0.02526315789473684 0.046822742474916385
0 0.042105263157894736 0.4080267558528428 0.06947368421052631 0.06856187290969899
0 0.5368421052631579 0.5033444816053512 0.16 0.0802675585284281
0 0.15263157894736842 0.5133779264214047 0.11473684210526315 0.08193979933110368
0 0.9147368421052632 0.5133779264214047 0.0863157894736842 0.09197324414715718
