0 0.25894736842105265 0.4230769230769231 0.15368421052631578 0.11371237458193979
0 0.6484210526315789 0.5267558528428093 0.16421052631578947 0.11705685618729098
0 0.021052631578947368 0.1956521739130435 0.024210526315789474 0.030100334448160536
0 0.024210526315789474 0.21739130434782608 0.02526315789473684 0.038461538461538464
0 0.02736842105263158 0.26588628762541805 0.02631578947368421 0.03678929765886288
0 0.05789473684210526 0.30267558528428096 0.04105263157894737 0.03511705685618729
0 0.0 0.32274247491638797 0.028421052631578948 0.04013377926421405
0 0.034736842105263156 0.40468227424749165 0.07052631578947369 0.06354515050167224
0 0.5252631578947369 0.5050167224080268 0.16526315789473683 0.07859531772575251
0 0.7789473684210526 0.4916387959866221 0.11052631578947368 0.08361204013377926
0 0.14736842105263157 0.5083612040133779 0.11052631578947368 0.08528428093645485
0 0.9063157894736842 0.5150501672240803 0.09473684210526316 0.09698996655518395
