0 0.25894736842105265 0.4230769230769231 0.15263157894736842 0.11371237458193979
0 0.5305263157894737 0.49498327759197325 0.1631578947368421 0.09197324414715718
0 0.6484210526315789 0.5267558528428093 0.16421052631578947 0.11705685618729098
0 0.021052631578947368 0.1956521739130435 0.024210526315789474 0.030100334448160536
0 0.024210526315789474 0.21739130434782608 0.024210526315789474 0.038461538461538464
0 0.02736842105263158 0.26421404682274247 0.02631578947368421 0.038461538461538464
0 0.05789473684210526 0.30267558528428096 0.04105263157894737 0.03511705685618729
0 0.9442105263157895 0.2976588628762542 0.05368421052631579 0.04013377926421405
0 0.0 0.32274247491638797 0.028421052631578948 0.04013377926421405
0 0.9705263157894737 0.3060200668896321 0.02631578947368421 0.05016722408026756
0 0.035789473684210524 0.40468227424749165 0.07052631578947369 0.06354515050167224
0 0.7789473684210526 0.4916387959866221 0.11052631578947368 0.08361204013377926
0 0.14736842105263157 0.5083612040133779 0.11052631578947368 0.08528428093645485
0 0.8894736842105263 0.5133779264214047 0.11368421052631579 0.1020066889632107
