0 0.2505263157894737 0.4197324414715719 0.14842105263157895 0.11538461538461539
0 0.5210526315789473 0.49498327759197325 0.16526315789473683 0.09364548494983277
0 0.6368421052631579 0.5284280936454849 0.16210526315789472 0.11371237458193979
0 0.021052631578947368 0.19230769230769232 0.02526315789473684 0.030100334448160536
0 0.02526315789473684 0.21739130434782608 0.024210526315789474 0.038461538461538464
0 0.02736842105263158 0.2625418060200669 0.02631578947368421 0.03511705685618729
0 0.056842105263157895 0.3010033444816054 0.04105263157894737 0.03678929765886288
0 0.0 0.32274247491638797 0.030526315789473683 0.038461538461538464
0 0.9652631578947368 0.3010033444816054 0.03263157894736842 0.05852842809364549
0 0.03684210526315789 0.40468227424749165 0.06315789473684211 0.06354515050167224
0 0.13789473684210526 0.5050167224080268 0.11368421052631579 0.08361204013377926
0 0.8873684210526316 0.5150501672240803 0.11473684210526315 0.10702341137123746
