0 0.24842105263157896 0.4180602006688963 0.14421052631578948 0.12040133779264214
0 0.6031578947368421 0.5301003344481605 0.18210526315789474 0.10869565217391304
0 0.021052631578947368 0.19063545150501673 0.02526315789473684 0.033444816053511704
0 0.02526315789473684 0.2157190635451505 0.024210526315789474 0.04180602006688963
0 0.02736842105263158 0.2608695652173913 0.02736842105263158 0.03511705685618729
0 0.05789473684210526 0.2993311036789298 0.03894736842105263 0.03511705685618729
0 0.0 0.3193979933110368 0.030526315789473683 0.04013377926421405
0 0.968421052631579 0.3010033444816054 0.028421052631578948 0.05852842809364549
0 0.035789473684210524 0.3979933110367893 0.061052631578947365 0.06521739130434782
0 0.13052631578947368 0.5033444816053512 0.10947368421052632 0.07859531772575251
0 0.5136842105263157 0.5 0.15578947368421053 0.0802675585284281
0 0.8842105263157894 0.5183946488294314 0.11578947368421053 0.10033444816053512
