0 0.6 0.5301003344481605 0.17684210526315788 0.11371237458193979
0 0.018947368421052633 0.19063545150501673 0.02631578947368421 0.03177257525083612
0 0.02526315789473684 0.21739130434782608 0.024210526315789474 0.038461538461538464
0 0.02631578947368421 0.2608695652173913 0.028421052631578948 0.03511705685618729
0 0.056842105263157895 0.2959866220735786 0.03894736842105263 0.03511705685618729
0 0.0 0.3177257525083612 0.029473684210526315 0.04013377926421405
0 0.9705263157894737 0.30434782608695654 0.029473684210526315 0.05351170568561873
0 0.03368421052631579 0.3896321070234114 0.06 0.061872909698996656
0 0.24526315789473685 0.4297658862876254 0.13578947368421052 0.10033444816053512
0 0.12421052631578948 0.5 0.10421052631578948 0.08193979933110368
0 0.5052631578947369 0.4983277591973244 0.15052631578947367 0.08695652173913043
0 0.8747368421052631 0.5317725752508361 0.12947368421052632 0.10033444816053512
