0 0.48210526315789476 0.49331103678929766 0.18105263157894738 0.09197324414715718
0 0.5747368421052632 0.5317725752508361 0.16210526315789472 0.11204013377926421
0 0.8421052631578947 0.520066889632107 0.14842105263157895 0.11036789297658862
0 0.017894736842105262 0.19063545150501673 0.02736842105263158 0.03177257525083612
0 0.02526315789473684 0.2140468227424749 0.02526315789473684 0.04180602006688963
0 0.02736842105263158 0.24749163879598662 0.02526315789473684 0.03678929765886288
0 0.06 0.2909698996655518 0.03368421052631579 0.03511705685618729
0 0.0 0.31270903010033446 0.028421052631578948 0.04013377926421405
0 0.9789473684210527 0.3076923076923077 0.02 0.05351170568561873
0 0.029473684210526315 0.3862876254180602 0.05789473684210526 0.061872909698996656
0 0.23157894736842105 0.41638795986622074 0.12210526315789473 0.10033444816053512
0 0.10736842105263159 0.49331103678929766 0.1031578947368421 0.0802675585284281
0 0.716842105263158 0.4983277591973244 0.12736842105263158 0.08361204013377926
