0 0.5621052631578948 0.5317725752508361 0.18947368421052632 0.10869565217391304
0 0.01368421052631579 0.17725752508361203 0.029473684210526315 0.028428093645484948
0 0.018947368421052633 0.19230769230769232 0.024210526315789474 0.028428093645484948
0 0.023157894736842106 0.2157190635451505 0.02631578947368421 0.04013377926421405
0 0.02631578947368421 0.24581939799331104 0.024210526315789474 0.03678929765886288
0 0.05789473684210526 0.2842809364548495 0.035789473684210524 0.03511705685618729
0 0.0 0.3093645484949833 0.028421052631578948 0.04180602006688963
0 0.9842105263157894 0.3093645484949833 0.014736842105263158 0.051839464882943144
0 0.02631578947368421 0.3795986622073579 0.05789473684210526 0.06521739130434782
0 0.2231578947368421 0.4180602006688963 0.12842105263157894 0.10033444816053512
0 0.10105263157894737 0.4882943143812709 0.10210526315789474 0.07859531772575251
0 0.4789473684210526 0.4983277591973244 0.15157894736842106 0.07692307692307693
0 0.7031578947368421 0.49665551839464883 0.12736842105263158 0.08193979933110368
0 0.848421052631579 0.5317725752508361 0.13894736842105262 0.10033444816053512
