0 0.5621052631578948 0.5367892976588629 0.16210526315789472 0.10535117056856187
0 0.018947368421052633 0.19230769230769232 0.024210526315789474 0.030100334448160536
0 0.023157894736842106 0.2140468227424749 0.02631578947368421 0.04180602006688963
0 0.02631578947368421 0.24414715719063546 0.02526315789473684 0.038461538461538464
0 0.056842105263157895 0.2842809364548495 0.03684210526315789 0.03678929765886288
0 -0.0010526315789473684 0.3093645484949833 0.029473684210526315 0.04180602006688963
0 0.9842105263157894 0.3093645484949833 0.014736842105263158 0.051839464882943144
0 0.02736842105263158 0.38127090301003347 0.056842105263157895 0.06354515050167224
0 0.22210526315789475 0.4180602006688963 0.12736842105263158 0.09866220735785954
0 0.10210526315789474 0.4882943143812709 0.10105263157894737 0.07859531772575251
0 0.4789473684210526 0.4983277591973244 0.15368421052631578 0.07692307692307693
0 0.7042105263157895 0.49665551839464883 0.12526315789473685 0.08361204013377926
0 0.848421052631579 0.5317725752508361 0.13894736842105262 0.10033444816053512
