0 0.21157894736842106 0.4096989966555184 0.13789473684210526 0.11371237458193979
0 0.5452631578947369 0.5334448160535117 0.16631578947368422 0.10702341137123746
0 0.017894736842105262 0.19230769230769232 0.02631578947368421 0.030100334448160536
0 0.023157894736842106 0.2157190635451505 0.02631578947368421 0.04013377926421405
0 0.02631578947368421 0.24247491638795987 0.02526315789473684 0.038461538461538464
0 0.05578947368421053 0.27759197324414714 0.04 0.03678929765886288
0 0.0 0.3076923076923077 0.028421052631578948 0.038461538461538464
0 0.02526315789473684 0.3795986622073579 0.05368421052631579 0.06020066889632107
0 0.09368421052631579 0.479933110367893 0.10105263157894737 0.0802675585284281
0 0.4673684210526316 0.4916387959866221 0.14842105263157895 0.08528428093645485
0 0.6957894736842105 0.4983277591973244 0.12947368421052632 0.08193979933110368
0 0.84 0.5367892976588629 0.14 0.08862876254180602
