0 0.21157894736842106 0.4096989966555184 0.13789473684210526 0.11371237458193979
0 0.5452631578947369 0.5334448160535117 0.16631578947368422 0.10702341137123746
0 0.017894736842105262 0.19230769230769232 0.02631578947368421 0.030100334448160536
0 0.023157894736842106 0.2157190635451505 0.02631578947368421 0.04013377926421405
0 0.02631578947368421 0.24247491638795987 0.024210526315789474 0.03678929765886288
0 0.056842105263157895 0.2809364548494983 0.03684210526315789 0.04013377926421405
0 -0.0010526315789473684 0.3076923076923077 0.028421052631578948 0.04013377926421405
0 0.02631578947368421 0.3779264214046823 0.05263157894736842 0.061872909698996656
0 0.09263157894736843 0.479933110367893 0.10210526315789474 0.0802675585284281
0 0.46842105263157896 0.4916387959866221 0.14736842105263157 0.08695652173913043
0 0.6947368421052632 0.5 0.13157894736842105 0.0802675585284281
0 0.8410526315789474 0.5384615384615384 0.14 0.0903010033444816
