0 0.5221052631578947 0.5351170568561873 0.1631578947368421 0.09866220735785954
0 0.018947368421052633 0.1956521739130435 0.02736842105263158 0.028428093645484948
0 0.023157894736842106 0.2140468227424749 0.02736842105263158 0.04013377926421405
0 0.02526315789473684 0.23745819397993312 0.02526315789473684 0.04180602006688963
0 0.05578947368421053 0.27424749163879597 0.03894736842105263 0.03511705685618729
0 0.0 0.2976588628762542 0.031578947368421054 0.038461538461538464
0 0.021052631578947368 0.36622073578595316 0.05263157894736842 0.05518394648829431
0 0.2094736842105263 0.40635451505016723 0.11368421052631579 0.10367892976588629
0 0.08105263157894736 0.47491638795986624 0.09578947368421052 0.07692307692307693
0 0.4557894736842105 0.4983277591973244 0.15052631578947367 0.07525083612040134
0 0.68 0.4983277591973244 0.12842105263157894 0.08528428093645485
0 0.8221052631578948 0.540133779264214 0.13578947368421052 0.09197324414715718
