0 0.024210526315789474 0.21739130434782608 0.02526315789473684 0.038461538461538464
0 0.02526315789473684 0.23578595317725753 0.02526315789473684 0.03511705685618729
0 0.05578947368421053 0.26755852842809363 0.034736842105263156 0.03511705685618729
0 0.0010526315789473684 0.29264214046822745 0.031578947368421054 0.04013377926421405
0 0.018947368421052633 0.3595317725752508 0.0431578947368421 0.05016722408026756
0 0.19157894736842104 0.3963210702341137 0.10210526315789474 0.09197324414715718
0 0.06526315789473684 0.46488294314381273 0.08947368421052632 0.07525083612040134
0 0.41789473684210526 0.4899665551839465 0.15052631578947367 0.0802675585284281
0 0.6557894736842105 0.4983277591973244 0.12105263157894737 0.08361204013377926
0 0.4768421052631579 0.5384615384615384 0.1568421052631579 0.09531772575250837
0 0.7905263157894736 0.5434782608695652 0.1368421052631579 0.08528428093645485
