0 0.024210526315789474 0.21906354515050167 0.02526315789473684 0.038461538461538464
0 0.02526315789473684 0.23578595317725753 0.02526315789473684 0.03511705685618729
0 0.05473684210526316 0.2692307692307692 0.034736842105263156 0.033444816053511704
0 0.0010526315789473684 0.29264214046822745 0.030526315789473683 0.04013377926421405
0 0.02 0.35785953177257523 0.042105263157894736 0.05016722408026756
0 0.19157894736842104 0.3963210702341137 0.1031578947368421 0.09364548494983277
0 0.06526315789473684 0.46488294314381273 0.09052631578947369 0.07692307692307693
0 0.41789473684210526 0.4899665551839465 0.15157894736842106 0.0802675585284281
0 0.6557894736842105 0.4983277591973244 0.12105263157894737 0.08193979933110368
0 0.4768421052631579 0.540133779264214 0.1568421052631579 0.09364548494983277
0 0.7905263157894736 0.5434782608695652 0.13578947368421052 0.08695652173913043
