0 0.021052631578947368 0.19732441471571907 0.02631578947368421 0.033444816053511704
0 0.02526315789473684 0.23745819397993312 0.024210526315789474 0.033444816053511704
0 0.056842105263157895 0.26755852842809363 0.03263157894736842 0.033444816053511704
0 0.0010526315789473684 0.28929765886287623 0.031578947368421054 0.04180602006688963
0 0.018947368421052633 0.35451505016722407 0.042105263157894736 0.05016722408026756
0 0.18526315789473685 0.39464882943143814 0.11368421052631579 0.09866220735785954
0 0.05894736842105263 0.45652173913043476 0.08736842105263158 0.07692307692307693
0 0.4094736842105263 0.4916387959866221 0.15263157894736842 0.07525083612040134
0 0.651578947368421 0.5 0.11789473684210526 0.08193979933110368
0 0.4589473684210526 0.5418060200668896 0.15894736842105264 0.09197324414715718
0 0.7757894736842105 0.5434782608695652 0.13894736842105262 0.08695652173913043
