0 0.4442105263157895 0.540133779264214 0.16105263157894736 0.09364548494983277
0 0.02631578947368421 0.23745819397993312 0.02526315789473684 0.033444816053511704
0 0.05789473684210526 0.26421404682274247 0.030526315789473683 0.033444816053511704
0 0.003157894736842105 0.28595317725752506 0.031578947368421054 0.0451505016722408
0 0.014736842105263158 0.34782608695652173 0.045263157894736845 0.0451505016722408
0 0.1736842105263158 0.3963210702341137 0.12421052631578948 0.09531772575250837
0 0.05473684210526316 0.45484949832775917 0.08421052631578947 0.07023411371237458
0 0.3936842105263158 0.4882943143812709 0.15052631578947367 0.08193979933110368
0 0.6431578947368422 0.5016722408026756 0.12631578947368421 0.08193979933110368
0 0.7726315789473684 0.5468227424749164 0.13473684210526315 0.08695652173913043
