0 0.42526315789473684 0.5384615384615384 0.17157894736842105 0.09197324414715718
0 0.024210526315789474 0.23578595317725753 0.02736842105263158 0.033444816053511704
0 0.056842105263157895 0.2625418060200669 0.031578947368421054 0.030100334448160536
0 0.002105263157894737 0.2842809364548495 0.03263157894736842 0.043478260869565216
0 0.014736842105263158 0.34448160535117056 0.0431578947368421 0.048494983277591976
0 0.17157894736842105 0.39297658862876256 0.0968421052631579 0.09531772575250837
0 0.05052631578947368 0.451505016722408 0.08210526315789474 0.07190635451505016
0 0.38526315789473686 0.48327759197324416 0.15789473684210525 0.07023411371237458
0 0.631578947368421 0.5016722408026756 0.12105263157894737 0.0802675585284281
0 0.7621052631578947 0.5451505016722408 0.13578947368421052 0.08361204013377926
