0 0.39473684210526316 0.540133779264214 0.1736842105263158 0.0903010033444816
0 0.02 0.1956521739130435 0.02736842105263158 0.033444816053511704
0 0.024210526315789474 0.225752508361204 0.024210526315789474 0.033444816053511704
0 0.056842105263157895 0.25585284280936454 0.030526315789473683 0.030100334448160536
0 0.004210526315789474 0.27424749163879597 0.028421052631578948 0.04013377926421405
0 0.014736842105263158 0.3377926421404682 0.04 0.05351170568561873
0 0.16526315789473683 0.3896321070234114 0.10105263157894737 0.09197324414715718
0 0.04105263157894737 0.4414715719063545 0.07684210526315789 0.07190635451505016
0 0.36526315789473685 0.4782608695652174 0.1568421052631579 0.07190635451505016
0 0.6189473684210526 0.5033444816053512 0.11789473684210526 0.08361204013377926
0 0.7431578947368421 0.5468227424749164 0.13789473684210526 0.0802675585284281
