0 0.3957894736842105 0.5384615384615384 0.1726315789473684 0.09197324414715718
0 0.02 0.1956521739130435 0.02631578947368421 0.033444816053511704
0 0.024210526315789474 0.225752508361204 0.024210526315789474 0.033444816053511704
0 0.05578947368421053 0.25418060200668896 0.03263157894736842 0.03177257525083612
0 0.004210526315789474 0.27424749163879597 0.028421052631578948 0.04013377926421405
0 0.01368421052631579 0.33612040133779264 0.03894736842105263 0.05518394648829431
0 0.16421052631578947 0.3896321070234114 0.10210526315789474 0.09364548494983277
0 0.04105263157894737 0.4431438127090301 0.07684210526315789 0.07357859531772576
0 0.3663157894736842 0.4782608695652174 0.1568421052631579 0.07190635451505016
0 0.6189473684210526 0.5033444816053512 0.1168421052631579 0.08361204013377926
0 0.7421052631578947 0.5468227424749164 0.13894736842105262 0.0802675585284281
