0 0.3821052631578947 0.5351170568561873 0.16736842105263158 0.09364548494983277
0 0.02 0.1956521739130435 0.02631578947368421 0.033444816053511704
0 0.024210526315789474 0.22240802675585283 0.02526315789473684 0.03511705685618729
0 0.05789473684210526 0.25585284280936454 0.029473684210526315 0.030100334448160536
0 0.004210526315789474 0.2709030100334448 0.030526315789473683 0.043478260869565216
0 0.014736842105263158 0.33277591973244147 0.037894736842105266 0.051839464882943144
0 0.15578947368421053 0.3862876254180602 0.10736842105263159 0.09698996655518395
0 0.037894736842105266 0.43478260869565216 0.07789473684210527 0.07357859531772576
0 0.35789473684210527 0.479933110367893 0.15157894736842106 0.07023411371237458
0 0.6042105263157894 0.5033444816053512 0.12526315789473685 0.08361204013377926
0 0.7294736842105263 0.5434782608695652 0.14526315789473684 0.08695652173913043
