0 0.3094736842105263 0.5150501672240803 0.16842105263157894 0.09866220735785954
0 0.016842105263157894 0.1505016722408027 0.035789473684210524 0.02508361204013378
0 0.017894736842105262 0.19063545150501673 0.02736842105263158 0.03511705685618729
0 0.02526315789473684 0.21739130434782608 0.02526315789473684 0.033444816053511704
0 0.05789473684210526 0.24247491638795987 0.029473684210526315 0.030100334448160536
0 0.009473684210526316 0.31438127090301005 0.037894736842105266 0.048494983277591976
0 0.12526315789473685 0.36789297658862874 0.09263157894736843 0.09698996655518395
0 0.017894736842105262 0.41304347826086957 0.06947368421052631 0.061872909698996656
0 0.2968421052631579 0.4698996655518395 0.16105263157894736 0.06521739130434782
0 0.5526315789473685 0.5066889632107023 0.12210526315789473 0.07692307692307693
0 0.6705263157894736 0.5484949832775919 0.14947368421052631 0.08862876254180602
