0 0.3 0.5117056856187291 0.16421052631578947 0.09531772575250837
0 0.9021052631578947 0.5050167224080268 0.09789473684210526 0.12709030100334448
0 0.017894736842105262 0.19230769230769232 0.02631578947368421 0.03177257525083612
0 0.024210526315789474 0.21739130434782608 0.02631578947368421 0.033444816053511704
0 0.06 0.2408026755852843 0.02526315789473684 0.030100334448160536
0 0.008421052631578947 0.31270903010033446 0.03684210526315789 0.0451505016722408
0 0.1231578947368421 0.36454849498327757 0.09263157894736843 0.09531772575250837
0 0.017894736842105262 0.411371237458194 0.06631578947368422 0.06020066889632107
0 0.2926315789473684 0.4665551839464883 0.14947368421052631 0.07190635451505016
0 0.5463157894736842 0.5033444816053512 0.12 0.08361204013377926
0 0.6642105263157895 0.5501672240802675 0.1463157894736842 0.08528428093645485
