0 0.29894736842105263 0.5117056856187291 0.1631578947368421 0.09531772575250837
0 0.9021052631578947 0.5016722408026756 0.09789473684210526 0.12876254180602006
0 0.017894736842105262 0.19230769230769232 0.02631578947368421 0.03177257525083612
0 0.024210526315789474 0.21739130434782608 0.02631578947368421 0.033444816053511704
0 0.008421052631578947 0.31438127090301005 0.03684210526315789 0.043478260869565216
0 0.1231578947368421 0.36454849498327757 0.09263157894736843 0.09531772575250837
0 0.017894736842105262 0.411371237458194 0.06631578947368422 0.06020066889632107
0 0.2926315789473684 0.4665551839464883 0.14947368421052631 0.07190635451505016
0 0.5473684210526316 0.5016722408026756 0.12 0.08528428093645485
0 0.6642105263157895 0.5501672240802675 0.1463157894736842 0.08528428093645485
