0 0.2873684210526316 0.5100334448160535 0.15789473684210525 0.09531772575250837
0 0.888421052631579 0.5066889632107023 0.10631578947368421 0.12709030100334448
0 0.016842105263157894 0.19230769230769232 0.02631578947368421 0.03177257525083612
0 0.024210526315789474 0.2157190635451505 0.02631578947368421 0.033444816053511704
0 0.008421052631578947 0.3093645484949833 0.03684210526315789 0.0451505016722408
0 0.12 0.3612040133779264 0.09263157894736843 0.09531772575250837
0 0.014736842105263158 0.40468227424749165 0.06210526315789474 0.061872909698996656
0 0.2831578947368421 0.46488294314381273 0.14842105263157895 0.06354515050167224
0 0.5368421052631579 0.5050167224080268 0.11578947368421053 0.07859531772575251
0 0.6610526315789473 0.5535117056856187 0.1431578947368421 0.08361204013377926
