0 0.016842105263157894 0.1939799331103679 0.02631578947368421 0.03177257525083612
0 0.024210526315789474 0.2140468227424749 0.02736842105263158 0.033444816053511704
0 0.010526315789473684 0.3093645484949833 0.03368421052631579 0.043478260869565216
0 0.11473684210526315 0.3595317725752508 0.09263157894736843 0.09197324414715718
0 0.01263157894736842 0.4013377926421405 0.06210526315789474 0.05852842809364549
0 0.27473684210526317 0.46321070234113715 0.14105263157894737 0.061872909698996656
0 0.5305263157894737 0.5050167224080268 0.11578947368421053 0.0802675585284281
0 0.2768421052631579 0.520066889632107 0.1568421052631579 0.08862876254180602
0 0.8821052631578947 0.5117056856187291 0.12105263157894737 0.11036789297658862
0 0.6463157894736842 0.5518394648829431 0.14105263157894737 0.08528428093645485
