0 0.017894736842105262 0.1956521739130435 0.024210526315789474 0.028428093645484948
0 0.023157894736842106 0.2140468227424749 0.02631578947368421 0.033444816053511704
0 0.05578947368421053 0.23076923076923078 0.029473684210526315 0.028428093645484948
0 0.011578947368421053 0.30434782608695654 0.031578947368421054 0.0451505016722408
0 0.10842105263157895 0.3494983277591973 0.09052631578947369 0.09364548494983277
0 0.010526315789473684 0.3963210702341137 0.06315789473684211 0.061872909698996656
0 0.26631578947368423 0.46321070234113715 0.14736842105263157 0.061872909698996656
0 0.5221052631578947 0.5016722408026756 0.11157894736842106 0.08528428093645485
0 0.2694736842105263 0.5117056856187291 0.1431578947368421 0.08862876254180602
0 0.8736842105263158 0.520066889632107 0.12947368421052632 0.09698996655518395
0 0.6368421052631579 0.5518394648829431 0.14526315789473684 0.08695652173913043
