0 0.017894736842105262 0.1956521739130435 0.02526315789473684 0.030100334448160536
0 0.022105263157894735 0.2140468227424749 0.02631578947368421 0.033444816053511704
0 0.05578947368421053 0.23076923076923078 0.029473684210526315 0.030100334448160536
0 0.10842105263157895 0.3494983277591973 0.09052631578947369 0.09364548494983277
0 0.010526315789473684 0.3963210702341137 0.06315789473684211 0.061872909698996656
0 0.26631578947368423 0.46321070234113715 0.14736842105263157 0.06354515050167224
0 0.5231578947368422 0.5016722408026756 0.11157894736842106 0.08528428093645485
0 0.2694736842105263 0.5117056856187291 0.1431578947368421 0.08862876254180602
0 0.8736842105263158 0.520066889632107 0.13052631578947368 0.09698996655518395
0 0.6357894736842106 0.5518394648829431 0.14421052631578948 0.08695652173913043
