0 0.24736842105263157 0.479933110367893 0.15894736842105264 0.12040133779264214
0 0.018947368421052633 0.19732441471571907 0.02526315789473684 0.030100334448160536
0 0.021052631578947368 0.21070234113712374 0.028421052631578948 0.03678929765886288
0 0.056842105263157895 0.22909698996655517 0.028421052631578948 0.03177257525083612
0 0.10631578947368421 0.34782608695652173 0.09157894736842105 0.09698996655518395
0 0.008421052631578947 0.3896321070234114 0.061052631578947365 0.061872909698996656
0 0.25684210526315787 0.46321070234113715 0.1463157894736842 0.061872909698996656
0 0.5105263157894737 0.5016722408026756 0.11263157894736842 0.08361204013377926
0 0.8694736842105263 0.5183946488294314 0.13263157894736843 0.10033444816053512
0 0.6368421052631579 0.5535117056856187 0.1368421052631579 0.08361204013377926
