0 0.2326315789473684 0.4816053511705686 0.1463157894736842 0.11705685618729098
0 0.8431578947368421 0.5117056856187291 0.14105263157894737 0.11204013377926421
0 0.008421052631578947 0.17892976588628762 0.023157894736842106 0.026755852842809364
0 0.018947368421052633 0.21237458193979933 0.029473684210526315 0.03678929765886288
0 0.056842105263157895 0.225752508361204 0.028421052631578948 0.033444816053511704
0 0.09789473684210526 0.3494983277591973 0.08947368421052632 0.08695652173913043
0 0.004210526315789474 0.38127090301003347 0.05894736842105263 0.06521739130434782
0 0.24105263157894738 0.45819397993311034 0.13473684210526315 0.05852842809364549
0 0.48947368421052634 0.5016722408026756 0.11157894736842106 0.08193979933110368
0 0.6105263157894737 0.5501672240802675 0.14105263157894737 0.08695652173913043
