0 0.2168421052631579 0.4866220735785953 0.15368421052631578 0.10869565217391304
0 0.004210526315789474 0.17558528428093645 0.024210526315789474 0.028428093645484948
0 0.023157894736842106 0.20234113712374582 0.022105263157894735 0.02508361204013378
0 0.05789473684210526 0.225752508361204 0.02736842105263158 0.030100334448160536
0 0.009473684210526316 0.2909698996655518 0.03368421052631579 0.046822742474916385
0 0.09473684210526316 0.34448160535117056 0.0863157894736842 0.08862876254180602
0 0.004210526315789474 0.38127090301003347 0.05473684210526316 0.06354515050167224
0 0.2431578947368421 0.45652173913043476 0.12842105263157894 0.05518394648829431
0 0.48 0.5 0.11473684210526315 0.07859531772575251
0 0.8378947368421052 0.5217391304347826 0.14736842105263157 0.09197324414715718
0 0.5978947368421053 0.5501672240802675 0.13789473684210526 0.08695652173913043
