0 0.003157894736842105 0.17391304347826086 0.024210526315789474 0.030100334448160536
0 0.024210526315789474 0.20234113712374582 0.022105263157894735 0.02508361204013378
0 0.05789473684210526 0.22408026755852842 0.02736842105263158 0.030100334448160536
0 0.09157894736842105 0.3411371237458194 0.08526315789473685 0.09364548494983277
0 0.0010526315789473684 0.3762541806020067 0.05368421052631579 0.06354515050167224
0 0.22421052631578947 0.45484949832775917 0.13894736842105262 0.05351170568561873
0 0.2031578947368421 0.4983277591973244 0.15789473684210525 0.09364548494983277
0 0.4726315789473684 0.4983277591973244 0.11263157894736842 0.0802675585284281
0 0.5905263157894737 0.5484949832775919 0.13578947368421052 0.08862876254180602
0 0.8378947368421052 0.5234113712374582 0.13578947368421052 0.10535117056856187
