0 0.021052631578947368 0.20066889632107024 0.02736842105263158 0.030100334448160536
0 0.056842105263157895 0.2140468227424749 0.028421052631578948 0.030100334448160536
0 0.9389473684210526 0.2959866220735786 0.05894736842105263 0.03678929765886288
0 0.07684210526315789 0.32441471571906355 0.07894736842105263 0.09197324414715718
0 0.004210526315789474 0.3528428093645485 0.03368421052631579 0.061872909698996656
0 0.19789473684210526 0.431438127090301 0.12210526315789473 0.06521739130434782
0 0.15789473684210525 0.47157190635451507 0.14210526315789473 0.09866220735785954
0 0.4242105263157895 0.49665551839464883 0.11157894736842106 0.07190635451505016
0 0.5442105263157895 0.5501672240802675 0.13473684210526315 0.08695652173913043
0 0.7810526315789473 0.5301003344481605 0.14947368421052631 0.10033444816053512
