0 0.7347368421052631 0.5384615384615384 0.16842105263157894 0.09866220735785954
0 0.018947368421052633 0.1939799331103679 0.02736842105263158 0.030100334448160536
0 0.05473684210526316 0.205685618729097 0.02736842105263158 0.02508361204013378
0 0.015789473684210527 0.26421404682274247 0.02736842105263158 0.05016722408026756
0 0.9673684210526315 0.3060200668896321 0.030526315789473683 0.048494983277591976
0 0.002105263157894737 0.33612040133779264 0.031578947368421054 0.056856187290969896
0 0.07052631578947369 0.3177257525083612 0.07052631578947369 0.08862876254180602
0 0.1831578947368421 0.4230769230769231 0.09263157894736843 0.06856187290969899
0 0.12947368421052632 0.459866220735786 0.12526315789473685 0.09197324414715718
0 0.38 0.4983277591973244 0.11263157894736842 0.06688963210702341
0 0.5031578947368421 0.5501672240802675 0.13263157894736843 0.08361204013377926
