0 0.7263157894736842 0.5434782608695652 0.1705263157894737 0.0903010033444816
0 0.016842105263157894 0.1939799331103679 0.028421052631578948 0.030100334448160536
0 0.05473684210526316 0.205685618729097 0.02736842105263158 0.026755852842809364
0 0.015789473684210527 0.2625418060200669 0.02736842105263158 0.046822742474916385
0 0.0010526315789473684 0.3311036789297659 0.030526315789473683 0.05852842809364549
0 0.07052631578947369 0.31438127090301005 0.06842105263157895 0.08862876254180602
0 0.16736842105263158 0.4197324414715719 0.10105263157894737 0.06688963210702341
0 0.11789473684210526 0.44816053511705684 0.12631578947368421 0.09698996655518395
0 0.37473684210526315 0.48327759197324416 0.10631578947368421 0.07357859531772576
0 0.4957894736842105 0.5484949832775919 0.13473684210526315 0.08193979933110368
