0 0.7178947368421053 0.5418060200668896 0.15368421052631578 0.09364548494983277
0 0.016842105263157894 0.19063545150501673 0.02736842105263158 0.028428093645484948
0 0.05473684210526316 0.205685618729097 0.02631578947368421 0.026755852842809364
0 0.014736842105263158 0.2591973244147157 0.02736842105263158 0.0451505016722408
0 0.9757894736842105 0.31438127090301005 0.023157894736842106 0.04013377926421405
0 0.07157894736842105 0.31270903010033446 0.06210526315789474 0.08528428093645485
0 0.15789473684210525 0.411371237458194 0.0968421052631579 0.06521739130434782
0 0.1031578947368421 0.44481605351170567 0.12842105263157894 0.10033444816053512
0 0.35157894736842105 0.4765886287625418 0.11578947368421053 0.07525083612040134
0 0.4747368421052632 0.5501672240802675 0.13578947368421052 0.0802675585284281
