0 0.7063157894736842 0.5434782608695652 0.1568421052631579 0.09698996655518395
0 0.015789473684210527 0.19063545150501673 0.02631578947368421 0.028428093645484948
0 0.05578947368421053 0.2040133779264214 0.02736842105263158 0.026755852842809364
0 0.016842105263157894 0.22240802675585283 0.02631578947368421 0.03511705685618729
0 0.016842105263157894 0.2608695652173913 0.02631578947368421 0.04013377926421405
0 0.0 0.3177257525083612 0.028421052631578948 0.048494983277591976
0 0.9831578947368421 0.31438127090301005 0.015789473684210527 0.0451505016722408
0 0.07052631578947369 0.3110367892976589 0.061052631578947365 0.08528428093645485
0 0.14 0.4080267558528428 0.10421052631578948 0.06521739130434782
0 0.09894736842105263 0.4431438127090301 0.10526315789473684 0.09364548494983277
0 0.33052631578947367 0.4765886287625418 0.11473684210526315 0.07023411371237458
0 0.45263157894736844 0.5518394648829431 0.13157894736842105 0.0802675585284281
