0 0.7052631578947368 0.5418060200668896 0.1568421052631579 0.09866220735785954
0 0.016842105263157894 0.1939799331103679 0.02631578947368421 0.026755852842809364
0 0.05578947368421053 0.2040133779264214 0.02736842105263158 0.026755852842809364
0 0.017894736842105262 0.22073578595317725 0.02631578947368421 0.03511705685618729
0 0.016842105263157894 0.2625418060200669 0.02631578947368421 0.04013377926421405
0 0.07052631578947369 0.31270903010033446 0.061052631578947365 0.08361204013377926
0 0.14 0.4080267558528428 0.10421052631578948 0.06688963210702341
0 0.09789473684210526 0.4431438127090301 0.10631578947368421 0.09364548494983277
0 0.33052631578947367 0.4765886287625418 0.11473684210526315 0.07023411371237458
0 0.4536842105263158 0.5501672240802675 0.12947368421052632 0.08193979933110368
