0 0.6821052631578948 0.5468227424749164 0.16210526315789472 0.09197324414715718
0 0.014736842105263158 0.19230769230769232 0.02631578947368421 0.026755852842809364
0 0.05473684210526316 0.20234113712374582 0.02631578947368421 0.026755852842809364
0 0.018947368421052633 0.21906354515050167 0.02526315789473684 0.03511705685618729
0 0.018947368421052633 0.2608695652173913 0.024210526315789474 0.03511705685618729
0 0.0 0.31438127090301005 0.02631578947368421 0.046822742474916385
0 0.06631578947368422 0.30434782608695654 0.056842105263157895 0.07692307692307693
0 0.13473684210526315 0.4013377926421405 0.09263157894736843 0.06521739130434782
0 0.08421052631578947 0.43645484949832775 0.1031578947368421 0.09197324414715718
0 0.3105263157894737 0.4765886287625418 0.11368421052631579 0.06521739130434782
0 0.44526315789473686 0.5434782608695652 0.1168421052631579 0.08361204013377926
