0 0.014736842105263158 0.19230769230769232 0.02631578947368421 0.028428093645484948
0 0.05473684210526316 0.20234113712374582 0.02526315789473684 0.026755852842809364
0 0.018947368421052633 0.21906354515050167 0.02526315789473684 0.03678929765886288
0 0.018947368421052633 0.25752508361204013 0.024210526315789474 0.038461538461538464
0 0.0 0.3110367892976589 0.02736842105263158 0.048494983277591976
0 0.06526315789473684 0.3010033444816054 0.05368421052631579 0.0802675585284281
0 0.12631578947368421 0.39464882943143814 0.08947368421052632 0.07023411371237458
0 0.07368421052631578 0.4230769230769231 0.10736842105263159 0.09531772575250837
0 0.30526315789473685 0.47491638795986624 0.10947368421052632 0.06688963210702341
0 0.9863157894736843 0.5050167224080268 0.01263157894736842 0.06521739130434782
0 0.4284210526315789 0.5434782608695652 0.1231578947368421 0.08361204013377926
0 0.6778947368421052 0.5468227424749164 0.15263157894736842 0.09364548494983277
