0 0.6673684210526316 0.5451505016722408 0.15368421052631578 0.09364548494983277
0 0.05368421052631579 0.20066889632107024 0.024210526315789474 0.02508361204013378
0 0.017894736842105262 0.21739130434782608 0.024210526315789474 0.03678929765886288
0 0.017894736842105262 0.2591973244147157 0.023157894736842106 0.038461538461538464
0 0.06210526315789474 0.2993311036789298 0.056842105263157895 0.07859531772575251
0 0.12421052631578948 0.3963210702341137 0.08526315789473685 0.061872909698996656
0 0.07157894736842105 0.4197324414715719 0.10105263157894737 0.10033444816053512
0 0.3021052631578947 0.47157190635451507 0.1031578947368421 0.07023411371237458
0 0.98 0.5066889632107023 0.018947368421052633 0.06688963210702341
0 0.42210526315789476 0.5418060200668896 0.11789473684210526 0.08361204013377926
