0 0.6663157894736842 0.5468227424749164 0.15473684210526314 0.09364548494983277
0 0.05368421052631579 0.20066889632107024 0.02526315789473684 0.02508361204013378
0 0.017894736842105262 0.21739130434782608 0.024210526315789474 0.03678929765886288
0 0.016842105263157894 0.2591973244147157 0.024210526315789474 0.038461538461538464
0 -0.0010526315789473684 0.3093645484949833 0.028421052631578948 0.048494983277591976
0 0.06210526315789474 0.2993311036789298 0.056842105263157895 0.07859531772575251
0 0.12526315789473685 0.3963210702341137 0.08526315789473685 0.061872909698996656
0 0.07052631578947369 0.4197324414715719 0.10210526315789474 0.10033444816053512
0 0.3021052631578947 0.47157190635451507 0.1031578947368421 0.06856187290969899
0 0.98 0.5050167224080268 0.017894736842105262 0.06856187290969899
0 0.42210526315789476 0.5418060200668896 0.11789473684210526 0.08361204013377926
