0 0.6652631578947369 0.5451505016722408 0.15368421052631578 0.09531772575250837
0 0.05263157894736842 0.20066889632107024 0.02526315789473684 0.026755852842809364
0 0.018947368421052633 0.21739130434782608 0.02526315789473684 0.03511705685618729
0 0.02 0.24581939799331104 0.02526315789473684 0.04013377926421405
0 -0.0010526315789473684 0.3060200668896321 0.028421052631578948 0.05016722408026756
0 0.061052631578947365 0.2993311036789298 0.05578947368421053 0.07525083612040134
0 0.11473684210526315 0.38461538461538464 0.08842105263157894 0.07190635451505016
0 0.06421052631578947 0.4180602006688963 0.10421052631578948 0.09698996655518395
0 0.2863157894736842 0.47324414715719065 0.11052631578947368 0.06688963210702341
0 0.4052631578947368 0.5418060200668896 0.12526315789473685 0.08193979933110368
