0 0.6568421052631579 0.5434782608695652 0.16105263157894736 0.09531772575250837
0 0.007368421052631579 0.19230769230769232 0.023157894736842106 0.021739130434782608
0 0.05157894736842105 0.19899665551839466 0.02631578947368421 0.026755852842809364
0 0.018947368421052633 0.24414715719063546 0.02736842105263158 0.038461538461538464
0 0.061052631578947365 0.2959866220735786 0.05368421052631579 0.0802675585284281
0 0.11052631578947368 0.38127090301003347 0.08842105263157894 0.07859531772575251
0 0.061052631578947365 0.41471571906354515 0.0968421052631579 0.09531772575250837
0 0.2789473684210526 0.4698996655518395 0.10736842105263159 0.07023411371237458
0 0.9578947368421052 0.4983277591973244 0.03894736842105263 0.08862876254180602
0 0.3989473684210526 0.5418060200668896 0.12 0.07859531772575251
