0 0.6578947368421053 0.5434782608695652 0.15894736842105264 0.09531772575250837
0 0.007368421052631579 0.19230769230769232 0.023157894736842106 0.021739130434782608
0 0.05052631578947368 0.19899665551839466 0.02631578947368421 0.02508361204013378
0 0.018947368421052633 0.24414715719063546 0.02736842105263158 0.038461538461538464
0 0.06210526315789474 0.29431438127090304 0.05368421052631579 0.0802675585284281
0 0.11052631578947368 0.38294314381270905 0.08736842105263158 0.07525083612040134
0 0.06 0.41471571906354515 0.0968421052631579 0.09531772575250837
0 0.2789473684210526 0.4698996655518395 0.10736842105263159 0.07023411371237458
0 0.9578947368421052 0.4983277591973244 0.04 0.08862876254180602
0 0.3989473684210526 0.5418060200668896 0.12 0.07859531772575251
