0 0.6410526315789473 0.5418060200668896 0.1726315789473684 0.09531772575250837
0 0.007368421052631579 0.17892976588628762 0.022105263157894735 0.02508361204013378
0 0.049473684210526316 0.19732441471571907 0.02736842105263158 0.026755852842809364
0 0.018947368421052633 0.22073578595317725 0.02631578947368421 0.03177257525083612
0 0.018947368421052633 0.24247491638795987 0.02736842105263158 0.04013377926421405
0 0.06210526315789474 0.29264214046822745 0.05052631578947368 0.07859531772575251
0 0.10947368421052632 0.38294314381270905 0.08421052631578947 0.07190635451505016
0 0.05157894736842105 0.411371237458194 0.1 0.09364548494983277
0 0.26842105263157895 0.459866220735786 0.10421052631578948 0.07357859531772576
0 0.94 0.5066889632107023 0.06315789473684211 0.09698996655518395
0 0.38421052631578945 0.5384615384615384 0.1231578947368421 0.08193979933110368
