0 0.6368421052631579 0.5418060200668896 0.16526315789473683 0.10033444816053512
0 0.007368421052631579 0.1806020066889632 0.02 0.021739130434782608
0 0.007368421052631579 0.19230769230769232 0.022105263157894735 0.021739130434782608
0 0.049473684210526316 0.19732441471571907 0.024210526315789474 0.026755852842809364
0 0.018947368421052633 0.22240802675585283 0.02631578947368421 0.033444816053511704
0 0.018947368421052633 0.2408026755852843 0.02631578947368421 0.038461538461538464
0 0.10421052631578948 0.38461538461538464 0.08315789473684211 0.06354515050167224
0 0.05157894736842105 0.411371237458194 0.08947368421052632 0.0903010033444816
0 0.26105263157894737 0.45819397993311034 0.10736842105263159 0.06856187290969899
0 0.9336842105263158 0.5133779264214047 0.06736842105263158 0.08862876254180602
0 0.3757894736842105 0.540133779264214 0.12526315789473685 0.0802675585284281
