0 0.628421052631579 0.5384615384615384 0.1726315789473684 0.1020066889632107
0 0.00631578947368421 0.1806020066889632 0.02 0.021739130434782608
0 0.007368421052631579 0.1939799331103679 0.021052631578947368 0.020066889632107024
0 0.04842105263157895 0.1956521739130435 0.02631578947368421 0.026755852842809364
0 0.018947368421052633 0.22073578595317725 0.02631578947368421 0.03678929765886288
0 0.018947368421052633 0.23745819397993312 0.02631578947368421 0.04180602006688963
0 -0.0010526315789473684 0.29264214046822745 0.02526315789473684 0.04180602006688963
0 0.09894736842105263 0.38127090301003347 0.08105263157894736 0.061872909698996656
0 0.042105263157894736 0.3996655518394649 0.09578947368421052 0.09364548494983277
0 0.25684210526315787 0.45652173913043476 0.1 0.06688963210702341
0 0.9210526315789473 0.5150501672240803 0.08105263157894736 0.08862876254180602
0 0.3705263157894737 0.540133779264214 0.12105263157894737 0.07525083612040134
