0 0.608421052631579 0.5367892976588629 0.16421052631578947 0.10535117056856187
0 0.004210526315789474 0.17892976588628762 0.022105263157894735 0.02508361204013378
0 0.04736842105263158 0.1939799331103679 0.02631578947368421 0.026755852842809364
0 0.017894736842105262 0.21906354515050167 0.029473684210526315 0.03678929765886288
0 0.017894736842105262 0.23745819397993312 0.02736842105263158 0.038461538461538464
0 -0.0010526315789473684 0.28929765886287623 0.02631578947368421 0.04180602006688963
0 0.06 0.2842809364548495 0.04842105263157895 0.07190635451505016
0 0.09473684210526316 0.3779264214046823 0.08210526315789474 0.07023411371237458
0 0.04105263157894737 0.4013377926421405 0.09052631578947369 0.08862876254180602
0 0.25684210526315787 0.45652173913043476 0.09157894736842105 0.06354515050167224
0 0.9105263157894737 0.5117056856187291 0.08947368421052632 0.09866220735785954
0 0.3526315789473684 0.5367892976588629 0.12947368421052632 0.08361204013377926
