0 0.5989473684210527 0.5351170568561873 0.1705263157894737 0.10702341137123746
0 0.004210526315789474 0.17892976588628762 0.021052631578947368 0.02508361204013378
0 0.04631578947368421 0.19063545150501673 0.02736842105263158 0.028428093645484948
0 0.017894736842105262 0.23745819397993312 0.02631578947368421 0.038461538461538464
0 -0.002105263157894737 0.28595317725752506 0.02736842105263158 0.043478260869565216
0 0.05894736842105263 0.2842809364548495 0.04842105263157895 0.07023411371237458
0 0.09263157894736843 0.3729096989966555 0.07684210526315789 0.06688963210702341
0 0.034736842105263156 0.3996655518394649 0.08947368421052632 0.0903010033444816
0 0.23894736842105263 0.4531772575250836 0.09894736842105263 0.061872909698996656
0 0.3463157894736842 0.5301003344481605 0.13263157894736843 0.0802675585284281
0 0.9031578947368422 0.5150501672240803 0.0968421052631579 0.10033444816053512
