0 0.5978947368421053 0.5351170568561873 0.17157894736842105 0.10702341137123746
0 0.004210526315789474 0.17892976588628762 0.022105263157894735 0.026755852842809364
0 0.04631578947368421 0.19230769230769232 0.02736842105263158 0.028428093645484948
0 0.017894736842105262 0.23745819397993312 0.02736842105263158 0.038461538461538464
0 -0.002105263157894737 0.28762541806020064 0.02736842105263158 0.043478260869565216
0 0.05894736842105263 0.2842809364548495 0.04842105263157895 0.07023411371237458
0 0.09263157894736843 0.3729096989966555 0.07789473684210527 0.06521739130434782
0 0.034736842105263156 0.3996655518394649 0.08947368421052632 0.0903010033444816
0 0.23894736842105263 0.4531772575250836 0.09894736842105263 0.06354515050167224
0 0.3452631578947368 0.5301003344481605 0.1336842105263158 0.0802675585284281
0 0.9031578947368422 0.5133779264214047 0.0968421052631579 0.10033444816053512
