0 0.5852631578947368 0.5367892976588629 0.1726315789473684 0.10367892976588629
0 0.003157894736842105 0.17725752508361203 0.023157894736842106 0.02508361204013378
0 0.04421052631578947 0.18896321070234115 0.028421052631578948 0.028428093645484948
0 0.017894736842105262 0.21739130434782608 0.028421052631578948 0.038461538461538464
0 0.018947368421052633 0.23578595317725753 0.02736842105263158 0.038461538461538464
0 -0.002105263157894737 0.28595317725752506 0.02736842105263158 0.04180602006688963
0 0.05789473684210526 0.2826086956521739 0.04842105263157895 0.07023411371237458
0 0.09157894736842105 0.3712374581939799 0.07263157894736842 0.06521739130434782
0 0.031578947368421054 0.4013377926421405 0.08736842105263158 0.08193979933110368
0 0.23789473684210527 0.451505016722408 0.08947368421052632 0.06020066889632107
0 0.3389473684210526 0.5301003344481605 0.12842105263157894 0.07859531772575251
0 0.8894736842105263 0.5167224080267558 0.10947368421052632 0.09866220735785954
