0 0.003157894736842105 0.17892976588628762 0.023157894736842106 0.026755852842809364
0 0.0431578947368421 0.17892976588628762 0.029473684210526315 0.02508361204013378
0 0.0431578947368421 0.18896321070234115 0.029473684210526315 0.030100334448160536
0 0.021052631578947368 0.22073578595317725 0.02736842105263158 0.03511705685618729
0 0.017894736842105262 0.23745819397993312 0.028421052631578948 0.03678929765886288
0 -0.0010526315789473684 0.2842809364548495 0.02631578947368421 0.043478260869565216
0 0.05789473684210526 0.2826086956521739 0.04736842105263158 0.06688963210702341
0 0.08315789473684211 0.36454849498327757 0.07473684210526316 0.05852842809364549
0 0.029473684210526315 0.3963210702341137 0.07894736842105263 0.0802675585284281
0 0.23684210526315788 0.4498327759197324 0.08105263157894736 0.056856187290969896
0 0.32842105263157895 0.5267558528428093 0.12736842105263158 0.08361204013377926
0 0.8757894736842106 0.5217391304347826 0.12210526315789473 0.09197324414715718
0 0.5821052631578948 0.5468227424749164 0.15263157894736842 0.09197324414715718
