0 0.002105263157894737 0.17725752508361203 0.022105263157894735 0.026755852842809364
0 0.0431578947368421 0.19063545150501673 0.029473684210526315 0.030100334448160536
0 0.016842105263157894 0.23745819397993312 0.030526315789473683 0.03511705685618729
0 -0.002105263157894737 0.2842809364548495 0.02736842105263158 0.043478260869565216
0 0.056842105263157895 0.2809364548494983 0.04631578947368421 0.07023411371237458
0 0.9084210526315789 0.2792642140468227 0.06 0.06354515050167224
0 0.08315789473684211 0.36454849498327757 0.07052631578947369 0.05852842809364549
0 0.021052631578947368 0.39297658862876256 0.08210526315789474 0.08361204013377926
0 0.22736842105263158 0.44816053511705684 0.08421052631578947 0.056856187290969896
0 0.32 0.5234113712374582 0.12736842105263158 0.08193979933110368
0 0.8652631578947368 0.5234113712374582 0.12631578947368421 0.0903010033444816
0 0.5831578947368421 0.5434782608695652 0.14 0.09698996655518395
