0 0.002105263157894737 0.17725752508361203 0.022105263157894735 0.026755852842809364
0 0.0431578947368421 0.19230769230769232 0.028421052631578948 0.030100334448160536
0 0.016842105263157894 0.2391304347826087 0.031578947368421054 0.033444816053511704
0 -0.002105263157894737 0.2842809364548495 0.02736842105263158 0.04180602006688963
0 0.056842105263157895 0.2809364548494983 0.04631578947368421 0.07023411371237458
0 0.9094736842105263 0.2792642140468227 0.05894736842105263 0.06354515050167224
0 0.08315789473684211 0.362876254180602 0.07052631578947369 0.05852842809364549
0 0.02 0.39297658862876256 0.08315789473684211 0.08361204013377926
0 0.22421052631578947 0.4397993311036789 0.08947368421052632 0.06354515050167224
0 0.32105263157894737 0.5250836120401338 0.12631578947368421 0.08193979933110368
0 0.8652631578947368 0.5234113712374582 0.12631578947368421 0.0903010033444816
0 0.5821052631578948 0.5451505016722408 0.14105263157894737 0.09698996655518395
