0 0.002105263157894737 0.17558528428093645 0.021052631578947368 0.02508361204013378
0 0.04105263157894737 0.17558528428093645 0.030526315789473683 0.030100334448160536
0 0.02 0.22073578595317725 0.029473684210526315 0.03511705685618729
0 0.017894736842105262 0.23578595317725753 0.028421052631578948 0.03678929765886288
0 0.0 0.2709030100334448 0.02526315789473684 0.043478260869565216
0 0.9126315789473685 0.2792642140468227 0.05789473684210526 0.05852842809364549
0 0.08105263157894736 0.362876254180602 0.06947368421052631 0.06020066889632107
0 0.018947368421052633 0.3896321070234114 0.08210526315789474 0.08193979933110368
0 0.21578947368421053 0.43478260869565216 0.08842105263157894 0.06856187290969899
0 0.30842105263157893 0.5217391304347826 0.12421052631578948 0.08528428093645485
0 0.8568421052631578 0.5250836120401338 0.12526315789473685 0.0903010033444816
0 0.5621052631578948 0.5451505016722408 0.14842105263157895 0.09531772575250837
