0 0.003157894736842105 0.17391304347826086 0.021052631578947368 0.026755852842809364
0 0.04 0.17725752508361203 0.029473684210526315 0.026755852842809364
0 0.02 0.22073578595317725 0.031578947368421054 0.03678929765886288
0 -0.0010526315789473684 0.2692307692307692 0.02631578947368421 0.04180602006688963
0 0.07368421052631578 0.3528428093645485 0.06947368421052631 0.06521739130434782
0 0.015789473684210527 0.3795986622073579 0.07157894736842105 0.08361204013377926
0 0.20105263157894737 0.431438127090301 0.08736842105263158 0.06688963210702341
0 0.29157894736842105 0.5183946488294314 0.1231578947368421 0.08193979933110368
0 0.5431578947368421 0.5434782608695652 0.14736842105263157 0.09364548494983277
0 0.8315789473684211 0.5301003344481605 0.13052631578947368 0.09698996655518395
