0 0.002105263157894737 0.17391304347826086 0.021052631578947368 0.026755852842809364
0 0.018947368421052633 0.22073578595317725 0.03368421052631579 0.03678929765886288
0 0.0 0.2692307692307692 0.02526315789473684 0.038461538461538464
0 0.06210526315789474 0.27424749163879597 0.03368421052631579 0.04013377926421405
0 0.07789473684210527 0.3511705685618729 0.06526315789473684 0.06521739130434782
0 0.01368421052631579 0.3762541806020067 0.07263157894736842 0.08361204013377926
0 0.1936842105263158 0.4297658862876254 0.08842105263157894 0.06521739130434782
0 0.2831578947368421 0.5183946488294314 0.11789473684210526 0.0802675585284281
0 0.5336842105263158 0.5468227424749164 0.14842105263157895 0.08862876254180602
0 0.8242105263157895 0.5367892976588629 0.12736842105263158 0.08528428093645485
