0 0.003157894736842105 0.17391304347826086 0.02 0.026755852842809364
0 0.018947368421052633 0.22240802675585283 0.031578947368421054 0.03678929765886288
0 -0.0010526315789473684 0.26588628762541805 0.02736842105263158 0.04013377926421405
0 0.05894736842105263 0.2692307692307692 0.03684210526315789 0.0451505016722408
0 0.07684210526315789 0.34782608695652173 0.06210526315789474 0.06521739130434782
0 0.008421052631578947 0.3712374581939799 0.07368421052631578 0.08528428093645485
0 0.19052631578947368 0.4280936454849498 0.08 0.06688963210702341
0 0.27473684210526317 0.5167224080267558 0.11894736842105263 0.0802675585284281
0 0.5336842105263158 0.540133779264214 0.13789473684210526 0.09698996655518395
0 0.8136842105263158 0.5384615384615384 0.13157894736842105 0.08695652173913043
