0 0.003157894736842105 0.17391304347826086 0.02 0.026755852842809364
0 0.018947368421052633 0.22240802675585283 0.031578947368421054 0.03678929765886288
0 -0.002105263157894737 0.26421404682274247 0.02736842105263158 0.04180602006688963
0 0.05894736842105263 0.2709030100334448 0.03684210526315789 0.043478260869565216
0 0.07789473684210527 0.34782608695652173 0.06210526315789474 0.06521739130434782
0 0.008421052631578947 0.3712374581939799 0.07368421052631578 0.08528428093645485
0 0.19052631578947368 0.42642140468227424 0.08 0.06688963210702341
0 0.27473684210526317 0.5183946488294314 0.11894736842105263 0.0802675585284281
0 0.5347368421052632 0.540133779264214 0.1368421052631579 0.09698996655518395
0 0.8136842105263158 0.5367892976588629 0.13157894736842105 0.08862876254180602
