0 0.028421052631578948 0.19230769230769232 0.029473684210526315 0.028428093645484948
0 0.018947368421052633 0.225752508361204 0.030526315789473683 0.033444816053511704
0 -0.0010526315789473684 0.26588628762541805 0.02736842105263158 0.04013377926421405
0 0.06 0.26755852842809363 0.035789473684210524 0.0451505016722408
0 0.07578947368421053 0.3377926421404682 0.061052631578947365 0.06354515050167224
0 0.00631578947368421 0.36789297658862874 0.07052631578947369 0.08528428093645485
0 0.1831578947368421 0.4230769230769231 0.07894736842105263 0.06688963210702341
0 0.2578947368421053 0.5133779264214047 0.12421052631578948 0.08193979933110368
0 0.5168421052631579 0.5418060200668896 0.14526315789473684 0.09364548494983277
0 0.8010526315789473 0.5418060200668896 0.12736842105263158 0.08361204013377926
