0 0.02526315789473684 0.1939799331103679 0.028421052631578948 0.026755852842809364
0 0.018947368421052633 0.22073578595317725 0.028421052631578948 0.03511705685618729
0 0.0 0.26421404682274247 0.02631578947368421 0.04013377926421405
0 0.05894736842105263 0.26588628762541805 0.03684210526315789 0.048494983277591976
0 0.07368421052631578 0.3377926421404682 0.05894736842105263 0.061872909698996656
0 0.005263157894736842 0.3695652173913043 0.06631578947368422 0.07859531772575251
0 0.17789473684210527 0.4214046822742475 0.07894736842105263 0.06354515050167224
0 0.2505263157894737 0.5150501672240803 0.12631578947368421 0.07859531772575251
0 0.5063157894736842 0.5434782608695652 0.14842105263157895 0.09364548494983277
0 0.7884210526315789 0.540133779264214 0.13263157894736843 0.08862876254180602
