0 0.02631578947368421 0.19230769230769232 0.02736842105263158 0.02508361204013378
0 0.02 0.22408026755852842 0.028421052631578948 0.033444816053511704
0 0.0 0.2625418060200669 0.02631578947368421 0.04180602006688963
0 0.05894736842105263 0.26421404682274247 0.037894736842105266 0.043478260869565216
0 0.9421052631578948 0.2993311036789298 0.05578947368421053 0.061872909698996656
0 0.06631578947368422 0.32441471571906355 0.061052631578947365 0.07525083612040134
0 0.002105263157894737 0.36622073578595316 0.06842105263157895 0.07692307692307693
0 0.1694736842105263 0.4197324414715719 0.07789473684210527 0.06354515050167224
0 0.24736842105263157 0.5050167224080268 0.12 0.07859531772575251
0 0.4926315789473684 0.5434782608695652 0.14736842105263157 0.09364548494983277
0 0.771578947368421 0.5451505016722408 0.14105263157894737 0.08862876254180602
