0 0.024210526315789474 0.17725752508361203 0.02736842105263158 0.02508361204013378
0 0.024210526315789474 0.1939799331103679 0.02631578947368421 0.026755852842809364
0 0.022105263157894735 0.22073578595317725 0.02526315789473684 0.03177257525083612
0 0.0 0.26421404682274247 0.024210526315789474 0.03678929765886288
0 0.05789473684210526 0.2608695652173913 0.03894736842105263 0.046822742474916385
0 0.9431578947368421 0.30267558528428096 0.05578947368421053 0.06020066889632107
0 0.06736842105263158 0.32608695652173914 0.05894736842105263 0.07357859531772576
0 0.002105263157894737 0.35785953177257523 0.06526315789473684 0.07692307692307693
0 0.16631578947368422 0.41304347826086957 0.07052631578947369 0.061872909698996656
0 0.2326315789473684 0.5050167224080268 0.12421052631578948 0.07859531772575251
0 0.48210526315789476 0.5434782608695652 0.14526315789473684 0.09197324414715718
0 0.7610526315789473 0.540133779264214 0.1431578947368421 0.09197324414715718
