0 0.022105263157894735 0.22240802675585283 0.024210526315789474 0.030100334448160536
0 0.0010526315789473684 0.2591973244147157 0.02526315789473684 0.04013377926421405
0 0.061052631578947365 0.25752508361204013 0.035789473684210524 0.046822742474916385
0 0.9631578947368421 0.31438127090301005 0.03368421052631579 0.046822742474916385
0 0.06526315789473684 0.32274247491638797 0.05894736842105263 0.07525083612040134
0 0.0 0.3528428093645485 0.06 0.07692307692307693
0 0.15473684210526314 0.4096989966555184 0.07578947368421053 0.05852842809364549
0 0.22421052631578947 0.4983277591973244 0.11263157894736842 0.08193979933110368
0 0.45789473684210524 0.540133779264214 0.14736842105263157 0.09698996655518395
0 0.7357894736842105 0.5451505016722408 0.14421052631578948 0.08862876254180602
