0 0.7294736842105263 0.5434782608695652 0.15894736842105264 0.09364548494983277
0 0.022105263157894735 0.22240802675585283 0.024210526315789474 0.030100334448160536
0 0.0010526315789473684 0.25752508361204013 0.024210526315789474 0.04180602006688963
0 0.06 0.25752508361204013 0.03684210526315789 0.046822742474916385
0 0.9631578947368421 0.31438127090301005 0.03368421052631579 0.046822742474916385
0 0.06526315789473684 0.3210702341137124 0.05894736842105263 0.07525083612040134
0 0.0 0.3528428093645485 0.06 0.07692307692307693
0 0.15368421052631578 0.4096989966555184 0.07578947368421053 0.06020066889632107
0 0.22421052631578947 0.4983277591973244 0.11368421052631579 0.08361204013377926
0 0.45789473684210524 0.5384615384615384 0.1463157894736842 0.09866220735785954
