0 0.02 0.1939799331103679 0.02631578947368421 0.03177257525083612
0 0.021052631578947368 0.21739130434782608 0.024210526315789474 0.03177257525083612
0 0.0010526315789473684 0.2591973244147157 0.024210526315789474 0.04013377926421405
0 0.061052631578947365 0.25418060200668896 0.035789473684210524 0.048494983277591976
0 0.9652631578947368 0.31438127090301005 0.031578947368421054 0.046822742474916385
0 0.06736842105263158 0.3177257525083612 0.05263157894736842 0.0802675585284281
0 0.0 0.3511705685618729 0.05578947368421053 0.07357859531772576
0 0.1463157894736842 0.4080267558528428 0.07473684210526316 0.05852842809364549
0 0.21052631578947367 0.4983277591973244 0.11578947368421053 0.07859531772575251
0 0.4473684210526316 0.540133779264214 0.14210526315789473 0.09364548494983277
0 0.7210526315789474 0.5468227424749164 0.14842105263157895 0.08862876254180602
