0 0.022105263157894735 0.1956521739130435 0.02526315789473684 0.030100334448160536
0 0.0010526315789473684 0.2591973244147157 0.024210526315789474 0.04013377926421405
0 0.06 0.25418060200668896 0.03684210526315789 0.048494983277591976
0 0.9652631578947368 0.31270903010033446 0.031578947368421054 0.048494983277591976
0 0.06526315789473684 0.3177257525083612 0.05368421052631579 0.0802675585284281
0 0.0 0.3511705685618729 0.05578947368421053 0.07357859531772576
0 0.1463157894736842 0.4080267558528428 0.07473684210526316 0.05852842809364549
0 0.21052631578947367 0.4983277591973244 0.11578947368421053 0.0802675585284281
0 0.4473684210526316 0.540133779264214 0.1431578947368421 0.09364548494983277
0 0.7210526315789474 0.5468227424749164 0.14842105263157895 0.08862876254180602
