0 0.02 0.19230769230769232 0.02736842105263158 0.03177257525083612
0 0.022105263157894735 0.21906354515050167 0.02526315789473684 0.03177257525083612
0 0.0 0.2491638795986622 0.02736842105263158 0.038461538461538464
0 0.06421052631578947 0.25585284280936454 0.03263157894736842 0.043478260869565216
0 0.968421052631579 0.31438127090301005 0.029473684210526315 0.046822742474916385
0 0.06526315789473684 0.3177257525083612 0.05263157894736842 0.07692307692307693
0 0.002105263157894737 0.3494983277591973 0.05052631578947368 0.07357859531772576
0 0.1431578947368421 0.40468227424749165 0.07052631578947369 0.06020066889632107
0 0.20526315789473684 0.4983277591973244 0.11263157894736842 0.07357859531772576
0 0.4378947368421053 0.5384615384615384 0.13789473684210526 0.0903010033444816
0 0.7147368421052631 0.5484949832775919 0.1463157894736842 0.08862876254180602
