0 0.018947368421052633 0.19230769230769232 0.02631578947368421 0.03177257525083612
0 0.021052631578947368 0.21906354515050167 0.024210526315789474 0.033444816053511704
0 0.0 0.2491638795986622 0.028421052631578948 0.038461538461538464
0 0.06421052631578947 0.25585284280936454 0.03368421052631579 0.043478260869565216
0 0.06210526315789474 0.3076923076923077 0.05263157894736842 0.06856187290969899
0 0.002105263157894737 0.34782608695652173 0.04842105263157895 0.07190635451505016
0 0.13789473684210526 0.3996655518394649 0.06947368421052631 0.06521739130434782
0 0.2 0.49665551839464883 0.10631578947368421 0.07357859531772576
0 0.42210526315789476 0.5351170568561873 0.1431578947368421 0.09197324414715718
0 0.7042105263157895 0.5518394648829431 0.1463157894736842 0.08528428093645485
