0 0.017894736842105262 0.1939799331103679 0.028421052631578948 0.033444816053511704
0 0.021052631578947368 0.2157190635451505 0.024210526315789474 0.033444816053511704
0 0.003157894736842105 0.24581939799331104 0.02526315789473684 0.03678929765886288
0 0.061052631578947365 0.2491638795986622 0.034736842105263156 0.04013377926421405
0 0.06 0.2993311036789298 0.05157894736842105 0.07525083612040134
0 0.002105263157894737 0.3311036789297659 0.03894736842105263 0.07525083612040134
0 0.12421052631578948 0.3963210702341137 0.07052631578947369 0.05852842809364549
0 0.18105263157894738 0.48494983277591974 0.10421052631578948 0.07190635451505016
0 0.41578947368421054 0.5367892976588629 0.12736842105263158 0.08695652173913043
0 0.6789473684210526 0.5535117056856187 0.14736842105263157 0.08528428093645485
