0 0.8347368421052631 0.5167224080267558 0.16210526315789472 0.1020066889632107
0 0.007368421052631579 0.22240802675585283 0.02526315789473684 0.03678929765886288
0 0.06210526315789474 0.23578595317725753 0.03263157894736842 0.03511705685618729
0 0.05894736842105263 0.26755852842809363 0.03894736842105263 0.04180602006688963
0 0.05789473684210526 0.28762541806020064 0.042105263157894736 0.04013377926421405
0 -0.0010526315789473684 0.3010033444816054 0.022105263157894735 0.06020066889632107
0 0.08105263157894736 0.35618729096989965 0.05894736842105263 0.05852842809364549
0 0.08736842105263158 0.44648829431438125 0.08315789473684211 0.06354515050167224
0 0.26842105263157895 0.5050167224080268 0.14421052631578948 0.08361204013377926
0 0.5378947368421053 0.5518394648829431 0.12947368421052632 0.08528428093645485
