0 0.8315789473684211 0.5250836120401338 0.1631578947368421 0.10033444816053512
0 0.008421052631578947 0.22073578595317725 0.02526315789473684 0.03678929765886288
0 0.06315789473684211 0.2391304347826087 0.03368421052631579 0.03511705685618729
0 0.06 0.26421404682274247 0.03894736842105263 0.04180602006688963
0 0.05789473684210526 0.28595317725752506 0.04105263157894737 0.038461538461538464
0 -0.002105263157894737 0.2993311036789298 0.021052631578947368 0.061872909698996656
0 0.08 0.3511705685618729 0.056842105263157895 0.05852842809364549
0 0.08 0.43478260869565216 0.08421052631578947 0.06856187290969899
0 0.2631578947368421 0.5033444816053512 0.1368421052631579 0.08528428093645485
0 0.52 0.5535117056856187 0.14210526315789473 0.08361204013377926
