0 0.00631578947368421 0.22073578595317725 0.02631578947368421 0.03678929765886288
0 0.06315789473684211 0.2391304347826087 0.03368421052631579 0.03511705685618729
0 0.06 0.26588628762541805 0.04 0.04013377926421405
0 0.05789473684210526 0.28595317725752506 0.042105263157894736 0.038461538461538464
0 -0.0010526315789473684 0.3010033444816054 0.021052631578947368 0.06020066889632107
0 0.08 0.3528428093645485 0.056842105263157895 0.05852842809364549
0 0.08 0.43478260869565216 0.08421052631578947 0.06856187290969899
0 0.2631578947368421 0.5050167224080268 0.13578947368421052 0.08361204013377926
0 0.5210526315789473 0.5535117056856187 0.14105263157894737 0.08361204013377926
0 0.8442105263157895 0.5418060200668896 0.14421052631578948 0.07859531772575251
