0 0.007368421052631579 0.22073578595317725 0.024210526315789474 0.033444816053511704
0 0.06315789473684211 0.225752508361204 0.030526315789473683 0.03177257525083612
0 0.06210526315789474 0.2408026755852843 0.03263157894736842 0.03511705685618729
0 0.05894736842105263 0.26588628762541805 0.04 0.0451505016722408
0 -0.0010526315789473684 0.28595317725752506 0.021052631578947368 0.05518394648829431
0 0.07789473684210527 0.34615384615384615 0.05052631578947368 0.048494983277591976
0 0.06947368421052631 0.4331103678929766 0.08 0.06354515050167224
0 0.24210526315789474 0.5016722408026756 0.13578947368421052 0.0802675585284281
0 0.49894736842105264 0.5518394648829431 0.14 0.08361204013377926
0 0.8189473684210526 0.5418060200668896 0.15157894736842106 0.0802675585284281
