0 0.009473684210526316 0.22240802675585283 0.022105263157894735 0.028428093645484948
0 0.06421052631578947 0.22408026755852842 0.029473684210526315 0.03177257525083612
0 0.06210526315789474 0.24247491638795987 0.03263157894736842 0.03678929765886288
0 0.05894736842105263 0.26588628762541805 0.03894736842105263 0.04180602006688963
0 -0.002105263157894737 0.2842809364548495 0.021052631578947368 0.05518394648829431
0 0.07578947368421053 0.34448160535117056 0.05157894736842105 0.048494983277591976
0 0.06526315789473684 0.4297658862876254 0.07473684210526316 0.061872909698996656
0 0.24421052631578946 0.49498327759197325 0.11578947368421053 0.08528428093645485
0 0.49473684210526314 0.5501672240802675 0.13894736842105262 0.08695652173913043
0 0.8105263157894737 0.5451505016722408 0.15263157894736842 0.07190635451505016
