0 0.009473684210526316 0.22073578595317725 0.023157894736842106 0.03177257525083612
0 0.06315789473684211 0.22408026755852842 0.030526315789473683 0.033444816053511704
0 0.06210526315789474 0.2408026755852843 0.03368421052631579 0.03511705685618729
0 0.05789473684210526 0.26588628762541805 0.04105263157894737 0.04180602006688963
0 -0.002105263157894737 0.2826086956521739 0.021052631578947368 0.05518394648829431
0 0.07052631578947369 0.33612040133779264 0.05157894736842105 0.05852842809364549
0 0.05789473684210526 0.42642140468227424 0.07684210526315789 0.061872909698996656
0 0.22631578947368422 0.49498327759197325 0.12736842105263158 0.07859531772575251
0 0.4936842105263158 0.5484949832775919 0.12 0.08528428093645485
0 0.7936842105263158 0.5468227424749164 0.15368421052631578 0.07692307692307693
