0 0.009473684210526316 0.22073578595317725 0.021052631578947368 0.028428093645484948
0 0.06421052631578947 0.22240802675585283 0.028421052631578948 0.03177257525083612
0 0.06210526315789474 0.24414715719063546 0.03263157894736842 0.03177257525083612
0 0.05894736842105263 0.26588628762541805 0.037894736842105266 0.04013377926421405
0 -0.002105263157894737 0.2842809364548495 0.021052631578947368 0.051839464882943144
0 0.07263157894736842 0.3377926421404682 0.04842105263157895 0.048494983277591976
0 0.05263157894736842 0.42474916387959866 0.07684210526315789 0.05852842809364549
0 0.22 0.4916387959866221 0.11894736842105263 0.08361204013377926
0 0.4705263157894737 0.5501672240802675 0.1368421052631579 0.08528428093645485
0 0.78 0.5468227424749164 0.15894736842105264 0.08361204013377926
