0 0.76 0.5434782608695652 0.16842105263157894 0.09197324414715718
0 0.010526315789473684 0.22073578595317725 0.02 0.028428093645484948
0 0.06315789473684211 0.22073578595317725 0.029473684210526315 0.033444816053511704
0 0.06210526315789474 0.24414715719063546 0.03263157894736842 0.03177257525083612
0 0.05894736842105263 0.26588628762541805 0.037894736842105266 0.038461538461538464
0 -0.002105263157894737 0.2842809364548495 0.021052631578947368 0.051839464882943144
0 0.07263157894736842 0.33444816053511706 0.045263157894736845 0.05016722408026756
0 0.04842105263157895 0.41471571906354515 0.07263157894736842 0.061872909698996656
0 0.2031578947368421 0.4866220735785953 0.12842105263157894 0.08862876254180602
0 0.4694736842105263 0.5468227424749164 0.12210526315789473 0.08695652173913043
