0 0.7547368421052632 0.5434782608695652 0.1694736842105263 0.09866220735785954
0 0.010526315789473684 0.21906354515050167 0.02 0.028428093645484948
0 0.06210526315789474 0.22073578595317725 0.030526315789473683 0.03511705685618729
0 0.061052631578947365 0.24247491638795987 0.034736842105263156 0.03511705685618729
0 0.05894736842105263 0.26588628762541805 0.03684210526315789 0.038461538461538464
0 -0.002105263157894737 0.2809364548494983 0.021052631578947368 0.05518394648829431
0 0.07263157894736842 0.33277591973244147 0.04421052631578947 0.048494983277591976
0 0.04631578947368421 0.41304347826086957 0.06842105263157895 0.06354515050167224
0 0.19894736842105262 0.4882943143812709 0.12210526315789473 0.08193979933110368
0 0.44526315789473686 0.5484949832775919 0.14210526315789473 0.08361204013377926
