0 0.7368421052631579 0.5451505016722408 0.1736842105263158 0.09364548494983277
0 0.01263157894736842 0.2157190635451505 0.028421052631578948 0.030100334448160536
0 0.06315789473684211 0.22073578595317725 0.028421052631578948 0.033444816053511704
0 0.061052631578947365 0.24414715719063546 0.03368421052631579 0.03177257525083612
0 0.05894736842105263 0.26755852842809363 0.03684210526315789 0.03678929765886288
0 -0.002105263157894737 0.2792642140468227 0.021052631578947368 0.051839464882943144
0 0.07157894736842105 0.3311036789297659 0.0431578947368421 0.046822742474916385
0 0.042105263157894736 0.40468227424749165 0.06947368421052631 0.06521739130434782
0 0.1968421052631579 0.4765886287625418 0.11157894736842106 0.08862876254180602
0 0.44105263157894736 0.5484949832775919 0.1336842105263158 0.08193979933110368
