0 0.011578947368421053 0.2157190635451505 0.029473684210526315 0.030100334448160536
0 0.06315789473684211 0.21906354515050167 0.028421052631578948 0.033444816053511704
0 0.06 0.24414715719063546 0.035789473684210524 0.03678929765886288
0 0.05894736842105263 0.26588628762541805 0.03684210526315789 0.03511705685618729
0 0.9389473684210526 0.25585284280936454 0.05789473684210526 0.043478260869565216
0 -0.002105263157894737 0.27759197324414714 0.021052631578947368 0.051839464882943144
0 0.07368421052631578 0.3294314381270903 0.03894736842105263 0.046822742474916385
0 0.03368421052631579 0.40635451505016723 0.07052631578947369 0.05852842809364549
0 0.17894736842105263 0.4765886287625418 0.12526315789473685 0.08695652173913043
0 0.42210526315789476 0.5468227424749164 0.14210526315789473 0.08528428093645485
0 0.7315789473684211 0.5551839464882943 0.15263157894736842 0.07692307692307693
