0 0.011578947368421053 0.2157190635451505 0.029473684210526315 0.030100334448160536
0 0.06315789473684211 0.21906354515050167 0.028421052631578948 0.033444816053511704
0 0.061052631578947365 0.24581939799331104 0.03368421052631579 0.033444816053511704
0 0.0 0.2709030100334448 0.02 0.04180602006688963
0 0.06 0.26588628762541805 0.035789473684210524 0.03511705685618729
0 0.07052631578947369 0.32441471571906355 0.03894736842105263 0.04180602006688963
0 0.034736842105263156 0.40468227424749165 0.061052631578947365 0.05518394648829431
0 0.17684210526315788 0.4765886287625418 0.11157894736842106 0.08193979933110368
0 0.42 0.5451505016722408 0.12947368421052632 0.08361204013377926
0 0.728421052631579 0.5568561872909699 0.14736842105263157 0.07525083612040134
