0 0.02 0.2040133779264214 0.021052631578947368 0.023411371237458192
0 0.01368421052631579 0.2140468227424749 0.028421052631578948 0.030100334448160536
0 0.06315789473684211 0.21906354515050167 0.028421052631578948 0.033444816053511704
0 0.06 0.24414715719063546 0.035789473684210524 0.03511705685618729
0 -0.0010526315789473684 0.2692307692307692 0.021052631578947368 0.043478260869565216
0 0.06210526315789474 0.26421404682274247 0.03368421052631579 0.033444816053511704
0 0.06736842105263158 0.3193979933110368 0.037894736842105266 0.043478260869565216
0 0.02736842105263158 0.39297658862876256 0.06315789473684211 0.056856187290969896
0 0.15578947368421053 0.4682274247491639 0.11368421052631579 0.08193979933110368
0 0.3989473684210526 0.5451505016722408 0.12421052631578948 0.07859531772575251
0 0.7052631578947368 0.5585284280936454 0.14842105263157895 0.07190635451505016
