0 0.017894736842105262 0.2040133779264214 0.022105263157894735 0.023411371237458192
0 0.01368421052631579 0.2157190635451505 0.028421052631578948 0.030100334448160536
0 0.06315789473684211 0.21906354515050167 0.029473684210526315 0.033444816053511704
0 0.06 0.24414715719063546 0.035789473684210524 0.03678929765886288
0 -0.002105263157894737 0.26588628762541805 0.021052631578947368 0.04180602006688963
0 0.06210526315789474 0.2625418060200669 0.03263157894736842 0.03511705685618729
0 0.06631578947368422 0.31438127090301005 0.03684210526315789 0.043478260869565216
0 0.02526315789473684 0.3862876254180602 0.06 0.06020066889632107
0 0.15263157894736842 0.4665551839464883 0.10421052631578948 0.08193979933110368
0 0.391578947368421 0.5434782608695652 0.12210526315789473 0.07859531772575251
0 0.6810526315789474 0.5568561872909699 0.16 0.07525083612040134
