0 0.015789473684210527 0.20234113712374582 0.024210526315789474 0.026755852842809364
0 0.014736842105263158 0.21237458193979933 0.02736842105263158 0.03177257525083612
0 0.06315789473684211 0.21739130434782608 0.029473684210526315 0.03511705685618729
0 0.05894736842105263 0.24247491638795987 0.03684210526315789 0.038461538461538464
0 -0.0010526315789473684 0.26421404682274247 0.021052631578947368 0.04180602006688963
0 0.06210526315789474 0.2608695652173913 0.03368421052631579 0.038461538461538464
0 0.06736842105263158 0.31270903010033446 0.03368421052631579 0.04180602006688963
0 0.023157894736842106 0.38461538461538464 0.05789473684210526 0.056856187290969896
0 0.14105263157894737 0.46321070234113715 0.11157894736842106 0.08193979933110368
0 0.37473684210526315 0.5434782608695652 0.12631578947368421 0.07692307692307693
0 0.6768421052631579 0.5568561872909699 0.15368421052631578 0.07692307692307693
