0 0.015789473684210527 0.19899665551839466 0.024210526315789474 0.028428093645484948
0 0.06 0.2040133779264214 0.021052631578947368 0.021739130434782608
0 0.06421052631578947 0.22240802675585283 0.028421052631578948 0.030100334448160536
0 0.061052631578947365 0.2408026755852843 0.03368421052631579 0.038461538461538464
0 -0.0010526315789473684 0.2608695652173913 0.022105263157894735 0.04180602006688963
0 0.06526315789473684 0.3060200668896321 0.03368421052631579 0.0451505016722408
0 0.016842105263157894 0.38294314381270905 0.05157894736842105 0.043478260869565216
0 0.11789473684210526 0.45484949832775917 0.10210526315789474 0.07357859531772576
0 0.34210526315789475 0.5384615384615384 0.12631578947368421 0.07859531772575251
0 0.6326315789473684 0.5585284280936454 0.16210526315789472 0.07357859531772576
