0 0.015789473684210527 0.19899665551839466 0.024210526315789474 0.028428093645484948
0 0.06 0.2040133779264214 0.021052631578947368 0.021739130434782608
0 0.06421052631578947 0.22240802675585283 0.028421052631578948 0.030100334448160536
0 0.06 0.2408026755852843 0.034736842105263156 0.038461538461538464
0 -0.0010526315789473684 0.2608695652173913 0.022105263157894735 0.04180602006688963
0 0.06421052631578947 0.3060200668896321 0.034736842105263156 0.0451505016722408
0 0.017894736842105262 0.38127090301003347 0.05052631578947368 0.0451505016722408
0 0.11894736842105263 0.45484949832775917 0.10105263157894737 0.07357859531772576
0 0.3410526315789474 0.540133779264214 0.12736842105263158 0.07692307692307693
0 0.6326315789473684 0.5585284280936454 0.16105263157894736 0.07357859531772576
0 0.868421052631579 0.5384615384615384 0.1336842105263158 0.08361204013377926
