0 0.014736842105263158 0.19899665551839466 0.02631578947368421 0.030100334448160536
0 0.06 0.2040133779264214 0.022105263157894735 0.023411371237458192
0 0.06315789473684211 0.22073578595317725 0.030526315789473683 0.033444816053511704
0 0.061052631578947365 0.24247491638795987 0.03263157894736842 0.03678929765886288
0 -0.002105263157894737 0.2591973244147157 0.023157894736842106 0.043478260869565216
0 0.06421052631578947 0.2959866220735786 0.031578947368421054 0.04180602006688963
0 0.02 0.38127090301003347 0.0431578947368421 0.04180602006688963
0 0.11368421052631579 0.4498327759197324 0.09263157894736843 0.07525083612040134
0 0.94 0.4431438127090301 0.061052631578947365 0.07525083612040134
0 0.33052631578947367 0.5284280936454849 0.12210526315789473 0.08528428093645485
0 0.8705263157894737 0.5418060200668896 0.12736842105263158 0.07859531772575251
0 0.628421052631579 0.568561872909699 0.15263157894736842 0.06688963210702341
