0 0.015789473684210527 0.19732441471571907 0.02526315789473684 0.030100334448160536
0 0.06 0.20066889632107024 0.023157894736842106 0.02508361204013378
0 0.06210526315789474 0.24414715719063546 0.03263157894736842 0.03678929765886288
0 -0.002105263157894737 0.25585284280936454 0.023157894736842106 0.0451505016722408
0 0.06315789473684211 0.2976588628762542 0.031578947368421054 0.04013377926421405
0 0.015789473684210527 0.36789297658862874 0.04421052631578947 0.046822742474916385
0 0.10947368421052632 0.44648829431438125 0.08842105263157894 0.07525083612040134
0 0.9336842105263158 0.4414715719063545 0.06631578947368422 0.07859531772575251
0 0.31894736842105265 0.5267558528428093 0.1231578947368421 0.08695652173913043
0 0.848421052631579 0.5418060200668896 0.13473684210526315 0.0802675585284281
0 0.6063157894736843 0.5668896321070234 0.16 0.06856187290969899
