0 0.01368421052631579 0.19732441471571907 0.02631578947368421 0.030100334448160536
0 0.05894736842105263 0.20066889632107024 0.024210526315789474 0.02508361204013378
0 0.06315789473684211 0.22240802675585283 0.030526315789473683 0.033444816053511704
0 0.061052631578947365 0.24247491638795987 0.03368421052631579 0.03511705685618729
0 -0.002105263157894737 0.25752508361204013 0.024210526315789474 0.043478260869565216
0 0.06421052631578947 0.29431438127090304 0.030526315789473683 0.038461538461538464
0 0.01368421052631579 0.36454849498327757 0.04421052631578947 0.048494983277591976
0 0.0968421052631579 0.4431438127090301 0.09368421052631579 0.07692307692307693
0 0.9210526315789473 0.4397993311036789 0.08 0.08193979933110368
0 0.3042105263157895 0.5267558528428093 0.12631578947368421 0.08528428093645485
0 0.8410526315789474 0.5418060200668896 0.12736842105263158 0.0802675585284281
0 0.6052631578947368 0.5702341137123745 0.14736842105263157 0.06688963210702341
