0 0.015789473684210527 0.19732441471571907 0.02526315789473684 0.028428093645484948
0 0.06 0.20234113712374582 0.023157894736842106 0.023411371237458192
0 0.06210526315789474 0.22073578595317725 0.030526315789473683 0.03177257525083612
0 0.0 0.24581939799331104 0.022105263157894735 0.04180602006688963
0 0.061052631578947365 0.24247491638795987 0.03263157894736842 0.03678929765886288
0 0.06631578947368422 0.29264214046822745 0.029473684210526315 0.038461538461538464
0 0.011578947368421053 0.36454849498327757 0.04421052631578947 0.046822742474916385
0 0.09052631578947369 0.4280936454849498 0.08736842105263158 0.08528428093645485
0 0.9178947368421052 0.43478260869565216 0.08315789473684211 0.09197324414715718
0 0.29157894736842105 0.5267558528428093 0.12842105263157894 0.07859531772575251
0 0.8252631578947368 0.5434782608695652 0.13473684210526315 0.07859531772575251
0 0.5821052631578948 0.5702341137123745 0.15894736842105264 0.06521739130434782
