0 0.017894736842105262 0.1505016722408027 0.03684210526315789 0.023411371237458192
0 0.015789473684210527 0.19732441471571907 0.02526315789473684 0.026755852842809364
0 0.05894736842105263 0.20234113712374582 0.024210526315789474 0.023411371237458192
0 0.06210526315789474 0.22240802675585283 0.031578947368421054 0.03177257525083612
0 0.0 0.24414715719063546 0.023157894736842106 0.04180602006688963
0 0.06210526315789474 0.24247491638795987 0.031578947368421054 0.03678929765886288
0 0.06421052631578947 0.29264214046822745 0.030526315789473683 0.03678929765886288
0 0.011578947368421053 0.3595317725752508 0.04105263157894737 0.048494983277591976
0 0.0863157894736842 0.431438127090301 0.08526315789473685 0.07859531772575251
0 0.9094736842105263 0.4397993311036789 0.08842105263157894 0.0903010033444816
0 0.2831578947368421 0.520066889632107 0.12 0.08193979933110368
0 0.8147368421052632 0.5451505016722408 0.13157894736842105 0.07692307692307693
0 0.58 0.5702341137123745 0.1463157894736842 0.06688963210702341
