0 0.018947368421052633 0.1505016722408027 0.034736842105263156 0.021739130434782608
0 0.015789473684210527 0.19732441471571907 0.02526315789473684 0.026755852842809364
0 0.05894736842105263 0.20066889632107024 0.023157894736842106 0.023411371237458192
0 0.061052631578947365 0.22408026755852842 0.03263157894736842 0.03177257525083612
0 -0.002105263157894737 0.24247491638795987 0.028421052631578948 0.0451505016722408
0 0.061052631578947365 0.2391304347826087 0.03368421052631579 0.03678929765886288
0 0.06210526315789474 0.28762541806020064 0.03368421052631579 0.03511705685618729
0 0.010526315789473684 0.35618729096989965 0.03684210526315789 0.046822742474916385
0 0.06947368421052631 0.42642140468227424 0.08526315789473685 0.07692307692307693
0 0.8852631578947369 0.44816053511705684 0.10736842105263159 0.08361204013377926
0 0.25894736842105265 0.5167224080267558 0.12210526315789473 0.07859531772575251
0 0.7873684210526316 0.5451505016722408 0.13578947368421052 0.0802675585284281
0 0.5536842105263158 0.568561872909699 0.14842105263157895 0.06688963210702341
