0 0.014736842105263158 0.1956521739130435 0.02631578947368421 0.026755852842809364
0 0.05894736842105263 0.20066889632107024 0.02526315789473684 0.02508361204013378
0 0.061052631578947365 0.22742474916387959 0.03263157894736842 0.030100334448160536
0 -0.0010526315789473684 0.24414715719063546 0.02631578947368421 0.043478260869565216
0 0.06 0.24247491638795987 0.03263157894736842 0.033444816053511704
0 0.06421052631578947 0.28595317725752506 0.030526315789473683 0.03678929765886288
0 0.007368421052631579 0.3494983277591973 0.04105263157894737 0.04013377926421405
0 0.06631578947368422 0.4197324414715719 0.08105263157894736 0.08193979933110368
0 0.8789473684210526 0.44481605351170567 0.10210526315789474 0.0903010033444816
0 0.24842105263157896 0.520066889632107 0.11578947368421053 0.07357859531772576
0 0.7694736842105263 0.5518394648829431 0.14421052631578948 0.0802675585284281
0 0.5347368421052632 0.5702341137123745 0.15473684210526314 0.06688963210702341
