0 0.014736842105263158 0.1939799331103679 0.02631578947368421 0.028428093645484948
0 0.056842105263157895 0.19899665551839466 0.024210526315789474 0.02508361204013378
0 -0.002105263157894737 0.24247491638795987 0.02736842105263158 0.04013377926421405
0 0.061052631578947365 0.23745819397993312 0.03263157894736842 0.03678929765886288
0 0.06526315789473684 0.2826086956521739 0.029473684210526315 0.038461538461538464
0 0.007368421052631579 0.34615384615384615 0.04 0.043478260869565216
0 0.06210526315789474 0.4180602006688963 0.07684210526315789 0.07859531772575251
0 0.8757894736842106 0.44816053511705684 0.10421052631578948 0.08695652173913043
0 0.2336842105263158 0.5150501672240803 0.11789473684210526 0.07859531772575251
0 0.5168421052631579 0.5518394648829431 0.15368421052631578 0.08361204013377926
0 0.7578947368421053 0.5484949832775919 0.14210526315789473 0.0802675585284281
