0 0.01368421052631579 0.1939799331103679 0.02631578947368421 0.028428093645484948
0 0.056842105263157895 0.19732441471571907 0.024210526315789474 0.02508361204013378
0 0.061052631578947365 0.22742474916387959 0.03368421052631579 0.03177257525083612
0 -0.0010526315789473684 0.2408026755852843 0.028421052631578948 0.04180602006688963
0 0.06210526315789474 0.2408026755852843 0.030526315789473683 0.033444816053511704
0 0.06315789473684211 0.2692307692307692 0.030526315789473683 0.04180602006688963
0 0.002105263157894737 0.33612040133779264 0.03684210526315789 0.048494983277591976
0 0.04631578947368421 0.40635451505016723 0.08105263157894736 0.0802675585284281
0 0.8473684210526315 0.45819397993311034 0.11263157894736842 0.09197324414715718
0 0.21052631578947367 0.5100334448160535 0.11789473684210526 0.0802675585284281
0 0.508421052631579 0.5501672240802675 0.14210526315789473 0.08193979933110368
0 0.7326315789473684 0.5501672240802675 0.14105263157894737 0.08193979933110368
