0 0.008421052631578947 0.1939799331103679 0.02 0.026755852842809364
0 0.05789473684210526 0.19899665551839466 0.023157894736842106 0.023411371237458192
0 0.06210526315789474 0.225752508361204 0.031578947368421054 0.03177257525083612
0 0.0010526315789473684 0.2391304347826087 0.02736842105263158 0.04180602006688963
0 0.061052631578947365 0.2408026755852843 0.031578947368421054 0.033444816053511704
0 0.06421052631578947 0.2692307692307692 0.029473684210526315 0.04013377926421405
0 0.003157894736842105 0.3377926421404682 0.035789473684210524 0.046822742474916385
0 0.04631578947368421 0.4080267558528428 0.07263157894736842 0.07357859531772576
0 0.828421052631579 0.45819397993311034 0.12736842105263158 0.09197324414715718
0 0.20210526315789473 0.5066889632107023 0.11368421052631579 0.07357859531772576
0 0.48 0.5551839464882943 0.16210526315789472 0.07525083612040134
0 0.7178947368421053 0.5535117056856187 0.14421052631578948 0.07692307692307693
