0 0.009473684210526316 0.19230769230769232 0.02 0.028428093645484948
0 0.05578947368421053 0.19732441471571907 0.02526315789473684 0.02508361204013378
0 0.05894736842105263 0.225752508361204 0.034736842105263156 0.03678929765886288
0 0.0010526315789473684 0.2391304347826087 0.02736842105263158 0.038461538461538464
0 0.06421052631578947 0.2692307692307692 0.028421052631578948 0.038461538461538464
0 0.004210526315789474 0.33444816053511706 0.03263157894736842 0.048494983277591976
0 0.04105263157894737 0.40468227424749165 0.07263157894736842 0.07692307692307693
0 0.8210526315789474 0.46153846153846156 0.1231578947368421 0.0903010033444816
0 0.19052631578947368 0.5050167224080268 0.11157894736842106 0.07357859531772576
0 0.4663157894736842 0.5535117056856187 0.15789473684210525 0.07859531772575251
0 0.7052631578947368 0.5518394648829431 0.14421052631578948 0.0802675585284281
