0 0.008421052631578947 0.19230769230769232 0.021052631578947368 0.026755852842809364
0 0.056842105263157895 0.19732441471571907 0.02526315789473684 0.02508361204013378
0 0.06 0.22408026755852842 0.03368421052631579 0.03511705685618729
0 0.003157894736842105 0.23745819397993312 0.02631578947368421 0.038461538461538464
0 0.06526315789473684 0.26755852842809363 0.028421052631578948 0.038461538461538464
0 0.004210526315789474 0.33277591973244147 0.031578947368421054 0.0451505016722408
0 0.035789473684210524 0.3996655518394649 0.07157894736842105 0.07023411371237458
0 0.8052631578947368 0.46321070234113715 0.12736842105263158 0.09197324414715718
0 0.18210526315789474 0.5 0.11052631578947368 0.07357859531772576
0 0.46 0.5518394648829431 0.15263157894736842 0.07859531772575251
0 0.6915789473684211 0.5535117056856187 0.14842105263157895 0.07859531772575251
