0 0.008421052631578947 0.19230769230769232 0.021052631578947368 0.026755852842809364
0 0.056842105263157895 0.19732441471571907 0.02526315789473684 0.02508361204013378
0 0.06 0.22408026755852842 0.03368421052631579 0.03511705685618729
0 0.003157894736842105 0.23745819397993312 0.02631578947368421 0.038461538461538464
0 0.06421052631578947 0.26755852842809363 0.028421052631578948 0.038461538461538464
0 0.003157894736842105 0.33277591973244147 0.03263157894736842 0.0451505016722408
0 0.034736842105263156 0.3979933110367893 0.07263157894736842 0.07190635451505016
0 0.8052631578947368 0.46488294314381273 0.12736842105263158 0.0903010033444816
0 0.18210526315789474 0.5 0.11052631578947368 0.07357859531772576
0 0.4568421052631579 0.5518394648829431 0.1568421052631579 0.07859531772575251
0 0.6915789473684211 0.5551839464882943 0.14842105263157895 0.07692307692307693
