0 0.00631578947368421 0.17558528428093645 0.022105263157894735 0.030100334448160536
0 0.007368421052631579 0.19230769230769232 0.022105263157894735 0.026755852842809364
0 0.056842105263157895 0.19899665551839466 0.023157894736842106 0.023411371237458192
0 0.06 0.22408026755852842 0.03368421052631579 0.03511705685618729
0 0.003157894736842105 0.23745819397993312 0.02631578947368421 0.038461538461538464
0 0.06421052631578947 0.26755852842809363 0.029473684210526315 0.03678929765886288
0 0.003157894736842105 0.32274247491638797 0.031578947368421054 0.04180602006688963
0 0.030526315789473683 0.39464882943143814 0.07263157894736842 0.07525083612040134
0 0.7957894736842105 0.4682274247491639 0.13473684210526315 0.09364548494983277
0 0.17473684210526316 0.4983277591973244 0.10736842105263159 0.07190635451505016
0 0.4378947368421053 0.5535117056856187 0.16 0.07859531772575251
0 0.6863157894736842 0.5535117056856187 0.13473684210526315 0.0802675585284281
