0 0.8086734693877551 0.4088541666666667 0.19047619047619047 0.4401041666666667
0 0.6981292517006803 0.0234375 0.03231292517006803 0.03125
0 0.6445578231292517 0.046875 0.04336734693877551 0.036458333333333336
0 0.6658163265306123 0.0390625 0.031462585034013606 0.03515625
0 0.7414965986394558 0.040364583333333336 0.030612244897959183 0.040364583333333336
0 0.7933673469387755 0.0390625 0.03231292517006803 0.04296875
0 0.6275510204081632 0.07291666666666667 0.05187074829931973 0.08463541666666667
0 0.7321428571428571 0.08854166666666667 0.04421768707482993 0.040364583333333336
0 0.7278911564625851 0.09635416666666667 0.05272108843537415 0.08333333333333333
0 0.8112244897959183 0.09375 0.05782312925170068 0.08463541666666667
