0 0.7806122448979592 0.33203125 0.1913265306122449 0.3541666666666667
0 0.6964285714285714 0.022135416666666668 0.031462585034013606 0.032552083333333336
0 0.6445578231292517 0.046875 0.04421768707482993 0.036458333333333336
0 0.6658163265306123 0.040364583333333336 0.03231292517006803 0.036458333333333336
0 0.7423469387755102 0.0390625 0.03231292517006803 0.0390625
0 0.7916666666666666 0.040364583333333336 0.031462585034013606 0.04296875
0 0.7380952380952381 0.0703125 0.034013605442176874 0.037760416666666664
0 0.6267006802721088 0.07291666666666667 0.05357142857142857 0.0859375
0 0.7253401360544217 0.08984375 0.05272108843537415 0.078125
0 0.8154761904761905 0.10026041666666667 0.06377551020408163 0.11197916666666667
