0 0.7746598639455783 0.3059895833333333 0.18452380952380953 0.33203125
0 0.6955782312925171 0.022135416666666668 0.03316326530612245 0.033854166666666664
0 0.7482993197278912 0.03125 0.031462585034013606 0.026041666666666668
0 0.6445578231292517 0.046875 0.04421768707482993 0.036458333333333336
0 0.7423469387755102 0.037760416666666664 0.03316326530612245 0.037760416666666664
0 0.7916666666666666 0.040364583333333336 0.03231292517006803 0.044270833333333336
0 0.7372448979591837 0.0703125 0.03571428571428571 0.0390625
0 0.6267006802721088 0.07161458333333333 0.05442176870748299 0.08984375
0 0.7261904761904762 0.07552083333333333 0.050170068027210885 0.08203125
0 0.8205782312925171 0.10416666666666667 0.06462585034013606 0.109375
