0 0.7678571428571429 0.30078125 0.17517006802721088 0.3072916666666667
0 0.6955782312925171 0.0234375 0.03316326530612245 0.033854166666666664
0 0.75 0.029947916666666668 0.030612244897959183 0.024739583333333332
0 0.6445578231292517 0.046875 0.04421768707482993 0.036458333333333336
0 0.7431972789115646 0.037760416666666664 0.03316326530612245 0.036458333333333336
0 0.7908163265306123 0.040364583333333336 0.031462585034013606 0.04296875
0 0.7346938775510204 0.0703125 0.036564625850340135 0.0390625
0 0.6267006802721088 0.07161458333333333 0.05442176870748299 0.09114583333333333
0 0.7270408163265306 0.07291666666666667 0.04931972789115646 0.08072916666666667
0 0.8248299319727891 0.11067708333333333 0.06462585034013606 0.1015625
